0.8828 1.3605 -0.0184 0.8667 4.2896
0.8751 1.3493 -0.0278 0.7995 3.7140
0.8700 1.3417 -0.0235 0.8299 5.4949
0.8707 1.3427 0.0490 0.6542 3.4238
0.8205 1.2484 0.3839 0.0003 1.3937
0.8509 1.3100 0.4010 0.0001 2.7980
0.8110 1.2252 0.4432 0.0000 3.5169
0.8594 1.3233 0.0490 0.6541 15.4641
0.8610 1.3262 0.0000 1.0000 3.2551
0.8586 1.3219 0.0490 0.6541 6.4105
0.8223 1.2457 0.4482 0.0000 2.1806
0.8016 1.2073 0.4287 0.0000 7.1968
0.8256 1.2559 0.4327 0.0000 1.8225
0.8090 1.2225 0.4321 0.0000 3.9945
0.8545 1.3143 0.0490 0.6541 5.3872
0.7971 1.2060 0.4719 0.0000 2.2467
0.8002 1.2098 0.4739 0.0000 3.7772
0.7908 1.1969 0.4705 0.0000 2.7022
0.7904 1.1926 0.4767 0.0000 2.1784
0.7912 1.1990 0.4649 0.0000 3.7291
0.7792 1.1805 0.4626 0.0000 2.4956
0.7855 1.1906 0.4119 0.0001 1.6506
0.7932 1.2110 0.3719 0.0004 1.3572
0.7930 1.1996 0.3870 0.0002 1.3514
0.7906 1.1883 0.4292 0.0000 14.4934
0.7902 1.2099 0.3796 0.0003 1.3631
0.7917 1.2038 0.4035 0.0001 1.3328
0.7878 1.1978 0.4068 0.0001 1.3250
0.7963 1.2027 0.4190 0.0001 3.2896
0.7942 1.2073 0.4065 0.0001 1.3389
0.7918 1.2083 0.4064 0.0001 2.0698
0.7916 1.2072 0.3893 0.0002 1.3344
0.7919 1.2050 0.3876 0.0002 1.3308
0.7931 1.2141 0.3718 0.0004 1.3639
0.7905 1.2019 0.3976 0.0002 1.3247
0.8010 1.1951 0.4500 0.0000 5.4393
0.8010 1.2146 0.4093 0.0001 1.3241
0.8021 1.2162 0.4022 0.0001 1.3243
0.8031 1.2166 0.4071 0.0001 1.3275
0.7989 1.2155 0.3896 0.0002 1.3319
0.7954 1.2062 0.4067 0.0001 8.9669
0.7989 1.2124 0.3910 0.0002 1.3814
0.7963 1.2138 0.3894 0.0002 1.3247
0.7918 1.2056 0.4113 0.0001 2.2720
0.7884 1.2074 0.3798 0.0003 1.3317
0.7903 1.2055 0.3729 0.0004 1.3295
0.7888 1.2116 0.3718 0.0004 1.3365
0.7871 1.2137 0.3731 0.0004 1.3405
0.7885 1.2143 0.3808 0.0003 1.3396
0.7893 1.2138 0.3856 0.0002 1.3561
0.7886 1.2080 0.3895 0.0002 1.3378
0.7877 1.1952 0.4132 0.0001 1.3368
0.7855 1.1855 0.4417 0.0000 1.3322
0.7904 1.2026 0.4071 0.0001 1.3448
0.7912 1.1993 0.4122 0.0001 1.3336
0.7921 1.2031 0.4192 0.0001 1.3362
0.7922 1.1974 0.4152 0.0001 1.3332
0.7910 1.1988 0.4189 0.0001 1.3380
0.7870 1.1938 0.4170 0.0001 1.3296
0.7885 1.1952 0.4170 0.0001 1.3264
0.7876 1.1901 0.4184 0.0001 1.3203
0.7872 1.1875 0.4255 0.0000 1.3242
0.7865 1.1815 0.4577 0.0000 1.3278
0.7898 1.1908 0.4178 0.0001 1.3271
0.7869 1.1856 0.4285 0.0000 1.3246
0.7854 1.1823 0.4333 0.0000 1.3254
0.7832 1.1732 0.4472 0.0000 1.3216
0.7893 1.1752 0.4510 0.0000 1.3249
0.7850 1.1781 0.4386 0.0000 1.3295
0.7856 1.1779 0.4384 0.0000 1.3255
0.7902 1.1830 0.4331 0.0000 1.3455
0.7906 1.1808 0.4343 0.0000 1.3766
0.7845 1.1823 0.4321 0.0000 1.3335
0.7855 1.1786 0.4354 0.0000 1.3263
0.7832 1.1770 0.4407 0.0000 1.3261
0.7778 1.1584 0.5133 0.0000 1.3077
0.7777 1.1629 0.4972 0.0000 1.3139
0.7833 1.1755 0.4396 0.0000 1.3220
0.7840 1.1748 0.4425 0.0000 1.3173
0.7837 1.1751 0.4406 0.0000 1.3149
0.7747 1.1537 0.5174 0.0000 1.3116
0.7802 1.1693 0.4452 0.0000 1.3177
0.7804 1.1702 0.4450 0.0000 1.3178
0.7825 1.1711 0.4320 0.0000 1.3729
0.7726 1.1469 0.5141 0.0000 1.3037
0.7893 1.1794 0.4210 0.0001 1.3740
0.7865 1.1791 0.4285 0.0000 1.3532
0.7891 1.1760 0.4232 0.0000 1.3674
0.7857 1.1766 0.4258 0.0000 1.3715
0.7774 1.1571 0.5018 0.0000 1.3077
0.7844 1.1766 0.4262 0.0000 1.3735
0.7850 1.1757 0.4362 0.0000 1.3576
0.7854 1.1756 0.4326 0.0000 1.4100
0.7857 1.1722 0.4379 0.0000 1.3300
0.7852 1.1748 0.4348 0.0000 1.3282
0.7836 1.1745 0.4344 0.0000 1.3681
0.7834 1.1755 0.4373 0.0000 1.3781
0.7722 1.1529 0.5242 0.0000 1.2965
0.7893 1.1773 0.4289 0.0000 1.3380
0.7867 1.1792 0.4299 0.0000 1.3726
0.7882 1.1791 0.4237 0.0000 1.3727
0.7743 1.1533 0.4990 0.0000 1.3041
0.7915 1.1794 0.4143 0.0001 1.3586
0.7914 1.1808 0.4117 0.0001 1.3520
0.7772 1.1515 0.4922 0.0000 1.3045
0.7915 1.1781 0.4171 0.0001 1.3530
0.7787 1.1578 0.4851 0.0000 1.3063
0.7905 1.1765 0.4173 0.0001 1.4088
0.7882 1.1756 0.4217 0.0001 1.3519
0.7880 1.1765 0.4272 0.0000 1.3721
0.7883 1.1776 0.4236 0.0000 1.3794
0.7878 1.1778 0.4259 0.0000 1.3288
0.7812 1.1617 0.4633 0.0000 1.3081
0.7900 1.1760 0.4280 0.0000 1.3579
0.7880 1.1764 0.4262 0.0000 1.3275
0.7896 1.1715 0.4297 0.0000 1.3670
0.7885 1.1760 0.4252 0.0000 1.3246
0.7877 1.1727 0.4243 0.0000 1.3603
0.7888 1.1734 0.4232 0.0000 1.5423
0.7911 1.1720 0.4215 0.0001 1.3413
0.7828 1.1654 0.4575 0.0000 1.3073
0.7906 1.1719 0.4248 0.0000 1.3032
0.7899 1.1709 0.4361 0.0000 1.3254
0.7900 1.1701 0.4334 0.0000 1.3265
0.7904 1.1744 0.4288 0.0000 1.3372
0.7896 1.1696 0.4340 0.0000 1.3192
0.7892 1.1726 0.4342 0.0000 1.3320
0.7900 1.1708 0.4411 0.0000 1.3315
0.7887 1.1690 0.4423 0.0000 1.3293
0.7886 1.1666 0.4402 0.0000 1.3304
0.7893 1.1668 0.4428 0.0000 1.3241
0.7899 1.1667 0.4424 0.0000 1.3258
0.7902 1.1664 0.4410 0.0000 1.3260
0.7906 1.1663 0.4349 0.0000 1.3285
0.7901 1.1663 0.4350 0.0000 1.3363
0.7919 1.1663 0.4339 0.0000 1.3254
0.7825 1.1511 0.4717 0.0000 1.3006
0.7906 1.1623 0.4395 0.0000 1.3265
0.7836 1.1538 0.4732 0.0000 1.2996
0.7898 1.1649 0.4432 0.0000 1.3096
0.7916 1.1666 0.4405 0.0000 1.3263
0.7893 1.1656 0.4439 0.0000 1.3092
0.7804 1.1487 0.4942 0.0000 1.2945
0.7880 1.1666 0.4481 0.0000 1.3107
0.7892 1.1666 0.4450 0.0000 1.3125
0.7833 1.1526 0.4843 0.0000 1.2966
0.7880 1.1602 0.4643 0.0000 1.3048
0.7896 1.1666 0.4462 0.0000 1.3117
0.7810 1.1420 0.5027 0.0000 1.2946
0.7946 1.1664 0.4433 0.0000 1.3308
0.7856 1.1522 0.4820 0.0000 1.2975
0.7918 1.1655 0.4409 0.0000 1.3284
0.7922 1.1633 0.4467 0.0000 1.3326
0.7917 1.1656 0.4429 0.0000 1.3259
0.7920 1.1664 0.4428 0.0000 1.3239
0.7833 1.1519 0.4819 0.0000 1.2954
0.7921 1.1698 0.4405 0.0000 1.3257
0.7920 1.1689 0.4430 0.0000 1.3268
0.7836 1.1499 0.4840 0.0000 1.2980
0.7872 1.1643 0.4538 0.0000 1.3128
0.7907 1.1672 0.4505 0.0000 1.3274
0.7902 1.1646 0.4556 0.0000 1.3290
0.7900 1.1662 0.4519 0.0000 1.3257
0.7900 1.1658 0.4538 0.0000 1.3261
0.7897 1.1659 0.4548 0.0000 1.3253
0.7904 1.1676 0.4515 0.0000 1.3214
0.7911 1.1687 0.4590 0.0000 1.3230
0.7909 1.1716 0.4582 0.0000 1.3258
0.7812 1.1500 0.5095 0.0000 1.2889
0.7911 1.1709 0.4558 0.0000 1.3260
0.7921 1.1695 0.4533 0.0000 1.3250
0.7921 1.1703 0.4534 0.0000 1.3210
0.7947 1.1649 0.4493 0.0000 1.3283
0.7922 1.1680 0.4537 0.0000 1.3273
0.7916 1.1676 0.4512 0.0000 1.3235
0.7902 1.1667 0.4572 0.0000 1.3269
0.7919 1.1672 0.4518 0.0000 1.3229
0.7924 1.1667 0.4521 0.0000 1.3237
0.7902 1.1648 0.4527 0.0000 1.3051
0.7896 1.1650 0.4536 0.0000 1.3046
0.7907 1.1654 0.4506 0.0000 1.3057
0.7942 1.1673 0.4490 0.0000 1.3257
0.7946 1.1683 0.4443 0.0000 1.3242
0.7948 1.1677 0.4440 0.0000 1.3245
0.7915 1.1670 0.4471 0.0000 1.3065
0.7943 1.1668 0.4463 0.0000 1.3257
0.7920 1.1639 0.4498 0.0000 1.3035
0.7922 1.1631 0.4495 0.0000 1.3011
0.7924 1.1625 0.4475 0.0000 1.3036
0.7918 1.1627 0.4475 0.0000 1.3036
0.7868 1.1520 0.4673 0.0000 1.2974
0.7911 1.1619 0.4452 0.0000 1.3052
0.7912 1.1620 0.4452 0.0000 1.3054
0.7894 1.1609 0.4495 0.0000 1.3035
0.7911 1.1610 0.4545 0.0000 1.3010
0.7886 1.1527 0.4788 0.0000 1.2935
0.7915 1.1633 0.4533 0.0000 1.3021
0.7973 1.1646 0.4489 0.0000 1.3246
0.7919 1.1615 0.4539 0.0000 1.3029
0.7906 1.1627 0.4539 0.0000 1.3032
0.7943 1.1663 0.4483 0.0000 1.3203
0.7919 1.1628 0.4505 0.0000 1.3028
0.7902 1.1613 0.4569 0.0000 1.2990
0.7887 1.1550 0.4657 0.0000 1.2976
0.7937 1.1530 0.4676 0.0000 1.3208
0.7895 1.1560 0.4642 0.0000 1.3006
0.7893 1.1541 0.4660 0.0000 1.2995
0.7895 1.1554 0.4648 0.0000 1.3001
0.7893 1.1568 0.4638 0.0000 1.3012
0.7837 1.1461 0.4853 0.0000 1.2929
0.7894 1.1583 0.4631 0.0000 1.3015
0.7879 1.1577 0.4653 0.0000 1.3003
0.7880 1.1581 0.4614 0.0000 1.3024
0.7882 1.1568 0.4617 0.0000 1.3011
0.7894 1.1530 0.4614 0.0000 1.2975
0.7967 1.1654 0.4488 0.0000 1.3229
0.7968 1.1652 0.4506 0.0000 1.3242
0.7905 1.1649 0.4474 0.0000 1.3071
0.7978 1.1659 0.4490 0.0000 1.3260
0.7893 1.1645 0.4493 0.0000 1.3058
0.7891 1.1646 0.4506 0.0000 1.3060
0.7888 1.1661 0.4488 0.0000 1.3064
0.7881 1.1668 0.4494 0.0000 1.3064
0.7891 1.1677 0.4457 0.0000 1.3072
0.7891 1.1679 0.4463 0.0000 1.3076
0.7883 1.1697 0.4443 0.0000 1.3072
0.7888 1.1700 0.4427 0.0000 1.3073
0.7886 1.1705 0.4431 0.0000 1.3078
0.7880 1.1709 0.4442 0.0000 1.3079
0.7876 1.1710 0.4457 0.0000 1.3089
0.7873 1.1702 0.4436 0.0000 1.3097
0.7872 1.1707 0.4434 0.0000 1.3095
0.7877 1.1716 0.4434 0.0000 1.3102
0.7878 1.1711 0.4437 0.0000 1.3097
0.7879 1.1698 0.4450 0.0000 1.3084
0.7880 1.1695 0.4479 0.0000 1.3079
0.7885 1.1702 0.4468 0.0000 1.3080
0.7869 1.1692 0.4452 0.0000 1.3090
0.7872 1.1691 0.4433 0.0000 1.3081
0.7874 1.1687 0.4424 0.0000 1.3074
0.7874 1.1687 0.4429 0.0000 1.3077
0.7876 1.1674 0.4439 0.0000 1.3065
0.7875 1.1679 0.4447 0.0000 1.3072
0.7876 1.1677 0.4441 0.0000 1.3072
0.7879 1.1680 0.4437 0.0000 1.3074
0.7873 1.1685 0.4438 0.0000 1.3077
0.7875 1.1690 0.4439 0.0000 1.3083
0.7876 1.1695 0.4432 0.0000 1.3083
0.7871 1.1694 0.4453 0.0000 1.3088
0.7873 1.1700 0.4459 0.0000 1.3090
0.7874 1.1698 0.4458 0.0000 1.3093
0.7843 1.1569 0.4739 0.0000 1.2967
0.7880 1.1714 0.4446 0.0000 1.3109
0.7872 1.1714 0.4471 0.0000 1.3125
0.7869 1.1722 0.4461 0.0000 1.3115
0.7864 1.1727 0.4467 0.0000 1.3112
0.7866 1.1610 0.4837 0.0000 1.2934
0.7867 1.1736 0.4449 0.0000 1.3123
0.7867 1.1735 0.4451 0.0000 1.3128
0.7856 1.1738 0.4461 0.0000 1.3112
0.7844 1.1718 0.4470 0.0000 1.3105
0.7850 1.1725 0.4439 0.0000 1.3102
0.7839 1.1724 0.4466 0.0000 1.3085
0.7843 1.1743 0.4441 0.0000 1.3102
0.7844 1.1741 0.4441 0.0000 1.3098
0.7844 1.1746 0.4443 0.0000 1.3105
0.7835 1.1659 0.4580 0.0000 1.3030
0.7852 1.1743 0.4442 0.0000 1.3088
0.7837 1.1733 0.4481 0.0000 1.3094
0.7837 1.1726 0.4489 0.0000 1.3090
0.7838 1.1743 0.4470 0.0000 1.3095
0.7815 1.1672 0.4575 0.0000 1.3061
0.7812 1.1661 0.4587 0.0000 1.3051
0.7812 1.1673 0.4578 0.0000 1.3053
0.7812 1.1666 0.4575 0.0000 1.3039
0.7813 1.1655 0.4597 0.0000 1.3026
0.7814 1.1663 0.4585 0.0000 1.3036
0.7813 1.1654 0.4587 0.0000 1.3037
0.7813 1.1651 0.4577 0.0000 1.3028
0.7803 1.1640 0.4582 0.0000 1.3022
0.7787 1.1598 0.4646 0.0000 1.2987
0.7789 1.1618 0.4624 0.0000 1.3005
0.7790 1.1617 0.4608 0.0000 1.2998
0.7795 1.1625 0.4588 0.0000 1.3009
0.7798 1.1620 0.4577 0.0000 1.2991
0.7789 1.1631 0.4564 0.0000 1.2999
0.7786 1.1622 0.4568 0.0000 1.2989
0.7777 1.1615 0.4593 0.0000 1.2983
0.7782 1.1637 0.4568 0.0000 1.2990
0.7778 1.1645 0.4564 0.0000 1.2992
0.7777 1.1657 0.4564 0.0000 1.2992
0.7791 1.1664 0.4503 0.0000 1.3012
0.7786 1.1666 0.4513 0.0000 1.3016
0.7785 1.1668 0.4516 0.0000 1.3021
0.7796 1.1676 0.4486 0.0000 1.3011
0.7794 1.1672 0.4491 0.0000 1.3020
0.7791 1.1674 0.4505 0.0000 1.3021
0.7795 1.1660 0.4502 0.0000 1.2994
0.7805 1.1646 0.4469 0.0000 1.2959
0.7804 1.1657 0.4481 0.0000 1.2973
0.7805 1.1657 0.4481 0.0000 1.2976
0.7807 1.1659 0.4476 0.0000 1.2978
0.7806 1.1657 0.4480 0.0000 1.2980
0.7809 1.1659 0.4465 0.0000 1.2981
0.7807 1.1660 0.4468 0.0000 1.2986
0.7810 1.1646 0.4474 0.0000 1.2972
0.7843 1.1656 0.4483 0.0000 1.3131
0.7759 1.1532 0.4802 0.0000 1.2852
0.7813 1.1671 0.4451 0.0000 1.2987
0.7814 1.1664 0.4456 0.0000 1.2978
0.7811 1.1651 0.4466 0.0000 1.2971
0.7809 1.1652 0.4469 0.0000 1.2971
0.7809 1.1653 0.4487 0.0000 1.2976
0.7818 1.1661 0.4454 0.0000 1.2972
0.7818 1.1659 0.4459 0.0000 1.2973
0.7818 1.1641 0.4485 0.0000 1.2965
0.7819 1.1636 0.4486 0.0000 1.2954
0.7815 1.1642 0.4481 0.0000 1.2959
0.7811 1.1639 0.4495 0.0000 1.2956
0.7813 1.1627 0.4506 0.0000 1.2962
0.7815 1.1637 0.4489 0.0000 1.2956
0.7800 1.1630 0.4535 0.0000 1.2965
0.7813 1.1637 0.4487 0.0000 1.2946
0.7815 1.1650 0.4477 0.0000 1.2954
0.7816 1.1646 0.4475 0.0000 1.2950
0.7818 1.1664 0.4411 0.0000 1.2987
0.7816 1.1660 0.4421 0.0000 1.2975
0.7753 1.1517 0.4798 0.0000 1.2876
0.7806 1.1645 0.4441 0.0000 1.2994
0.7802 1.1651 0.4445 0.0000 1.2985
0.7802 1.1647 0.4451 0.0000 1.2988
0.7805 1.1647 0.4443 0.0000 1.2982
0.7814 1.1656 0.4425 0.0000 1.2975
0.7812 1.1652 0.4436 0.0000 1.2981
0.7816 1.1657 0.4401 0.0000 1.2995
0.7806 1.1651 0.4443 0.0000 1.2982
0.7805 1.1638 0.4454 0.0000 1.2972
0.7808 1.1647 0.4443 0.0000 1.2971
0.7805 1.1645 0.4453 0.0000 1.2972
0.7804 1.1638 0.4444 0.0000 1.2960
0.7800 1.1637 0.4465 0.0000 1.2978
0.7800 1.1641 0.4456 0.0000 1.2970
0.7804 1.1647 0.4439 0.0000 1.2983
0.7807 1.1651 0.4439 0.0000 1.2975
0.7801 1.1644 0.4465 0.0000 1.2972
0.7806 1.1647 0.4447 0.0000 1.2970
0.7790 1.1618 0.4510 0.0000 1.2928
0.7793 1.1626 0.4489 0.0000 1.2937
0.7787 1.1630 0.4489 0.0000 1.2930
0.7786 1.1589 0.4584 0.0000 1.2922
0.7734 1.1448 0.4956 0.0000 1.2794
0.7786 1.1570 0.4605 0.0000 1.2914
0.7714 1.1427 0.4996 0.0000 1.2781
0.7786 1.1581 0.4585 0.0000 1.2910
0.7793 1.1597 0.4563 0.0000 1.2922
0.7797 1.1606 0.4541 0.0000 1.2922
0.7796 1.1597 0.4553 0.0000 1.2921
0.7798 1.1613 0.4528 0.0000 1.2933
0.7798 1.1616 0.4531 0.0000 1.2938
0.7801 1.1624 0.4539 0.0000 1.2955
0.7802 1.1624 0.4519 0.0000 1.2947
0.7808 1.1628 0.4501 0.0000 1.2946
0.7809 1.1644 0.4483 0.0000 1.2959
0.7811 1.1647 0.4472 0.0000 1.2961
0.7809 1.1645 0.4489 0.0000 1.2969
0.7808 1.1653 0.4474 0.0000 1.2963
0.7806 1.1644 0.4504 0.0000 1.2953
0.7816 1.1665 0.4456 0.0000 1.2973
0.7817 1.1662 0.4461 0.0000 1.2974
0.7820 1.1664 0.4455 0.0000 1.2977
0.7819 1.1667 0.4451 0.0000 1.2978
0.7818 1.1667 0.4460 0.0000 1.2977
0.7820 1.1667 0.4447 0.0000 1.2956
0.7819 1.1679 0.4446 0.0000 1.2988
0.7820 1.1680 0.4445 0.0000 1.2994
0.7758 1.1547 0.4680 0.0000 1.2933
0.7825 1.1678 0.4441 0.0000 1.2996
0.7825 1.1681 0.4444 0.0000 1.3005
0.7825 1.1683 0.4441 0.0000 1.3007
0.7823 1.1680 0.4456 0.0000 1.3017
0.7823 1.1684 0.4449 0.0000 1.3017
0.7765 1.1543 0.4803 0.0000 1.2861
0.7826 1.1695 0.4429 0.0000 1.3006
0.7776 1.1565 0.4809 0.0000 1.2855
0.7819 1.1693 0.4433 0.0000 1.2990
0.7775 1.1573 0.4756 0.0000 1.2861
0.7847 1.1714 0.4365 0.0000 1.3009
0.7787 1.1581 0.4718 0.0000 1.2895
0.7842 1.1712 0.4388 0.0000 1.3015
0.7845 1.1713 0.4371 0.0000 1.3024
0.7778 1.1566 0.4785 0.0000 1.2866
0.7848 1.1728 0.4343 0.0000 1.3029
0.7854 1.1747 0.4316 0.0000 1.3031
0.7778 1.1573 0.4739 0.0000 1.2880
0.7857 1.1735 0.4323 0.0000 1.3024
0.7725 1.1479 0.4888 0.0000 1.2859
0.7857 1.1727 0.4321 0.0000 1.3014
0.7867 1.1735 0.4287 0.0000 1.2997
0.7765 1.1546 0.4743 0.0000 1.2858
0.7873 1.1739 0.4283 0.0000 1.3023
0.7867 1.1722 0.4305 0.0000 1.3002
0.7878 1.1742 0.4263 0.0000 1.3028
0.7884 1.1758 0.4232 0.0000 1.3042
0.7785 1.1582 0.4716 0.0000 1.2890
0.7789 1.1582 0.4759 0.0000 1.2872
0.7912 1.1788 0.4170 0.0001 1.3178
0.7886 1.1760 0.4263 0.0000 1.3022
0.7815 1.1633 0.4518 0.0000 1.2916
0.7891 1.1766 0.4238 0.0000 1.3012
0.7796 1.1596 0.4730 0.0000 1.2901
0.7850 1.1716 0.4405 0.0000 1.2984
0.7898 1.1781 0.4206 0.0001 1.3021
0.7888 1.1765 0.4250 0.0000 1.3023
0.7895 1.1759 0.4253 0.0000 1.3029
0.7887 1.1750 0.4290 0.0000 1.3030
0.7820 1.1632 0.4558 0.0000 1.2923
0.7762 1.1516 0.4950 0.0000 1.2828
0.7894 1.1741 0.4286 0.0000 1.3030
0.7878 1.1712 0.4349 0.0000 1.3012
0.7893 1.1730 0.4312 0.0000 1.3029
0.7831 1.1587 0.4838 0.0000 1.2887
0.7889 1.1710 0.4346 0.0000 1.3015
0.7819 1.1577 0.4852 0.0000 1.2896
0.7887 1.1713 0.4359 0.0000 1.3020
0.7900 1.1734 0.4295 0.0000 1.3030
0.7898 1.1726 0.4304 0.0000 1.3021
0.7896 1.1716 0.4327 0.0000 1.3028
0.7892 1.1713 0.4345 0.0000 1.3021
0.7895 1.1723 0.4319 0.0000 1.3029
0.7895 1.1723 0.4317 0.0000 1.3026
0.7809 1.1563 0.4742 0.0000 1.2876
0.7887 1.1699 0.4381 0.0000 1.3037
0.7783 1.1518 0.4901 0.0000 1.2856
0.7891 1.1715 0.4344 0.0000 1.3042
0.7890 1.1714 0.4349 0.0000 1.3047
0.7801 1.1550 0.4807 0.0000 1.2889
0.7931 1.1763 0.4222 0.0001 1.3123
0.7889 1.1711 0.4358 0.0000 1.3049
0.7897 1.1722 0.4322 0.0000 1.3052
0.7915 1.1723 0.4382 0.0000 1.3125
0.7899 1.1717 0.4321 0.0000 1.3062
0.7889 1.1706 0.4363 0.0000 1.3065
0.7881 1.1702 0.4396 0.0000 1.3057
0.7913 1.1736 0.4294 0.0000 1.3152
0.7881 1.1700 0.4374 0.0000 1.3061
0.7890 1.1713 0.4328 0.0000 1.3061
0.7897 1.1716 0.4331 0.0000 1.3069
0.7876 1.1695 0.4407 0.0000 1.3070
0.7879 1.1694 0.4390 0.0000 1.3062
0.7887 1.1705 0.4348 0.0000 1.3070
0.7903 1.1726 0.4351 0.0000 1.3186
