1.2417 1.7602 0.2259 0.0001 1.7976
1.1900 1.7113 0.2454 0.0000 1.8020
1.1993 1.7226 0.2443 0.0000 1.8110
1.1623 1.7079 0.2203 0.0002 3.4660
1.1673 1.6844 0.2651 0.0000 1.8320
1.1896 1.7138 0.2455 0.0000 1.7426
1.1826 1.7071 0.2526 0.0000 1.7854
1.1547 1.6926 0.2539 0.0000 1.7261
1.1658 1.6995 0.2519 0.0000 1.7461
1.1734 1.7014 0.2466 0.0000 1.7363
1.1720 1.7021 0.2499 0.0000 1.7773
1.1818 1.7082 0.2402 0.0000 1.7723
1.1674 1.6944 0.2537 0.0000 1.7820
1.1744 1.7005 0.2530 0.0000 1.7894
1.1766 1.6945 0.2487 0.0000 1.7673
1.1825 1.7017 0.2409 0.0000 1.9874
1.1719 1.7004 0.2511 0.0000 1.7800
1.1712 1.6987 0.2528 0.0000 1.7871
1.1691 1.6942 0.2507 0.0000 1.7590
1.1579 1.6907 0.2522 0.0000 1.7495
1.1489 1.6727 0.2464 0.0000 1.7033
1.1499 1.6954 0.2555 0.0000 1.7311
1.1484 1.6978 0.2625 0.0000 1.7144
1.1483 1.7000 0.2438 0.0000 1.6684
1.1556 1.7090 0.2524 0.0000 1.7207
1.1637 1.7108 0.2484 0.0000 1.7229
1.1602 1.7127 0.2508 0.0000 1.7256
1.1656 1.7174 0.2428 0.0000 1.7378
1.1667 1.7176 0.2416 0.0000 1.7452
1.1584 1.7044 0.2358 0.0001 1.7023
1.1627 1.7151 0.2326 0.0001 1.6958
1.1579 1.7083 0.2384 0.0001 1.6936
1.1575 1.7039 0.2382 0.0001 1.7373
1.1766 1.7344 0.2232 0.0002 1.6956
1.1705 1.7235 0.2272 0.0001 1.6980
1.1618 1.7142 0.2333 0.0001 1.6849
1.1631 1.7148 0.2335 0.0001 1.6921
1.1589 1.7134 0.2407 0.0000 1.6718
1.1778 1.7371 0.2410 0.0000 1.6902
1.1584 1.7088 0.2452 0.0000 1.6697
1.1580 1.6981 0.2484 0.0000 1.6919
1.1539 1.6877 0.2506 0.0000 1.6883
1.1652 1.7159 0.2478 0.0000 1.6872
1.1628 1.7051 0.2426 0.0000 1.6708
1.1692 1.7160 0.2415 0.0000 1.7036
1.1711 1.7066 0.2344 0.0001 1.6990
1.1769 1.7177 0.2361 0.0001 1.6788
1.1655 1.7010 0.2379 0.0001 1.6685
1.1782 1.7243 0.2308 0.0001 1.6685
1.1672 1.7034 0.2405 0.0000 1.6935
1.1727 1.7195 0.2312 0.0001 1.6688
1.1715 1.7182 0.2310 0.0001 1.7052
1.1718 1.7137 0.2334 0.0001 1.6929
1.1725 1.7260 0.2365 0.0001 1.6864
1.1707 1.7169 0.2391 0.0000 1.6785
1.1648 1.7061 0.2401 0.0000 1.6607
1.1672 1.7137 0.2410 0.0000 1.6746
1.1718 1.7151 0.2304 0.0001 1.6840
1.1768 1.7250 0.2297 0.0001 1.6996
1.1751 1.7262 0.2319 0.0001 1.6965
1.1717 1.7188 0.2311 0.0001 1.6791
1.1793 1.7338 0.2282 0.0001 1.6736
1.1771 1.7299 0.2338 0.0001 1.6935
1.1766 1.7329 0.2336 0.0001 1.6983
1.1816 1.7441 0.2310 0.0001 1.7084
1.1741 1.7314 0.2377 0.0001 1.6716
1.1749 1.7286 0.2388 0.0000 1.6899
1.1742 1.7297 0.2409 0.0000 1.6774
1.1622 1.7127 0.2430 0.0000 1.6656
1.1702 1.7233 0.2398 0.0000 1.6632
1.1746 1.7278 0.2388 0.0000 1.6904
1.1807 1.7305 0.2338 0.0001 1.6892
1.1760 1.7181 0.2375 0.0001 1.7012
1.1829 1.7247 0.2305 0.0001 1.6830
1.1758 1.7201 0.2351 0.0001 1.6911
1.1682 1.7055 0.2417 0.0000 1.6886
1.1790 1.7255 0.2364 0.0001 1.6884
1.1820 1.7310 0.2394 0.0000 1.7012
1.1787 1.7307 0.2447 0.0000 1.6960
1.1780 1.7317 0.2390 0.0000 1.6981
1.1803 1.7349 0.2398 0.0000 1.6920
1.1901 1.7433 0.2338 0.0001 1.6919
1.1806 1.7358 0.2375 0.0001 1.6830
1.1761 1.7288 0.2403 0.0000 1.6840
1.1754 1.7261 0.2419 0.0000 1.6890
1.1790 1.7294 0.2408 0.0000 1.6861
1.1871 1.7426 0.2380 0.0001 1.6936
1.1785 1.7309 0.2394 0.0000 1.6846
1.1718 1.7208 0.2424 0.0000 1.6822
1.1878 1.7419 0.2434 0.0000 1.6802
1.1863 1.7432 0.2259 0.0001 1.6916
1.1884 1.7464 0.2262 0.0001 1.6879
1.1922 1.7512 0.2211 0.0002 1.6856
1.1835 1.7356 0.2278 0.0001 1.6773
1.1844 1.7363 0.2257 0.0001 1.6828
1.1885 1.7411 0.2243 0.0001 1.6842
1.1848 1.7417 0.2269 0.0001 1.6903
1.1891 1.7481 0.2264 0.0001 1.6868
1.1851 1.7398 0.2322 0.0001 1.6887
1.1846 1.7389 0.2355 0.0001 1.6821
1.1995 1.7612 0.2258 0.0001 1.6845
1.1960 1.7578 0.2244 0.0001 1.6929
1.1913 1.7490 0.2320 0.0001 1.6922
1.1802 1.7340 0.2386 0.0001 1.6744
1.1812 1.7339 0.2419 0.0000 1.6807
1.1891 1.7512 0.2402 0.0000 1.6855
1.1834 1.7441 0.2469 0.0000 1.6695
1.1883 1.7504 0.2359 0.0001 1.6913
1.1840 1.7451 0.2444 0.0000 1.6643
1.1789 1.7374 0.2508 0.0000 1.6751
1.1747 1.7322 0.2490 0.0000 1.6762
1.1666 1.7196 0.2537 0.0000 1.6673
1.1754 1.7326 0.2516 0.0000 1.6776
1.1778 1.7359 0.2450 0.0000 1.6820
1.1680 1.7271 0.2536 0.0000 1.6628
1.1741 1.7335 0.2503 0.0000 1.6719
1.1768 1.7361 0.2449 0.0000 1.6869
1.1723 1.7269 0.2470 0.0000 1.6811
1.1693 1.7249 0.2525 0.0000 1.6719
1.1717 1.7256 0.2550 0.0000 1.6794
1.1697 1.7209 0.2489 0.0000 1.6805
1.1703 1.7217 0.2479 0.0000 1.6750
1.1711 1.7261 0.2471 0.0000 1.6598
1.1688 1.7196 0.2484 0.0000 1.6742
1.1617 1.7079 0.2523 0.0000 1.6712
1.1666 1.7149 0.2492 0.0000 1.6770
1.1653 1.7129 0.2502 0.0000 1.6767
1.1681 1.7223 0.2519 0.0000 1.6682
1.1622 1.7134 0.2572 0.0000 1.6646
1.1629 1.7178 0.2610 0.0000 1.6547
1.1566 1.7039 0.2617 0.0000 1.6531
1.1576 1.7063 0.2624 0.0000 1.6666
1.1586 1.7092 0.2654 0.0000 1.6653
1.1592 1.7095 0.2590 0.0000 1.6632
1.1576 1.7065 0.2617 0.0000 1.6698
1.1586 1.7080 0.2628 0.0000 1.6634
1.1562 1.7062 0.2609 0.0000 1.6549
1.1557 1.7075 0.2648 0.0000 1.6632
1.1543 1.7024 0.2626 0.0000 1.6547
1.1574 1.7127 0.2668 0.0000 1.6575
1.1506 1.6988 0.2690 0.0000 1.6575
1.1534 1.7009 0.2676 0.0000 1.6510
1.1523 1.6994 0.2698 0.0000 1.6529
1.1515 1.6998 0.2709 0.0000 1.6619
1.1559 1.7081 0.2710 0.0000 1.6550
1.1490 1.6940 0.2750 0.0000 1.6572
1.1491 1.6958 0.2762 0.0000 1.6591
1.1474 1.6951 0.2812 0.0000 1.6519
1.1459 1.6938 0.2880 0.0000 1.6514
1.1433 1.6895 0.2865 0.0000 1.6463
1.1443 1.6873 0.2790 0.0000 1.6407
1.1448 1.6896 0.2814 0.0000 1.6525
1.1467 1.6931 0.2786 0.0000 1.6486
1.1492 1.7018 0.2820 0.0000 1.6498
1.1443 1.6855 0.2780 0.0000 1.6417
1.1498 1.7021 0.2849 0.0000 1.6450
1.1422 1.6881 0.2840 0.0000 1.6468
1.1383 1.6826 0.2912 0.0000 1.6429
1.1431 1.6907 0.2833 0.0000 1.6348
1.1432 1.6928 0.2836 0.0000 1.6368
1.1332 1.6642 0.2934 0.0000 1.6364
1.1346 1.6748 0.2910 0.0000 1.6358
1.1382 1.6813 0.2902 0.0000 1.6490
1.1380 1.6757 0.2856 0.0000 1.6407
1.1365 1.6705 0.2842 0.0000 1.6495
1.1373 1.6733 0.2867 0.0000 1.6516
1.1369 1.6775 0.2916 0.0000 1.6427
1.1323 1.6637 0.2887 0.0000 1.6525
1.1360 1.6722 0.2845 0.0000 1.6419
1.1320 1.6645 0.2873 0.0000 1.6418
1.1365 1.6758 0.2883 0.0000 1.6330
1.1401 1.6802 0.2824 0.0000 1.6567
1.1397 1.6760 0.2812 0.0000 1.6708
1.1407 1.6810 0.2829 0.0000 1.6606
1.1376 1.6661 0.2807 0.0000 1.6312
1.1408 1.6784 0.2849 0.0000 1.6384
1.1433 1.6833 0.2849 0.0000 1.6631
1.1367 1.6676 0.2832 0.0000 1.6525
1.1446 1.6921 0.2840 0.0000 1.6677
1.1504 1.6983 0.2801 0.0000 1.6861
1.1486 1.6955 0.2816 0.0000 1.6711
1.1457 1.6908 0.2853 0.0000 1.6745
1.1485 1.6986 0.2806 0.0000 1.6669
1.1472 1.6962 0.2794 0.0000 1.6398
1.1477 1.6921 0.2742 0.0000 1.6765
1.1486 1.7008 0.2771 0.0000 1.6621
1.1382 1.6787 0.2795 0.0000 1.6539
1.1478 1.7014 0.2759 0.0000 1.6614
1.1470 1.6964 0.2714 0.0000 1.6697
1.1449 1.6910 0.2786 0.0000 1.6555
1.1409 1.6838 0.2816 0.0000 1.6504
1.1452 1.6983 0.2804 0.0000 1.6358
1.1353 1.6755 0.2879 0.0000 1.6494
1.1374 1.6891 0.2874 0.0000 1.6708
1.1342 1.6767 0.2890 0.0000 1.6650
1.1335 1.6773 0.2906 0.0000 1.6505
1.1347 1.6830 0.2888 0.0000 1.6566
1.1392 1.6884 0.2854 0.0000 1.6473
1.1332 1.6711 0.2890 0.0000 1.6468
1.1333 1.6793 0.2914 0.0000 1.6619
1.1346 1.6862 0.2912 0.0000 1.6425
1.1290 1.6701 0.2905 0.0000 1.6508
1.1305 1.6709 0.2914 0.0000 1.6557
1.1331 1.6846 0.2901 0.0000 1.6579
1.1311 1.6762 0.2877 0.0000 1.6471
1.1326 1.6769 0.2859 0.0000 1.6652
1.1296 1.6713 0.2889 0.0000 1.6523
1.1338 1.6819 0.2869 0.0000 1.6697
1.1299 1.6737 0.2869 0.0000 1.6489
1.1304 1.6749 0.2919 0.0000 1.6443
1.1338 1.6856 0.2891 0.0000 1.6423
1.1307 1.6748 0.2880 0.0000 1.6471
1.1320 1.6787 0.2915 0.0000 1.6514
1.1344 1.6823 0.2845 0.0000 1.6485
1.1304 1.6716 0.2895 0.0000 1.6379
1.1378 1.6903 0.2850 0.0000 1.6546
1.1357 1.6854 0.2861 0.0000 1.6591
1.1346 1.6826 0.2857 0.0000 1.6546
1.1256 1.6534 0.2922 0.0000 1.6759
1.1320 1.6763 0.2913 0.0000 1.6588
1.1293 1.6630 0.2899 0.0000 1.6442
1.1278 1.6576 0.2886 0.0000 1.6517
1.1313 1.6743 0.2907 0.0000 1.6368
1.1342 1.6749 0.2871 0.0000 1.6551
1.1291 1.6598 0.2860 0.0000 1.6440
1.1301 1.6656 0.2905 0.0000 1.6410
1.1305 1.6626 0.2878 0.0000 1.6412
1.1356 1.6784 0.2856 0.0000 1.6585
1.1390 1.6863 0.2806 0.0000 1.6588
1.1295 1.6610 0.2902 0.0000 1.6389
1.1280 1.6589 0.2901 0.0000 1.6289
1.1324 1.6719 0.2926 0.0000 1.6274
1.1257 1.6517 0.2963 0.0000 1.6249
1.1309 1.6678 0.2936 0.0000 1.6363
1.1286 1.6598 0.2935 0.0000 1.6459
1.1284 1.6617 0.2981 0.0000 1.6328
1.1319 1.6675 0.2910 0.0000 1.6475
1.1262 1.6548 0.2982 0.0000 1.6603
1.1225 1.6483 0.2995 0.0000 1.6454
1.1222 1.6516 0.2999 0.0000 1.6335
1.1214 1.6518 0.3024 0.0000 1.6498
1.1264 1.6572 0.2991 0.0000 1.6643
1.1228 1.6573 0.3062 0.0000 1.6335
1.1237 1.6542 0.3024 0.0000 1.6440
1.1231 1.6520 0.3054 0.0000 1.6355
1.1188 1.6433 0.3113 0.0000 1.6471
1.1194 1.6494 0.3187 0.0000 1.6189
1.1165 1.6355 0.3161 0.0000 1.6350
1.1199 1.6435 0.3125 0.0000 1.6436
1.1214 1.6452 0.3117 0.0000 1.6348
1.1209 1.6414 0.3122 0.0000 1.6698
1.1177 1.6156 0.3109 0.0000 1.6607
1.1208 1.6440 0.3113 0.0000 1.6447
1.1182 1.6290 0.3095 0.0000 1.6275
1.1193 1.6466 0.3149 0.0000 1.6277
1.1134 1.6167 0.3202 0.0000 1.6315
1.1139 1.6255 0.3190 0.0000 1.6251
1.1123 1.6291 0.3254 0.0000 1.6152
1.1170 1.6412 0.3229 0.0000 1.6398
1.1139 1.6312 0.3252 0.0000 1.6357
1.1149 1.6333 0.3209 0.0000 1.6301
1.1119 1.6239 0.3232 0.0000 1.6412
1.1131 1.6133 0.3206 0.0000 1.6293
1.1118 1.6200 0.3226 0.0000 1.6581
1.1132 1.6071 0.3215 0.0000 1.6633
1.1104 1.6187 0.3261 0.0000 1.6143
1.1094 1.6219 0.3320 0.0000 1.6266
1.1106 1.6266 0.3285 0.0000 1.6350
1.1080 1.6148 0.3300 0.0000 1.6344
1.1089 1.6202 0.3277 0.0000 1.6301
1.1104 1.6242 0.3264 0.0000 1.6170
1.1109 1.6259 0.3269 0.0000 1.6307
1.1078 1.6178 0.3314 0.0000 1.6229
1.1083 1.6169 0.3286 0.0000 1.6371
1.1114 1.6270 0.3272 0.0000 1.6396
1.1110 1.6265 0.3270 0.0000 1.6215
1.1099 1.6262 0.3296 0.0000 1.6354
1.1078 1.6209 0.3327 0.0000 1.6375
1.1051 1.6162 0.3364 0.0000 1.6178
1.1073 1.6205 0.3317 0.0000 1.6363
1.1049 1.6092 0.3347 0.0000 1.6394
1.1064 1.6238 0.3361 0.0000 1.6330
1.1065 1.6226 0.3336 0.0000 1.6202
1.1048 1.6113 0.3370 0.0000 1.6152
1.1062 1.6114 0.3347 0.0000 1.6237
1.1072 1.6079 0.3347 0.0000 1.6177
1.1075 1.6127 0.3296 0.0000 1.6264
1.1058 1.6227 0.3360 0.0000 1.6276
1.1042 1.6151 0.3380 0.0000 1.6165
1.1029 1.6169 0.3411 0.0000 1.6190
1.1019 1.6197 0.3419 0.0000 1.6500
1.0994 1.6120 0.3501 0.0000 1.6055
1.0987 1.6083 0.3436 0.0000 1.6196
1.1006 1.6165 0.3434 0.0000 1.6137
1.1022 1.6191 0.3418 0.0000 1.6381
1.0995 1.6126 0.3423 0.0000 1.6369
1.0990 1.6125 0.3451 0.0000 1.6257
1.0992 1.6121 0.3456 0.0000 1.6350
1.0967 1.6062 0.3476 0.0000 1.6126
1.0981 1.6065 0.3443 0.0000 1.6349
1.0953 1.6070 0.3560 0.0000 1.6036
1.0970 1.6090 0.3497 0.0000 1.6258
1.1029 1.5919 0.3455 0.0000 1.6311
1.0987 1.6130 0.3477 0.0000 1.6286
1.0929 1.6037 0.3569 0.0000 1.6237
1.0991 1.5974 0.3467 0.0000 1.6188
1.0958 1.6021 0.3511 0.0000 1.6306
1.0967 1.6052 0.3500 0.0000 1.6094
1.0948 1.6060 0.3563 0.0000 1.6093
1.0991 1.6092 0.3441 0.0000 1.6310
1.0949 1.6062 0.3543 0.0000 1.6116
1.0991 1.5982 0.3457 0.0000 1.6612
1.0963 1.6082 0.3494 0.0000 1.6328
1.0966 1.6069 0.3468 0.0000 1.6151
1.0964 1.6129 0.3498 0.0000 1.6324
1.1004 1.5914 0.3470 0.0000 1.6368
1.0984 1.6031 0.3456 0.0000 1.6154
1.0998 1.6003 0.3419 0.0000 1.6357
1.0974 1.6041 0.3465 0.0000 1.6485
1.1022 1.5911 0.3435 0.0000 1.6408
1.0979 1.6094 0.3470 0.0000 1.6366
1.0993 1.6146 0.3439 0.0000 1.6457
1.0979 1.6112 0.3435 0.0000 1.6375
1.0978 1.6114 0.3439 0.0000 1.6337
1.0964 1.6133 0.3468 0.0000 1.6299
1.0987 1.6093 0.3411 0.0000 1.6396
1.0971 1.6050 0.3428 0.0000 1.6360
1.0958 1.6095 0.3472 0.0000 1.6384
1.0955 1.6064 0.3469 0.0000 1.6364
1.0995 1.5885 0.3486 0.0000 1.6308
1.0976 1.6032 0.3427 0.0000 1.6392
1.0971 1.6095 0.3435 0.0000 1.6475
1.0974 1.6042 0.3447 0.0000 1.6207
1.0963 1.6142 0.3461 0.0000 1.6184
1.0968 1.6037 0.3439 0.0000 1.6387
1.0976 1.6208 0.3448 0.0000 1.6222
1.0967 1.6117 0.3433 0.0000 1.6270
1.0961 1.6087 0.3496 0.0000 1.6213
1.0940 1.6048 0.3539 0.0000 1.6173
1.0963 1.6091 0.3495 0.0000 1.6048
1.0985 1.6147 0.3464 0.0000 1.6221
1.0979 1.6135 0.3482 0.0000 1.6221
1.0985 1.6114 0.3460 0.0000 1.6192
1.0977 1.6088 0.3467 0.0000 1.6209
1.0981 1.6081 0.3452 0.0000 1.6225
1.0974 1.6086 0.3469 0.0000 1.6205
1.0993 1.6184 0.3468 0.0000 1.6118
1.0957 1.6059 0.3504 0.0000 1.6132
1.0971 1.6111 0.3505 0.0000 1.6076
1.0972 1.6068 0.3494 0.0000 1.6225
1.0965 1.6052 0.3499 0.0000 1.6258
1.0968 1.6079 0.3496 0.0000 1.6043
1.0953 1.6015 0.3494 0.0000 1.6283
1.0958 1.6026 0.3497 0.0000 1.6217
1.0968 1.6054 0.3479 0.0000 1.6088
1.0948 1.5972 0.3510 0.0000 1.6261
1.0960 1.6056 0.3496 0.0000 1.6198
1.0960 1.6029 0.3507 0.0000 1.6061
1.0956 1.6042 0.3507 0.0000 1.6174
1.0951 1.6062 0.3507 0.0000 1.6086
1.0929 1.5987 0.3533 0.0000 1.6182
1.0933 1.6014 0.3522 0.0000 1.6149
1.0945 1.6039 0.3497 0.0000 1.6153
1.0936 1.6079 0.3521 0.0000 1.6103
1.0913 1.5972 0.3532 0.0000 1.6195
1.0925 1.5978 0.3533 0.0000 1.6168
1.0934 1.6003 0.3527 0.0000 1.6050
1.0937 1.5979 0.3524 0.0000 1.6164
1.0939 1.6046 0.3525 0.0000 1.6227
1.0953 1.6023 0.3497 0.0000 1.6163
1.0953 1.6048 0.3497 0.0000 1.6176
1.0956 1.6027 0.3480 0.0000 1.6201
1.0959 1.6049 0.3478 0.0000 1.6197
1.0978 1.6168 0.3478 0.0000 1.6044
1.0952 1.5999 0.3508 0.0000 1.6121
1.0960 1.6088 0.3489 0.0000 1.6167
1.0971 1.6066 0.3485 0.0000 1.6321
1.0970 1.6075 0.3479 0.0000 1.6196
1.0964 1.6072 0.3487 0.0000 1.6157
1.0973 1.6114 0.3474 0.0000 1.6174
1.0963 1.6013 0.3492 0.0000 1.6155
1.0967 1.6106 0.3509 0.0000 1.6115
1.0968 1.6113 0.3504 0.0000 1.6152
1.0963 1.6081 0.3513 0.0000 1.6198
1.0973 1.6143 0.3530 0.0000 1.6190
1.0988 1.6167 0.3503 0.0000 1.6163
1.0970 1.6079 0.3518 0.0000 1.6164
1.0979 1.6111 0.3488 0.0000 1.6099
1.1005 1.6251 0.3493 0.0000 1.6113
1.0989 1.6119 0.3490 0.0000 1.6173
1.0962 1.6034 0.3534 0.0000 1.6219
1.0975 1.6090 0.3525 0.0000 1.6057
1.0972 1.6081 0.3520 0.0000 1.6166
1.0974 1.6099 0.3529 0.0000 1.6168
1.0958 1.6015 0.3558 0.0000 1.6165
1.0982 1.6155 0.3552 0.0000 1.6079
1.0959 1.6016 0.3559 0.0000 1.6131
1.0962 1.6057 0.3555 0.0000 1.6160
1.0958 1.6018 0.3559 0.0000 1.6115
1.0951 1.6019 0.3570 0.0000 1.6148
1.0969 1.6116 0.3561 0.0000 1.6004
1.0958 1.6041 0.3548 0.0000 1.6125
1.0953 1.6037 0.3574 0.0000 1.6080
1.0950 1.6005 0.3562 0.0000 1.6058
1.0953 1.5985 0.3548 0.0000 1.6168
1.0963 1.6085 0.3542 0.0000 1.6046
1.0945 1.5968 0.3563 0.0000 1.6140
1.0939 1.5943 0.3568 0.0000 1.6163
1.0929 1.5920 0.3598 0.0000 1.6175
1.0899 1.5914 0.3692 0.0000 1.6081
1.0929 1.5954 0.3608 0.0000 1.6070
1.0926 1.5940 0.3605 0.0000 1.6158
1.0922 1.5943 0.3622 0.0000 1.6139
1.0940 1.5971 0.3580 0.0000 1.6172
1.0946 1.5981 0.3572 0.0000 1.6138
1.0947 1.5979 0.3555 0.0000 1.6156
1.0954 1.6036 0.3551 0.0000 1.6155
1.0952 1.6010 0.3547 0.0000 1.6110
1.0948 1.5974 0.3537 0.0000 1.6134
1.0949 1.6031 0.3534 0.0000 1.6218
1.0950 1.5951 0.3514 0.0000 1.6097
1.0945 1.6030 0.3531 0.0000 1.6161
1.0949 1.5970 0.3526 0.0000 1.6046
1.0951 1.5978 0.3509 0.0000 1.6160
1.0956 1.6081 0.3499 0.0000 1.6051
1.0942 1.6040 0.3515 0.0000 1.6126
1.0942 1.5951 0.3522 0.0000 1.6145
1.0947 1.5956 0.3503 0.0000 1.6172
1.0941 1.6000 0.3528 0.0000 1.6120
1.0946 1.6050 0.3519 0.0000 1.6037
1.0931 1.5989 0.3543 0.0000 1.6111
1.0935 1.6000 0.3539 0.0000 1.6064
1.0939 1.5984 0.3524 0.0000 1.6147
1.0930 1.6012 0.3549 0.0000 1.6185
1.0932 1.6010 0.3533 0.0000 1.6146
1.0914 1.5972 0.3584 0.0000 1.6127
1.0925 1.5999 0.3554 0.0000 1.6052
1.0918 1.5958 0.3557 0.0000 1.6134
1.0919 1.5954 0.3551 0.0000 1.6136
1.0931 1.6008 0.3543 0.0000 1.6195
1.0930 1.6002 0.3532 0.0000 1.6165
1.0932 1.6020 0.3543 0.0000 1.6224
1.0928 1.5973 0.3548 0.0000 1.6226
1.0932 1.6017 0.3546 0.0000 1.6156
1.0937 1.6057 0.3536 0.0000 1.6225
1.0933 1.6052 0.3547 0.0000 1.6200
1.0933 1.6057 0.3541 0.0000 1.6152
1.0934 1.6048 0.3529 0.0000 1.6106
1.0933 1.6055 0.3547 0.0000 1.6187
1.0930 1.6055 0.3545 0.0000 1.6197
1.0928 1.6038 0.3546 0.0000 1.6155
