1.2998 1.7867 0.2212 0.0002 2.0368
1.2997 1.7856 0.2216 0.0002 2.0407
1.3014 1.7872 0.2214 0.0002 2.0479
1.2926 1.7802 0.2216 0.0002 2.0435
1.2977 1.7887 0.2161 0.0002 2.0556
1.2893 1.7846 0.2102 0.0004 2.0549
1.2815 1.7813 0.2138 0.0003 2.0528
1.2825 1.7817 0.2070 0.0005 2.0544
1.2780 1.7705 0.2131 0.0003 2.0333
1.2334 1.7293 0.2208 0.0002 1.9839
1.2450 1.7312 0.2113 0.0003 1.9816
1.2450 1.7307 0.2112 0.0003 1.9836
1.2449 1.7291 0.2129 0.0003 1.9853
1.2429 1.7249 0.2135 0.0003 1.9843
1.2449 1.7288 0.2130 0.0003 1.9901
1.2456 1.7231 0.2086 0.0004 1.9850
1.2297 1.7092 0.2184 0.0002 1.9754
1.2288 1.7005 0.2226 0.0002 1.9673
1.2303 1.7031 0.2221 0.0002 1.9719
1.2130 1.6872 0.2189 0.0002 1.9579
1.2114 1.6888 0.2136 0.0003 1.9591
1.2171 1.6983 0.2040 0.0006 1.9677
1.2168 1.6959 0.2030 0.0006 1.9672
1.1984 1.6676 0.2132 0.0003 1.9420
1.1987 1.6691 0.2135 0.0003 1.9448
1.1981 1.6577 0.2154 0.0003 1.9328
1.1922 1.6492 0.2233 0.0002 1.9273
1.1914 1.6478 0.2260 0.0001 1.9273
1.1930 1.6478 0.2268 0.0001 1.9288
1.1892 1.6464 0.2286 0.0001 1.9268
1.1931 1.6555 0.2203 0.0002 1.9331
1.1898 1.6494 0.2250 0.0001 1.9289
1.1887 1.6504 0.2265 0.0001 1.9308
1.1853 1.6500 0.2225 0.0002 1.9278
1.1814 1.6460 0.2277 0.0001 1.9245
1.1848 1.6439 0.2278 0.0001 1.9209
1.1879 1.6502 0.2247 0.0001 1.9260
1.1886 1.6521 0.2246 0.0001 1.9284
1.1874 1.6515 0.2254 0.0001 1.9290
1.1869 1.6501 0.2268 0.0001 1.9291
1.1933 1.6550 0.2275 0.0001 1.9337
1.1926 1.6546 0.2285 0.0001 1.9347
1.1894 1.6526 0.2288 0.0001 1.9338
1.1883 1.6535 0.2317 0.0001 1.9356
1.1829 1.6510 0.2373 0.0001 1.9341
1.1711 1.6411 0.2429 0.0000 1.9242
1.1713 1.6421 0.2422 0.0000 1.9260
1.1675 1.6307 0.2447 0.0000 1.9158
1.1674 1.6335 0.2408 0.0000 1.9177
1.1655 1.6273 0.2494 0.0000 1.9145
1.1911 1.6536 0.2227 0.0002 1.9245
1.1892 1.6523 0.2270 0.0001 1.9239
1.1891 1.6521 0.2271 0.0001 1.9243
1.1873 1.6515 0.2274 0.0001 1.9243
1.1886 1.6539 0.2269 0.0001 1.9265
1.1924 1.6549 0.2260 0.0001 1.9272
1.1854 1.6476 0.2355 0.0001 1.9220
1.1822 1.6472 0.2415 0.0000 1.9217
1.1824 1.6470 0.2417 0.0000 1.9220
1.1825 1.6469 0.2423 0.0000 1.9226
1.1733 1.6307 0.2542 0.0000 1.9102
1.1729 1.6313 0.2534 0.0000 1.9110
1.1746 1.6339 0.2525 0.0000 1.9130
1.1725 1.6288 0.2557 0.0000 1.9102
1.1720 1.6293 0.2564 0.0000 1.9110
1.1682 1.6270 0.2570 0.0000 1.9094
1.1682 1.6261 0.2577 0.0000 1.9091
1.1685 1.6276 0.2551 0.0000 1.9100
1.1657 1.6264 0.2554 0.0000 1.9093
1.1658 1.6279 0.2550 0.0000 1.9108
1.1658 1.6281 0.2550 0.0000 1.9114
1.1643 1.6283 0.2565 0.0000 1.9119
1.1618 1.6307 0.2547 0.0000 1.9133
1.1611 1.6308 0.2561 0.0000 1.9139
1.1614 1.6298 0.2562 0.0000 1.9137
1.1616 1.6298 0.2562 0.0000 1.9143
1.1609 1.6268 0.2570 0.0000 1.9126
1.1594 1.6282 0.2572 0.0000 1.9138
1.1531 1.6233 0.2614 0.0000 1.9095
1.1539 1.6224 0.2613 0.0000 1.9092
1.1542 1.6240 0.2597 0.0000 1.9109
1.1541 1.6240 0.2599 0.0000 1.9115
1.1551 1.6226 0.2596 0.0000 1.9107
1.1562 1.6251 0.2565 0.0000 1.9130
1.1574 1.6249 0.2552 0.0000 1.9133
1.1555 1.6244 0.2558 0.0000 1.9134
1.1546 1.6223 0.2608 0.0000 1.9125
1.1556 1.6242 0.2579 0.0000 1.9146
1.1570 1.6267 0.2545 0.0000 1.9170
1.1564 1.6253 0.2567 0.0000 1.9162
1.1530 1.6250 0.2592 0.0000 1.9158
1.1522 1.6273 0.2587 0.0000 1.9179
1.1516 1.6280 0.2592 0.0000 1.9193
1.1519 1.6261 0.2605 0.0000 1.9177
1.1517 1.6263 0.2601 0.0000 1.9186
1.1523 1.6269 0.2592 0.0000 1.9201
1.1539 1.6268 0.2578 0.0000 1.9204
1.1528 1.6250 0.2600 0.0000 1.9199
1.1528 1.6246 0.2603 0.0000 1.9205
1.1527 1.6249 0.2604 0.0000 1.9217
1.1532 1.6251 0.2595 0.0000 1.9226
1.1526 1.6251 0.2600 0.0000 1.9237
1.1617 1.6278 0.2520 0.0000 1.9187
1.1609 1.6287 0.2524 0.0000 1.9197
1.1609 1.6298 0.2518 0.0000 1.9213
1.1603 1.6313 0.2521 0.0000 1.9228
1.1677 1.6318 0.2429 0.0000 1.9114
1.1664 1.6321 0.2445 0.0000 1.9119
1.1630 1.6307 0.2489 0.0000 1.9111
1.1605 1.6295 0.2508 0.0000 1.9105
1.1618 1.6318 0.2484 0.0000 1.9124
1.1606 1.6319 0.2504 0.0000 1.9128
1.1598 1.6317 0.2494 0.0000 1.9128
1.1562 1.6256 0.2579 0.0000 1.9083
1.1560 1.6258 0.2582 0.0000 1.9088
1.1507 1.6223 0.2621 0.0000 1.9064
1.1539 1.6218 0.2578 0.0000 1.9054
1.1551 1.6251 0.2544 0.0000 1.9077
1.1543 1.6243 0.2553 0.0000 1.9073
1.1530 1.6247 0.2564 0.0000 1.9077
1.1521 1.6242 0.2579 0.0000 1.9076
1.1495 1.6234 0.2604 0.0000 1.9073
1.1494 1.6234 0.2606 0.0000 1.9077
1.1493 1.6224 0.2617 0.0000 1.9072
1.1487 1.6204 0.2660 0.0000 1.9056
1.1496 1.6195 0.2660 0.0000 1.9051
1.1489 1.6193 0.2655 0.0000 1.9048
1.1496 1.6211 0.2643 0.0000 1.9062
1.1490 1.6216 0.2652 0.0000 1.9068
1.1489 1.6223 0.2651 0.0000 1.9076
1.1492 1.6229 0.2641 0.0000 1.9084
1.1511 1.6235 0.2612 0.0000 1.9084
1.1511 1.6233 0.2614 0.0000 1.9087
1.1488 1.6190 0.2670 0.0000 1.9056
1.1480 1.6190 0.2684 0.0000 1.9059
1.1468 1.6184 0.2703 0.0000 1.9058
1.1466 1.6169 0.2713 0.0000 1.9046
1.1474 1.6171 0.2706 0.0000 1.9050
1.1487 1.6176 0.2682 0.0000 1.9042
1.1441 1.6149 0.2739 0.0000 1.9027
1.1436 1.6148 0.2745 0.0000 1.9029
1.1436 1.6156 0.2743 0.0000 1.9036
1.1436 1.6155 0.2745 0.0000 1.9039
1.1429 1.6144 0.2759 0.0000 1.9036
1.1428 1.6144 0.2761 0.0000 1.9040
1.1428 1.6146 0.2761 0.0000 1.9043
1.1426 1.6133 0.2773 0.0000 1.9036
1.1422 1.6119 0.2788 0.0000 1.9028
1.1425 1.6130 0.2776 0.0000 1.9039
1.1424 1.6142 0.2767 0.0000 1.9050
1.1463 1.6147 0.2723 0.0000 1.9050
1.1447 1.6147 0.2733 0.0000 1.9046
1.1435 1.6139 0.2756 0.0000 1.9044
1.1426 1.6126 0.2778 0.0000 1.9038
1.1421 1.6110 0.2798 0.0000 1.9030
1.1438 1.6110 0.2783 0.0000 1.9032
1.1444 1.6111 0.2767 0.0000 1.9034
1.1423 1.6082 0.2815 0.0000 1.9016
1.1420 1.6072 0.2827 0.0000 1.9009
1.1420 1.6069 0.2830 0.0000 1.9011
1.1412 1.6066 0.2842 0.0000 1.9013
1.1403 1.6059 0.2856 0.0000 1.9012
1.1399 1.6065 0.2857 0.0000 1.9015
1.1397 1.6066 0.2859 0.0000 1.9020
1.1404 1.6056 0.2865 0.0000 1.9014
1.1395 1.6058 0.2871 0.0000 1.9018
1.1367 1.6045 0.2907 0.0000 1.9009
1.1369 1.6044 0.2908 0.0000 1.9014
1.1384 1.6072 0.2862 0.0000 1.9035
1.1388 1.6080 0.2852 0.0000 1.9046
1.1381 1.6084 0.2860 0.0000 1.9049
1.1382 1.6085 0.2858 0.0000 1.9054
1.1383 1.6084 0.2859 0.0000 1.9058
1.1387 1.6071 0.2867 0.0000 1.9046
1.1390 1.6070 0.2864 0.0000 1.9050
1.1392 1.6066 0.2868 0.0000 1.9052
1.1391 1.6067 0.2870 0.0000 1.9057
1.1410 1.6096 0.2825 0.0000 1.9079
1.1408 1.6093 0.2828 0.0000 1.9081
1.1382 1.6069 0.2883 0.0000 1.9050
1.1383 1.6068 0.2883 0.0000 1.9055
1.1377 1.6066 0.2892 0.0000 1.9057
1.1372 1.6068 0.2896 0.0000 1.9061
1.1364 1.6067 0.2904 0.0000 1.9065
1.1364 1.6067 0.2904 0.0000 1.9070
1.1367 1.6070 0.2898 0.0000 1.9077
1.1363 1.6068 0.2904 0.0000 1.9081
1.1352 1.6038 0.2934 0.0000 1.9054
1.1353 1.6045 0.2925 0.0000 1.9065
1.1348 1.6050 0.2924 0.0000 1.9073
1.1354 1.6040 0.2929 0.0000 1.9065
1.1351 1.6056 0.2916 0.0000 1.9074
1.1348 1.6058 0.2916 0.0000 1.9081
1.1356 1.6071 0.2894 0.0000 1.9096
1.1353 1.6076 0.2895 0.0000 1.9103
1.1344 1.6051 0.2927 0.0000 1.9082
1.1324 1.6032 0.2952 0.0000 1.9070
1.1317 1.6034 0.2954 0.0000 1.9077
1.1307 1.6026 0.2973 0.0000 1.9076
1.1310 1.6022 0.2973 0.0000 1.9076
1.1288 1.6015 0.3001 0.0000 1.9068
1.1280 1.6006 0.3016 0.0000 1.9067
1.1279 1.6006 0.3018 0.0000 1.9072
1.1285 1.6003 0.3016 0.0000 1.9074
1.1284 1.6002 0.3016 0.0000 1.9079
1.1309 1.6007 0.2989 0.0000 1.9076
1.1301 1.6003 0.2999 0.0000 1.9079
1.1299 1.6003 0.3000 0.0000 1.9085
1.1289 1.5998 0.3022 0.0000 1.9078
1.1286 1.6002 0.3021 0.0000 1.9086
1.1294 1.6003 0.3009 0.0000 1.9089
1.1328 1.6024 0.2958 0.0000 1.9108
1.1328 1.6024 0.2959 0.0000 1.9113
1.1371 1.6070 0.2883 0.0000 1.9145
1.1371 1.6075 0.2879 0.0000 1.9153
1.1374 1.6073 0.2878 0.0000 1.9155
1.1363 1.6071 0.2891 0.0000 1.9156
1.1358 1.6061 0.2903 0.0000 1.9149
1.1348 1.6063 0.2911 0.0000 1.9151
1.1352 1.6056 0.2917 0.0000 1.9148
1.1336 1.6033 0.2957 0.0000 1.9129
1.1339 1.6030 0.2957 0.0000 1.9131
1.1342 1.6020 0.2962 0.0000 1.9121
1.1335 1.6041 0.2942 0.0000 1.9130
1.1327 1.6045 0.2943 0.0000 1.9134
1.1319 1.6026 0.2967 0.0000 1.9118
1.1318 1.6027 0.2965 0.0000 1.9125
1.1325 1.6039 0.2947 0.0000 1.9140
1.1324 1.6042 0.2944 0.0000 1.9148
1.1348 1.6045 0.2916 0.0000 1.9147
1.1334 1.6026 0.2950 0.0000 1.9137
1.1336 1.6039 0.2939 0.0000 1.9142
1.1323 1.6019 0.2969 0.0000 1.9128
1.1323 1.6021 0.2966 0.0000 1.9136
1.1323 1.6020 0.2967 0.0000 1.9142
1.1322 1.6014 0.2976 0.0000 1.9141
1.1314 1.5975 0.3042 0.0000 1.9089
1.1314 1.5974 0.3043 0.0000 1.9094
1.1310 1.5978 0.3038 0.0000 1.9101
1.1305 1.5960 0.3063 0.0000 1.9085
1.1330 1.5976 0.3031 0.0000 1.9094
1.1331 1.5977 0.3029 0.0000 1.9100
1.1333 1.5978 0.3026 0.0000 1.9107
1.1357 1.6016 0.2971 0.0000 1.9124
1.1357 1.6017 0.2969 0.0000 1.9131
1.1356 1.6018 0.2973 0.0000 1.9135
1.1357 1.6015 0.2976 0.0000 1.9139
1.1355 1.6016 0.2978 0.0000 1.9145
1.1332 1.6003 0.3010 0.0000 1.9135
1.1334 1.6016 0.2991 0.0000 1.9145
1.1332 1.6015 0.2993 0.0000 1.9150
1.1325 1.5991 0.3039 0.0000 1.9133
1.1314 1.5977 0.3062 0.0000 1.9127
1.1320 1.5985 0.3050 0.0000 1.9134
1.1322 1.5991 0.3037 0.0000 1.9143
1.1321 1.5990 0.3037 0.0000 1.9148
1.1332 1.6000 0.3019 0.0000 1.9157
1.1366 1.5982 0.2968 0.0000 1.8937
1.1364 1.5982 0.2968 0.0000 1.8940
1.1346 1.5974 0.2991 0.0000 1.8935
1.1344 1.5974 0.2992 0.0000 1.8938
1.1333 1.5967 0.3010 0.0000 1.8935
1.1329 1.5962 0.3017 0.0000 1.8934
1.1311 1.5961 0.3028 0.0000 1.8934
1.1312 1.5961 0.3027 0.0000 1.8937
1.1309 1.5956 0.3033 0.0000 1.8936
1.1302 1.5956 0.3037 0.0000 1.8939
1.1304 1.5956 0.3036 0.0000 1.8941
1.1298 1.5953 0.3044 0.0000 1.8942
1.1296 1.5954 0.3044 0.0000 1.8943
1.1295 1.5952 0.3047 0.0000 1.8945
1.1292 1.5944 0.3056 0.0000 1.8940
1.1296 1.5936 0.3063 0.0000 1.8937
1.1286 1.5936 0.3070 0.0000 1.8938
1.1276 1.5934 0.3079 0.0000 1.8939
1.1286 1.5938 0.3061 0.0000 1.8942
1.1286 1.5938 0.3061 0.0000 1.8945
1.1301 1.5944 0.3041 0.0000 1.8946
1.1290 1.5942 0.3050 0.0000 1.8947
1.1310 1.5931 0.3052 0.0000 1.8926
1.1316 1.5943 0.3035 0.0000 1.8936
1.1316 1.5942 0.3035 0.0000 1.8939
1.1317 1.5947 0.3030 0.0000 1.8944
1.1321 1.5948 0.3026 0.0000 1.8948
1.1326 1.5963 0.3004 0.0000 1.8961
1.1322 1.5962 0.3007 0.0000 1.8963
1.1331 1.5969 0.2990 0.0000 1.8970
1.1330 1.5969 0.2991 0.0000 1.8973
1.1328 1.5972 0.2987 0.0000 1.8978
1.1318 1.5969 0.2999 0.0000 1.8976
1.1328 1.5986 0.2974 0.0000 1.8989
1.1326 1.5957 0.3011 0.0000 1.8957
1.1329 1.5955 0.3010 0.0000 1.8958
1.1328 1.5953 0.3013 0.0000 1.8960
1.1327 1.5955 0.3016 0.0000 1.8962
1.1327 1.5952 0.3022 0.0000 1.8962
1.1321 1.5945 0.3031 0.0000 1.8960
1.1321 1.5944 0.3033 0.0000 1.8963
1.1320 1.5949 0.3029 0.0000 1.8968
1.1335 1.5967 0.3001 0.0000 1.8981
1.1335 1.5967 0.3001 0.0000 1.8985
1.1335 1.5967 0.3001 0.0000 1.8988
1.1324 1.5958 0.3025 0.0000 1.8980
1.1324 1.5958 0.3025 0.0000 1.8983
1.1315 1.5958 0.3031 0.0000 1.8984
1.1309 1.5947 0.3041 0.0000 1.8976
1.1308 1.5948 0.3044 0.0000 1.8977
1.1309 1.5955 0.3036 0.0000 1.8985
1.1308 1.5956 0.3035 0.0000 1.8989
1.1323 1.5952 0.3027 0.0000 1.8974
1.1318 1.5954 0.3027 0.0000 1.8978
1.1317 1.5956 0.3026 0.0000 1.8982
1.1312 1.5954 0.3035 0.0000 1.8981
1.1315 1.5949 0.3040 0.0000 1.8981
1.1318 1.5956 0.3034 0.0000 1.8986
1.1327 1.5954 0.3029 0.0000 1.8983
1.1321 1.5956 0.3030 0.0000 1.8986
1.1323 1.5954 0.3030 0.0000 1.8988
1.1326 1.5951 0.3032 0.0000 1.8988
1.1342 1.5969 0.3002 0.0000 1.9003
1.1333 1.5971 0.3008 0.0000 1.9000
1.1328 1.5975 0.3007 0.0000 1.9004
1.1273 1.5893 0.3146 0.0000 1.8860
1.1257 1.5884 0.3171 0.0000 1.8854
1.1255 1.5885 0.3171 0.0000 1.8856
1.1249 1.5883 0.3179 0.0000 1.8856
1.1236 1.5876 0.3195 0.0000 1.8853
1.1235 1.5874 0.3187 0.0000 1.8851
1.1230 1.5859 0.3215 0.0000 1.8839
1.1235 1.5858 0.3216 0.0000 1.8839
1.1225 1.5855 0.3224 0.0000 1.8838
1.1227 1.5861 0.3214 0.0000 1.8844
1.1225 1.5863 0.3213 0.0000 1.8846
1.1227 1.5862 0.3211 0.0000 1.8848
1.1224 1.5862 0.3213 0.0000 1.8849
1.1242 1.5870 0.3195 0.0000 1.8855
1.1232 1.5860 0.3196 0.0000 1.8845
1.1231 1.5860 0.3195 0.0000 1.8847
1.1234 1.5864 0.3189 0.0000 1.8851
1.1234 1.5865 0.3189 0.0000 1.8853
1.1226 1.5846 0.3219 0.0000 1.8839
1.1233 1.5850 0.3207 0.0000 1.8844
1.1235 1.5851 0.3204 0.0000 1.8846
1.1235 1.5848 0.3203 0.0000 1.8845
1.1234 1.5844 0.3210 0.0000 1.8843
1.1234 1.5845 0.3208 0.0000 1.8846
1.1232 1.5828 0.3237 0.0000 1.8835
1.1233 1.5829 0.3232 0.0000 1.8838
1.1259 1.5866 0.3168 0.0000 1.8863
1.1257 1.5863 0.3172 0.0000 1.8863
1.1261 1.5875 0.3157 0.0000 1.8872
1.1265 1.5877 0.3149 0.0000 1.8875
1.1269 1.5884 0.3139 0.0000 1.8881
1.1274 1.5883 0.3137 0.0000 1.8883
1.1275 1.5884 0.3133 0.0000 1.8885
1.1268 1.5882 0.3139 0.0000 1.8886
1.1260 1.5880 0.3147 0.0000 1.8886
1.1260 1.5880 0.3147 0.0000 1.8888
1.1252 1.5878 0.3154 0.0000 1.8888
1.1263 1.5883 0.3132 0.0000 1.8890
1.1263 1.5883 0.3131 0.0000 1.8892
1.1255 1.5883 0.3135 0.0000 1.8894
1.1262 1.5882 0.3129 0.0000 1.8893
1.1259 1.5883 0.3129 0.0000 1.8896
1.1259 1.5885 0.3129 0.0000 1.8898
1.1292 1.5884 0.3108 0.0000 1.8863
1.1295 1.5883 0.3109 0.0000 1.8863
1.1290 1.5884 0.3110 0.0000 1.8865
1.1292 1.5890 0.3103 0.0000 1.8870
1.1291 1.5890 0.3104 0.0000 1.8871
1.1281 1.5885 0.3115 0.0000 1.8870
1.1283 1.5886 0.3111 0.0000 1.8872
1.1280 1.5888 0.3111 0.0000 1.8874
1.1280 1.5888 0.3112 0.0000 1.8875
1.1286 1.5900 0.3093 0.0000 1.8885
1.1295 1.5905 0.3081 0.0000 1.8890
1.1292 1.5907 0.3078 0.0000 1.8893
1.1290 1.5900 0.3089 0.0000 1.8890
1.1290 1.5899 0.3091 0.0000 1.8892
1.1295 1.5899 0.3084 0.0000 1.8890
1.1309 1.5903 0.3072 0.0000 1.8892
1.1313 1.5898 0.3075 0.0000 1.8888
1.1309 1.5898 0.3077 0.0000 1.8889
1.1311 1.5915 0.3050 0.0000 1.8901
1.1310 1.5915 0.3051 0.0000 1.8903
1.1329 1.5924 0.3028 0.0000 1.8908
1.1339 1.5930 0.3014 0.0000 1.8915
1.1319 1.5925 0.3029 0.0000 1.8912
1.1317 1.5923 0.3033 0.0000 1.8912
1.1317 1.5923 0.3033 0.0000 1.8914
1.1315 1.5921 0.3037 0.0000 1.8915
1.1313 1.5924 0.3035 0.0000 1.8918
1.1318 1.5922 0.3035 0.0000 1.8918
1.1311 1.5902 0.3065 0.0000 1.8898
1.1302 1.5890 0.3084 0.0000 1.8889
1.1301 1.5891 0.3082 0.0000 1.8892
1.1301 1.5890 0.3084 0.0000 1.8894
1.1302 1.5896 0.3074 0.0000 1.8900
1.1302 1.5903 0.3066 0.0000 1.8906
1.1315 1.5906 0.3057 0.0000 1.8909
1.1323 1.5903 0.3057 0.0000 1.8905
1.1307 1.5897 0.3072 0.0000 1.8900
1.1315 1.5898 0.3067 0.0000 1.8902
1.1302 1.5891 0.3082 0.0000 1.8898
1.1301 1.5897 0.3076 0.0000 1.8903
1.1292 1.5892 0.3086 0.0000 1.8901
1.1286 1.5888 0.3094 0.0000 1.8900
1.1289 1.5889 0.3091 0.0000 1.8903
1.1283 1.5889 0.3094 0.0000 1.8904
1.1275 1.5884 0.3105 0.0000 1.8902
1.1283 1.5898 0.3083 0.0000 1.8912
1.1287 1.5906 0.3071 0.0000 1.8920
1.1291 1.5915 0.3057 0.0000 1.8928
1.1292 1.5922 0.3047 0.0000 1.8935
1.1292 1.5924 0.3046 0.0000 1.8938
1.1303 1.5919 0.3045 0.0000 1.8911
1.1296 1.5916 0.3052 0.0000 1.8911
1.1291 1.5914 0.3059 0.0000 1.8911
1.1290 1.5913 0.3060 0.0000 1.8912
1.1246 1.5853 0.3151 0.0000 1.8859
1.1251 1.5861 0.3139 0.0000 1.8867
1.1247 1.5859 0.3143 0.0000 1.8867
1.1271 1.5860 0.3131 0.0000 1.8860
1.1271 1.5860 0.3132 0.0000 1.8861
1.1267 1.5865 0.3126 0.0000 1.8866
1.1284 1.5875 0.3110 0.0000 1.8871
1.1279 1.5872 0.3117 0.0000 1.8869
1.1278 1.5870 0.3119 0.0000 1.8870
1.1272 1.5881 0.3104 0.0000 1.8877
1.1272 1.5881 0.3105 0.0000 1.8879
1.1277 1.5891 0.3089 0.0000 1.8886
1.1276 1.5891 0.3089 0.0000 1.8888
1.1281 1.5893 0.3083 0.0000 1.8891
1.1285 1.5895 0.3080 0.0000 1.8894
1.1285 1.5899 0.3074 0.0000 1.8898
1.1285 1.5899 0.3073 0.0000 1.8900
1.1284 1.5899 0.3074 0.0000 1.8902
1.1275 1.5902 0.3073 0.0000 1.8903
1.1288 1.5902 0.3068 0.0000 1.8900
1.1283 1.5898 0.3075 0.0000 1.8898
1.1284 1.5900 0.3072 0.0000 1.8901
1.1272 1.5877 0.3111 0.0000 1.8885
1.1255 1.5865 0.3135 0.0000 1.8877
1.1295 1.5904 0.3059 0.0000 1.8898
1.1296 1.5905 0.3056 0.0000 1.8901
1.1296 1.5907 0.3053 0.0000 1.8904
1.1295 1.5904 0.3058 0.0000 1.8904
1.1302 1.5906 0.3053 0.0000 1.8906
1.1309 1.5899 0.3062 0.0000 1.8900
1.1309 1.5899 0.3061 0.0000 1.8902
1.1313 1.5896 0.3063 0.0000 1.8900
