1.2653 1.7496 0.2147 0.0003 1.8488
1.2232 1.7071 0.2394 0.0000 1.8294
1.2342 1.7212 0.2350 0.0001 1.8433
1.2381 1.7056 0.2540 0.0000 1.7648
1.2094 1.6648 0.2620 0.0000 1.7817
1.2157 1.6737 0.2694 0.0000 1.7334
1.2118 1.6682 0.2725 0.0000 1.7392
1.2046 1.6642 0.2770 0.0000 1.7672
1.1964 1.6425 0.2776 0.0000 1.7352
1.2169 1.6609 0.2708 0.0000 1.7391
1.2263 1.6771 0.2693 0.0000 1.7683
1.2247 1.6767 0.2716 0.0000 1.7634
1.2226 1.6627 0.2708 0.0000 1.7456
1.2215 1.6643 0.2729 0.0000 1.7304
1.2145 1.6593 0.2739 0.0000 1.7293
1.2143 1.6652 0.2734 0.0000 1.7440
1.2086 1.6541 0.2754 0.0000 1.7215
1.2023 1.6530 0.2761 0.0000 1.7087
1.2159 1.6749 0.2674 0.0000 1.7285
1.2007 1.6585 0.2635 0.0000 1.7114
1.1929 1.6536 0.2723 0.0000 1.7210
1.1960 1.6548 0.2705 0.0000 1.7233
1.1900 1.6491 0.2736 0.0000 1.7349
1.1772 1.6356 0.2806 0.0000 1.7279
1.1956 1.6579 0.2643 0.0000 1.7299
1.1764 1.6428 0.2645 0.0000 1.7178
1.2227 1.6758 0.2477 0.0000 1.9071
1.2033 1.6630 0.2630 0.0000 1.7350
1.2076 1.6529 0.1965 0.0009 1.7048
1.2022 1.6440 0.2184 0.0002 1.6625
1.2270 1.6644 0.1832 0.0020 1.7274
1.2056 1.6507 0.2122 0.0003 1.6731
1.2077 1.6536 0.2089 0.0004 1.6902
1.2047 1.6545 0.2091 0.0004 1.7033
1.1968 1.6440 0.2191 0.0002 1.6915
1.2231 1.6656 0.1934 0.0011 1.7429
1.1566 1.6227 0.2513 0.0000 1.6724
1.1607 1.6223 0.2419 0.0000 1.7101
1.1696 1.6216 0.2492 0.0000 1.6653
1.1400 1.6075 0.2743 0.0000 1.6514
1.1645 1.6154 0.2522 0.0000 1.6371
1.1503 1.6110 0.2709 0.0000 1.6719
1.1423 1.6107 0.2675 0.0000 1.6466
1.1413 1.6085 0.2789 0.0000 1.6407
1.1425 1.6023 0.2797 0.0000 1.6684
1.1628 1.6172 0.2709 0.0000 1.6705
1.1435 1.6043 0.2763 0.0000 1.6338
1.1559 1.6007 0.2798 0.0000 1.6217
1.1751 1.6297 0.2397 0.0000 2.1833
1.1935 1.6134 0.2523 0.0000 1.6349
1.1908 1.6236 0.2868 0.0000 1.7051
1.1586 1.6063 0.2709 0.0000 1.6274
1.1792 1.6200 0.2775 0.0000 1.6932
1.1636 1.6078 0.2795 0.0000 1.6473
1.1553 1.6070 0.2714 0.0000 1.6781
1.1569 1.6051 0.2750 0.0000 1.6241
1.1852 1.6115 0.2563 0.0000 1.6303
1.1527 1.5975 0.2918 0.0000 1.6566
1.1464 1.5952 0.2924 0.0000 1.6388
1.1528 1.5981 0.2899 0.0000 1.6469
1.1516 1.5991 0.2848 0.0000 1.6483
1.1826 1.6134 0.3036 0.0000 1.6638
1.2000 1.6173 0.2446 0.0000 1.6470
1.1476 1.5980 0.2867 0.0000 1.6444
1.1442 1.5946 0.2928 0.0000 1.6562
1.1529 1.5993 0.3000 0.0000 1.6555
1.1439 1.5947 0.2966 0.0000 1.6365
1.1456 1.5972 0.2923 0.0000 1.6578
1.1876 1.6153 0.2477 0.0000 1.6322
1.1462 1.6009 0.2809 0.0000 1.6517
1.1436 1.5964 0.2907 0.0000 1.6451
1.1525 1.6049 0.2740 0.0000 1.6446
1.1832 1.6177 0.2442 0.0000 1.6421
1.1909 1.6198 0.2370 0.0001 1.6376
1.2031 1.6210 0.2341 0.0001 1.6423
1.1627 1.6027 0.3053 0.0000 1.6504
1.1809 1.6133 0.2522 0.0000 1.6317
1.1543 1.5986 0.2867 0.0000 1.6432
1.1564 1.5997 0.2947 0.0000 1.6388
1.1517 1.5978 0.2877 0.0000 1.6384
1.1921 1.6156 0.2484 0.0000 2.3974
1.1812 1.6142 0.2531 0.0000 1.6354
1.1919 1.6163 0.2472 0.0000 1.6319
1.1503 1.5973 0.2871 0.0000 1.6253
1.1491 1.5947 0.2938 0.0000 1.6275
1.1500 1.5999 0.2823 0.0000 1.6341
1.1635 1.6146 0.2555 0.0000 1.6503
1.1466 1.5994 0.2841 0.0000 1.6424
1.1604 1.6116 0.2593 0.0000 1.6344
1.1461 1.6009 0.2813 0.0000 1.6316
1.1697 1.6028 0.2836 0.0000 16.4449
1.2316 1.6370 0.1953 0.0010 803691.8572
1.2074 1.6235 0.2298 0.0001 1.6419
1.1548 1.5957 0.2964 0.0000 1.6355
1.1625 1.5973 0.2950 0.0000 1.6371
1.1535 1.5954 0.2919 0.0000 1.6264
1.1595 1.5960 0.2919 0.0000 1.6315
1.1684 1.6001 0.2832 0.0000 1.6324
1.1687 1.5990 0.2879 0.0000 1.6304
1.1773 1.6024 0.2918 0.0000 1.6386
1.1706 1.6006 0.2827 0.0000 1.6351
1.2246 1.6299 0.2192 0.0002 2.3667
1.1646 1.5980 0.2909 0.0000 1.6327
1.1625 1.5983 0.2871 0.0000 1.6275
1.1759 1.6108 0.2604 0.0000 1.6307
1.1648 1.5978 0.2920 0.0000 1.6225
1.1648 1.5976 0.2900 0.0000 1.6309
1.1633 1.5968 0.2942 0.0000 1.6280
1.1585 1.5965 0.2917 0.0000 1.6360
1.1655 1.5982 0.2867 0.0000 1.6163
1.2259 1.6315 0.2187 0.0002 1.6524
1.1678 1.6093 0.2631 0.0000 1.8211
1.1696 1.6000 0.2831 0.0000 1.6127
1.2153 1.6273 0.2279 0.0001 1.9353
1.1669 1.6025 0.2779 0.0000 1.6285
1.2294 1.6320 0.2225 0.0002 1.6487
1.2371 1.6358 0.2167 0.0002 1.6589
1.1709 1.5994 0.2848 0.0000 1.6267
1.1878 1.6081 0.2755 0.0000 1.6455
1.1900 1.6180 0.2680 0.0000 1.6214
1.1843 1.6094 0.2706 0.0000 1.6261
1.1845 1.6084 0.2721 0.0000 1.6413
1.1849 1.6108 0.2735 0.0000 1.6376
1.1936 1.6118 0.2745 0.0000 1.6250
1.1780 1.6152 0.2699 0.0000 1.6479
1.1930 1.6152 0.2698 0.0000 1.6430
1.1922 1.6122 0.2745 0.0000 1.6420
1.1934 1.6128 0.2759 0.0000 1.6445
1.1964 1.6186 0.2698 0.0000 1.6396
1.2064 1.6244 0.2719 0.0000 1.6383
1.2055 1.6244 0.2718 0.0000 1.6566
1.1989 1.6207 0.2701 0.0000 1.6481
1.1959 1.6189 0.2708 0.0000 1.6421
1.2005 1.6216 0.2711 0.0000 1.6223
1.2086 1.6305 0.2678 0.0000 1.6508
1.1832 1.6098 0.2811 0.0000 1.6253
1.1895 1.6014 0.2872 0.0000 1.6412
1.1801 1.6067 0.2813 0.0000 1.6320
1.2073 1.6430 0.2463 0.0000 1.6336
1.1880 1.6145 0.2754 0.0000 1.6371
1.1801 1.6110 0.2743 0.0000 1.6407
1.1930 1.6392 0.2488 0.0000 1.6319
1.1773 1.6119 0.2735 0.0000 1.6458
1.1790 1.6118 0.2709 0.0000 1.6409
1.1813 1.6090 0.2806 0.0000 1.6516
1.2206 1.6283 0.2499 0.0000 1.6520
1.1870 1.6273 0.2561 0.0000 1.6320
1.1990 1.6375 0.2472 0.0000 1.6351
1.1734 1.6025 0.2803 0.0000 1.6315
1.1742 1.6077 0.2746 0.0000 1.6499
1.2074 1.6165 0.2613 0.0000 1.6452
1.1684 1.5962 0.2910 0.0000 1.6452
1.1860 1.5999 0.2910 0.0000 1.6686
1.1668 1.5935 0.2990 0.0000 1.6320
1.1758 1.5973 0.2912 0.0000 1.6382
1.1736 1.5960 0.2932 0.0000 1.6369
1.1658 1.5956 0.2915 0.0000 1.6378
1.1747 1.5975 0.2900 0.0000 1.6372
1.2106 1.6213 0.3002 0.0000 1.6672
1.1734 1.5992 0.2858 0.0000 1.6444
1.1665 1.5967 0.2895 0.0000 1.6684
1.1734 1.5939 0.2980 0.0000 1.6362
1.1708 1.5929 0.2993 0.0000 1.6346
1.1698 1.5935 0.2979 0.0000 1.6353
1.2274 1.6299 0.2271 0.0001 1.6614
1.1736 1.5926 0.3017 0.0000 1.6339
1.1750 1.5924 0.3073 0.0000 1.6419
1.2274 1.6306 0.2242 0.0001 1.6588
1.1715 1.5895 0.3103 0.0000 1.6330
1.1707 1.5896 0.3092 0.0000 1.6325
1.1764 1.5919 0.3087 0.0000 1.6477
1.1706 1.5893 0.3105 0.0000 1.6321
1.1676 1.5884 0.3103 0.0000 1.6277
1.1673 1.5886 0.3107 0.0000 1.6300
1.2241 1.6295 0.2237 0.0001 1.6598
1.1770 1.5953 0.3147 0.0000 1.6487
1.1689 1.5885 0.3113 0.0000 1.6307
1.1603 1.5909 0.3034 0.0000 1.6462
1.1700 1.5882 0.3194 0.0000 1.6407
1.1692 1.5858 0.3184 0.0000 1.6277
1.1684 1.5889 0.3209 0.0000 1.6385
1.2380 1.6333 0.2240 0.0001 1.6651
1.1699 1.5876 0.3151 0.0000 1.6246
1.1729 1.5877 0.3184 0.0000 1.6367
1.1761 1.5890 0.3142 0.0000 1.6393
1.1784 1.5939 0.3204 0.0000 1.6331
1.1720 1.5862 0.3195 0.0000 1.6290
1.1691 1.5853 0.3197 0.0000 1.6285
1.1688 1.5853 0.3214 0.0000 1.6295
1.1658 1.5870 0.3205 0.0000 1.6269
1.2093 1.6201 0.3222 0.0000 1.6615
1.1704 1.5820 0.3274 0.0000 1.6240
1.1981 1.6098 0.3225 0.0000 1.6634
1.1713 1.5897 0.3238 0.0000 1.6279
1.1668 1.5860 0.3254 0.0000 1.6249
1.1795 1.5949 0.3241 0.0000 1.6376
1.2360 1.6301 0.2252 0.0001 1.6584
1.1678 1.5827 0.3288 0.0000 1.6275
1.1814 1.5966 0.3313 0.0000 1.6332
1.2287 1.6277 0.2261 0.0001 1.6567
1.2309 1.6289 0.2243 0.0001 1.6584
1.1673 1.5840 0.3314 0.0000 1.6319
1.2233 1.6366 0.3297 0.0000 1.6768
1.2034 1.6175 0.3310 0.0000 1.6570
1.2260 1.6420 0.3304 0.0000 1.6775
1.1589 1.5760 0.3436 0.0000 1.6201
1.1590 1.5815 0.3383 0.0000 1.6306
1.1556 1.5780 0.3336 0.0000 1.6063
1.1577 1.5794 0.3322 0.0000 1.6227
1.1575 1.5777 0.3357 0.0000 1.6201
1.1591 1.5782 0.3348 0.0000 1.6163
1.1569 1.5774 0.3365 0.0000 1.6161
1.1588 1.5737 0.3385 0.0000 1.6161
1.2254 1.6271 0.2306 0.0001 1.6595
1.1579 1.5773 0.3358 0.0000 1.6170
1.1564 1.5768 0.3370 0.0000 1.6071
1.2413 1.6340 0.2235 0.0002 1.6639
1.1578 1.5763 0.3356 0.0000 1.6143
1.1607 1.5723 0.3423 0.0000 1.6186
1.1597 1.5757 0.3358 0.0000 1.6233
1.1586 1.5740 0.3386 0.0000 1.6177
1.1596 1.5766 0.3366 0.0000 1.6164
1.1575 1.5726 0.3400 0.0000 1.6183
1.1629 1.5783 0.3400 0.0000 1.6276
1.1624 1.5793 0.3406 0.0000 1.6197
1.1484 1.5725 0.3350 0.0000 1.6104
1.1551 1.5728 0.3417 0.0000 1.6127
1.1619 1.5783 0.3360 0.0000 1.6256
1.1600 1.5769 0.3327 0.0000 1.6139
1.1661 1.5747 0.3382 0.0000 1.6192
1.1661 1.5782 0.3365 0.0000 1.6111
1.2296 1.6225 0.2494 0.0000 1.6583
1.1624 1.5761 0.3349 0.0000 1.6022
1.1709 1.5742 0.3411 0.0000 1.6160
1.1668 1.5741 0.3402 0.0000 1.6151
1.1673 1.5779 0.3315 0.0000 1.6104
1.1674 1.5769 0.3344 0.0000 1.6116
1.1677 1.5785 0.3326 0.0000 1.6165
1.1765 1.5789 0.3374 0.0000 1.6252
1.1607 1.5734 0.3362 0.0000 1.6496
1.1673 1.5773 0.3316 0.0000 1.6148
1.1681 1.5775 0.3343 0.0000 1.6204
1.1705 1.5764 0.3364 0.0000 1.6163
1.1692 1.5756 0.3380 0.0000 1.6097
1.1690 1.5744 0.3384 0.0000 1.6125
1.1690 1.5749 0.3397 0.0000 1.6160
1.1688 1.5747 0.3399 0.0000 1.6109
1.1690 1.5749 0.3377 0.0000 1.6107
1.1661 1.5788 0.3334 0.0000 1.6135
1.1612 1.5733 0.3370 0.0000 1.6194
1.1688 1.5768 0.3356 0.0000 1.6227
1.1725 1.5785 0.3344 0.0000 1.6162
1.1832 1.5808 0.3348 0.0000 1.6250
1.1692 1.5780 0.3351 0.0000 1.6170
1.1781 1.5846 0.3352 0.0000 1.6231
1.1719 1.5758 0.3401 0.0000 1.6097
1.1646 1.5736 0.3404 0.0000 1.6317
1.2203 1.6132 0.2678 0.0000 1.6539
1.1682 1.5759 0.3399 0.0000 1.6352
1.1692 1.5760 0.3384 0.0000 1.6133
1.2147 1.6112 0.2682 0.0000 1.6515
1.1642 1.5752 0.3387 0.0000 1.6187
1.1740 1.5828 0.3363 0.0000 1.6231
1.1676 1.5724 0.3434 0.0000 1.6149
1.1707 1.5715 0.3444 0.0000 1.6126
1.1789 1.5809 0.3295 0.0000 1.6201
1.2207 1.6145 0.2631 0.0000 1.6554
1.1843 1.5817 0.3310 0.0000 1.6203
1.1838 1.5816 0.3310 0.0000 1.6203
1.1802 1.5843 0.3247 0.0000 1.6255
1.1825 1.5854 0.3204 0.0000 1.6393
1.1807 1.5858 0.3181 0.0000 1.6215
1.1804 1.5847 0.3234 0.0000 1.6234
1.1764 1.5852 0.3264 0.0000 1.6294
1.1797 1.5817 0.3284 0.0000 1.6193
1.1754 1.5830 0.3221 0.0000 1.6218
1.1937 1.5879 0.3255 0.0000 1.6351
1.1764 1.5812 0.3275 0.0000 1.6172
1.2239 1.6237 0.2357 0.0001 1.6598
1.1786 1.5864 0.3248 0.0000 1.6258
1.1798 1.5818 0.3269 0.0000 1.6304
1.1723 1.5835 0.3263 0.0000 1.6274
1.1784 1.5851 0.3260 0.0000 1.6281
1.1801 1.5904 0.3077 0.0000 1.6111
1.1744 1.5830 0.3207 0.0000 1.6293
1.1819 1.5831 0.3267 0.0000 1.6299
1.1766 1.5791 0.3312 0.0000 1.6161
1.1725 1.5814 0.3273 0.0000 1.6214
1.1703 1.5794 0.3306 0.0000 1.6163
1.1733 1.5792 0.3299 0.0000 1.6288
1.1712 1.5801 0.3287 0.0000 1.6140
1.1624 1.5766 0.3316 0.0000 1.6226
1.1696 1.5803 0.3267 0.0000 1.6257
1.2226 1.6217 0.2410 0.0000 1.6572
1.1671 1.5789 0.3267 0.0000 1.6140
1.1698 1.5820 0.3276 0.0000 1.6218
1.1598 1.5758 0.3301 0.0000 1.6207
1.1659 1.5817 0.3214 0.0000 1.6331
1.1689 1.5820 0.3229 0.0000 1.6192
1.1710 1.5813 0.3232 0.0000 1.6181
1.1667 1.5841 0.3206 0.0000 1.6305
1.1675 1.5856 0.3228 0.0000 1.6417
1.1689 1.5781 0.3299 0.0000 1.6264
1.1672 1.5788 0.3296 0.0000 1.6317
1.1699 1.5801 0.3304 0.0000 1.6129
1.1696 1.5791 0.3294 0.0000 1.6315
1.1721 1.5820 0.3289 0.0000 1.6292
1.1708 1.5784 0.3299 0.0000 1.6320
1.1763 1.5780 0.3322 0.0000 1.6262
1.2143 1.6177 0.2474 0.0000 1.6565
1.1680 1.5757 0.3348 0.0000 1.6154
1.1706 1.5786 0.3336 0.0000 1.6259
1.1756 1.5849 0.3277 0.0000 1.6338
1.1759 1.5855 0.3230 0.0000 1.6256
1.1673 1.5819 0.3213 0.0000 1.6145
1.1808 1.5848 0.3217 0.0000 1.6249
1.1728 1.5820 0.3229 0.0000 1.6177
1.1724 1.5841 0.3221 0.0000 1.6184
1.1690 1.5807 0.3246 0.0000 1.6181
1.1736 1.5804 0.3259 0.0000 1.6171
1.1700 1.5782 0.3292 0.0000 1.6153
1.1682 1.5804 0.3258 0.0000 1.6146
1.1843 1.5902 0.3253 0.0000 1.6372
1.1697 1.5850 0.3148 0.0000 1.6087
1.1697 1.5834 0.3187 0.0000 1.6125
1.1745 1.5825 0.3242 0.0000 1.6299
1.1701 1.5851 0.3154 0.0000 1.6098
1.1814 1.5855 0.3269 0.0000 1.6251
1.1699 1.5832 0.3230 0.0000 1.6230
1.1782 1.5869 0.3233 0.0000 1.6237
1.1735 1.5818 0.3254 0.0000 1.6219
1.1797 1.5910 0.3207 0.0000 1.6287
1.1840 1.5904 0.3245 0.0000 1.6335
1.1759 1.5875 0.3230 0.0000 1.6292
1.1831 1.5931 0.3243 0.0000 1.6347
1.1882 1.5941 0.3229 0.0000 1.6353
1.1750 1.5804 0.3283 0.0000 1.6178
1.1776 1.5861 0.3178 0.0000 1.6235
1.2173 1.6176 0.2560 0.0000 1.6535
1.1831 1.5918 0.3093 0.0000 1.6378
1.1803 1.5887 0.3108 0.0000 1.6226
1.1898 1.5958 0.3089 0.0000 1.6389
1.1877 1.5959 0.3074 0.0000 1.6306
1.1818 1.5914 0.3067 0.0000 1.6267
1.1816 1.5903 0.3081 0.0000 1.6249
1.1821 1.5888 0.3109 0.0000 1.6316
1.1791 1.5893 0.3101 0.0000 1.6259
1.1942 1.6022 0.3121 0.0000 1.6445
1.1773 1.5899 0.3096 0.0000 1.6306
1.1786 1.5898 0.3094 0.0000 1.6266
1.1800 1.5902 0.3080 0.0000 1.6384
1.1776 1.5882 0.3114 0.0000 1.6238
1.1807 1.5890 0.3138 0.0000 1.6321
1.1760 1.5845 0.3199 0.0000 1.6189
1.1892 1.5881 0.3195 0.0000 1.6341
1.1719 1.5835 0.3200 0.0000 1.6279
1.1836 1.5909 0.3178 0.0000 1.6331
1.1739 1.5827 0.3233 0.0000 1.6169
1.1717 1.5810 0.3240 0.0000 1.6155
1.1763 1.5890 0.3174 0.0000 1.6224
1.1791 1.5874 0.3175 0.0000 1.6224
1.1712 1.5832 0.3213 0.0000 1.6274
1.1703 1.5829 0.3217 0.0000 1.6225
1.1696 1.5814 0.3236 0.0000 1.6248
1.1710 1.5810 0.3245 0.0000 1.6164
1.1748 1.5844 0.3200 0.0000 1.6279
1.1738 1.5879 0.3106 0.0000 1.6106
1.1704 1.5826 0.3234 0.0000 1.6222
1.1687 1.5845 0.3235 0.0000 1.6248
1.1702 1.5849 0.3218 0.0000 1.6285
1.1631 1.5831 0.3167 0.0000 1.6076
1.1717 1.5777 0.3329 0.0000 1.6209
1.1677 1.5795 0.3296 0.0000 1.6247
1.1717 1.5826 0.3281 0.0000 1.6241
1.1666 1.5749 0.3364 0.0000 1.6097
1.1727 1.5765 0.3360 0.0000 1.6253
1.1739 1.5782 0.3345 0.0000 1.6279
1.1756 1.5879 0.3258 0.0000 1.6234
1.1833 1.5908 0.3275 0.0000 1.6383
1.1735 1.5843 0.3259 0.0000 1.6243
1.1805 1.5806 0.3326 0.0000 1.6336
1.1759 1.5851 0.3258 0.0000 1.6274
1.1812 1.5888 0.3275 0.0000 1.6424
1.1726 1.5800 0.3326 0.0000 1.6225
1.1717 1.5772 0.3364 0.0000 1.6131
1.1690 1.5839 0.3279 0.0000 1.6287
1.1628 1.5760 0.3332 0.0000 1.6221
1.1646 1.5779 0.3277 0.0000 1.6071
1.1661 1.5797 0.3275 0.0000 1.6194
1.1617 1.5754 0.3327 0.0000 1.6018
1.1643 1.5762 0.3322 0.0000 1.6129
1.1649 1.5779 0.3287 0.0000 1.6058
1.1652 1.5768 0.3314 0.0000 1.6139
1.1654 1.5837 0.3166 0.0000 1.6076
1.1646 1.5795 0.3257 0.0000 1.6145
1.1616 1.5791 0.3248 0.0000 1.6095
1.1652 1.5840 0.3162 0.0000 1.6071
1.1733 1.5897 0.3154 0.0000 1.6254
1.1665 1.5831 0.3212 0.0000 1.6187
1.1660 1.5841 0.3166 0.0000 1.6220
1.1751 1.5872 0.3145 0.0000 1.6336
1.1631 1.5830 0.3169 0.0000 1.6234
1.2144 1.6292 0.2182 0.0002 1.6542
1.1613 1.5810 0.3206 0.0000 1.6159
1.1611 1.5814 0.3210 0.0000 1.6296
1.1648 1.5840 0.3177 0.0000 1.6208
1.1618 1.5807 0.3217 0.0000 1.6179
1.1639 1.5811 0.3223 0.0000 1.6175
1.1682 1.5864 0.3168 0.0000 1.6281
1.1689 1.5868 0.3168 0.0000 1.6328
1.1643 1.5836 0.3201 0.0000 1.6189
1.1635 1.5828 0.3204 0.0000 1.6087
1.1621 1.5847 0.3167 0.0000 1.6273
1.1635 1.5829 0.3184 0.0000 1.6212
1.1630 1.5810 0.3221 0.0000 1.6180
1.1626 1.5837 0.3174 0.0000 1.6176
1.1634 1.5836 0.3190 0.0000 1.6287
1.1638 1.5851 0.3127 0.0000 1.6100
1.1642 1.5827 0.3203 0.0000 1.6167
1.1682 1.5865 0.3111 0.0000 1.6087
1.1624 1.5799 0.3239 0.0000 1.6176
1.1629 1.5814 0.3225 0.0000 1.6166
1.1615 1.5817 0.3205 0.0000 1.6175
1.1600 1.5816 0.3203 0.0000 1.6225
1.1566 1.5802 0.3226 0.0000 1.6163
1.1664 1.5809 0.3243 0.0000 1.6219
1.1666 1.5816 0.3229 0.0000 1.6136
1.1624 1.5791 0.3251 0.0000 1.6124
1.1628 1.5780 0.3281 0.0000 1.6154
1.1623 1.5787 0.3274 0.0000 1.6246
1.1618 1.5790 0.3268 0.0000 1.6175
1.1661 1.5834 0.3205 0.0000 1.6243
1.1602 1.5769 0.3281 0.0000 1.6206
1.1641 1.5792 0.3270 0.0000 1.6156
1.1610 1.5789 0.3250 0.0000 1.6241
1.1784 1.5898 0.3186 0.0000 1.6315
1.1638 1.5797 0.3240 0.0000 1.6066
1.1639 1.5825 0.3196 0.0000 1.6197
1.1593 1.5786 0.3240 0.0000 1.6146
1.1650 1.5834 0.3184 0.0000 1.6239
1.1635 1.5807 0.3215 0.0000 1.6167
1.1634 1.5823 0.3190 0.0000 1.6169
1.1624 1.5806 0.3221 0.0000 1.6176
1.1629 1.5838 0.3168 0.0000 1.6185
1.1600 1.5796 0.3234 0.0000 1.6156
1.1637 1.5804 0.3253 0.0000 1.6200
1.1600 1.5805 0.3233 0.0000 1.6196
1.1599 1.5793 0.3253 0.0000 1.6141
1.1581 1.5767 0.3294 0.0000 1.6151
1.1580 1.5781 0.3276 0.0000 1.6131
1.1587 1.5774 0.3280 0.0000 1.6127
