0.4981 0.6750 0.3447 0.0000 0.8689
0.5007 0.6794 0.3315 0.0000 0.8794
0.5086 0.6952 0.3164 0.0000 0.8791
0.4984 0.6642 0.3262 0.0000 0.9411
0.5076 0.6929 0.3065 0.0000 0.8612
0.4980 0.6663 0.3197 0.0000 0.9327
0.5003 0.6683 0.3090 0.0000 0.9460
0.5001 0.6675 0.3084 0.0000 0.9461
0.5083 0.6950 0.3060 0.0000 0.8511
0.4976 0.6649 0.3241 0.0000 0.9298
0.4998 0.6666 0.3042 0.0000 0.9331
0.4978 0.6615 0.3192 0.0000 0.9376
0.4988 0.6632 0.3295 0.0000 0.9377
0.5054 0.6861 0.3088 0.0000 0.8698
0.5043 0.6828 0.3113 0.0000 0.8790
0.5003 0.6642 0.2862 0.0000 0.9382
0.5001 0.6614 0.3203 0.0000 0.9429
0.5042 0.6805 0.3015 0.0000 0.8784
0.5032 0.6776 0.3033 0.0000 0.8890
0.5037 0.6796 0.3039 0.0000 0.8862
0.5030 0.6777 0.3066 0.0000 0.8963
0.5024 0.6758 0.3073 0.0000 0.9055
0.5034 0.6800 0.3069 0.0000 0.8928
0.5026 0.6776 0.3071 0.0000 0.9011
0.5021 0.6768 0.3110 0.0000 0.9062
0.5016 0.6751 0.3107 0.0000 0.9057
0.5006 0.6724 0.3136 0.0000 0.9173
0.5002 0.6711 0.3156 0.0000 0.9252
0.5005 0.6709 0.3145 0.0000 0.9146
0.5001 0.6623 0.2806 0.0000 0.9373
0.4934 0.6552 0.3433 0.0000 0.9308
0.5004 0.6744 0.3294 0.0000 0.8704
0.4994 0.6719 0.3315 0.0000 0.8772
0.4953 0.6553 0.3209 0.0000 0.9191
0.4962 0.6537 0.3139 0.0000 0.9212
0.4922 0.6534 0.3432 0.0000 0.9367
0.4927 0.6560 0.3349 0.0000 0.9397
0.5027 0.6528 0.2913 0.0000 0.9256
0.4940 0.6541 0.3251 0.0000 0.9194
0.4920 0.6547 0.3429 0.0000 0.9146
0.4938 0.6518 0.3302 0.0000 0.9221
0.4961 0.6549 0.3298 0.0000 0.9432
0.4956 0.6525 0.3189 0.0000 0.9226
0.4981 0.6493 0.3107 0.0000 0.9117
0.4974 0.6520 0.3056 0.0000 0.9109
0.4955 0.6557 0.3224 0.0000 0.9278
0.4957 0.6547 0.3164 0.0000 0.9246
0.4961 0.6531 0.3114 0.0000 0.9233
0.4970 0.6524 0.3075 0.0000 0.9246
0.4954 0.6564 0.3290 0.0000 0.9348
0.4967 0.6527 0.3105 0.0000 0.9222
0.4957 0.6543 0.3205 0.0000 0.9293
0.4980 0.6521 0.3039 0.0000 0.9070
0.5009 0.6439 0.3065 0.0000 0.9837
0.5006 0.6439 0.3081 0.0000 0.9847
0.4974 0.6530 0.3017 0.0000 0.9091
0.4970 0.6552 0.3058 0.0000 0.9231
0.4964 0.6531 0.3115 0.0000 0.9342
0.4967 0.6532 0.3090 0.0000 0.9235
0.5002 0.6479 0.2981 0.0000 0.9502
0.4981 0.6507 0.3037 0.0000 0.9163
0.4965 0.6523 0.3124 0.0000 0.9267
0.4976 0.6535 0.3009 0.0000 0.8883
0.4989 0.6478 0.3064 0.0000 1.1794
0.4971 0.6532 0.3064 0.0000 0.9368
0.4975 0.6531 0.3024 0.0000 0.9173
0.5008 0.6444 0.3098 0.0000 0.9879
0.4957 0.6591 0.3184 0.0000 0.9235
0.4982 0.6563 0.3001 0.0000 0.8530
0.5005 0.6454 0.3088 0.0000 0.9908
0.4968 0.6568 0.3109 0.0000 0.9359
0.4972 0.6565 0.3082 0.0000 0.9356
0.4999 0.6474 0.3153 0.0000 0.9959
0.4977 0.6558 0.3049 0.0000 0.9382
0.4970 0.6573 0.3104 0.0000 0.9262
0.4997 0.6567 0.2971 0.0000 0.8967
0.4983 0.6582 0.2991 0.0000 0.8690
0.4976 0.6547 0.3023 0.0000 0.9276
0.4977 0.6549 0.3023 0.0000 0.9297
0.4975 0.6553 0.3033 0.0000 0.9319
0.4976 0.6515 0.3036 0.0000 0.9761
0.4987 0.6465 0.3105 0.0000 0.9936
0.4984 0.6681 0.3008 0.0000 0.8347
0.5013 0.6777 0.2958 0.0000 0.8271
0.4991 0.6703 0.2985 0.0000 0.8343
0.4992 0.6715 0.2987 0.0000 0.8315
0.4991 0.6710 0.2964 0.0000 0.8282
0.4971 0.6558 0.3012 0.0000 0.9365
0.4995 0.6723 0.2993 0.0000 0.8364
0.4971 0.6558 0.3008 0.0000 0.9321
0.4986 0.6692 0.3005 0.0000 0.8434
0.4977 0.6545 0.2952 0.0000 0.9238
0.4977 0.6485 0.3117 0.0000 1.0036
0.5005 0.6765 0.3006 0.0000 0.8414
0.4996 0.6728 0.3020 0.0000 0.8451
0.5001 0.6743 0.2996 0.0000 0.8412
0.4996 0.6710 0.3015 0.0000 0.8458
0.4964 0.6469 0.3154 0.0000 1.0042
0.4964 0.6471 0.3153 0.0000 1.0057
0.4988 0.6690 0.3043 0.0000 0.8433
0.4986 0.6703 0.3142 0.0000 0.8448
0.4987 0.6701 0.3135 0.0000 0.8460
0.4992 0.6714 0.3084 0.0000 0.8429
0.4993 0.6705 0.3104 0.0000 0.8398
0.4993 0.6701 0.3100 0.0000 0.8414
0.4995 0.6696 0.3105 0.0000 0.8406
0.4999 0.6696 0.3096 0.0000 0.8406
0.5006 0.6706 0.3086 0.0000 0.8430
0.5009 0.6731 0.3080 0.0000 0.8421
0.5004 0.6733 0.3122 0.0000 0.8387
0.5004 0.6715 0.3166 0.0000 0.8334
0.4989 0.6706 0.3309 0.0000 0.8185
0.4983 0.6673 0.3239 0.0000 0.8109
0.5002 0.6750 0.3225 0.0000 0.8188
0.5000 0.6746 0.3227 0.0000 0.8195
0.4993 0.6729 0.3265 0.0000 0.8183
0.4992 0.6725 0.3267 0.0000 0.8192
0.4993 0.6720 0.3264 0.0000 0.8187
0.4993 0.6718 0.3262 0.0000 0.8199
0.5000 0.6722 0.3234 0.0000 0.8161
0.5002 0.6739 0.3215 0.0000 0.8173
0.4993 0.6711 0.3228 0.0000 0.8189
0.5005 0.6741 0.3207 0.0000 0.8175
0.5001 0.6730 0.3198 0.0000 0.8170
0.4995 0.6711 0.3240 0.0000 0.8144
0.4994 0.6708 0.3241 0.0000 0.8152
0.4991 0.6701 0.3250 0.0000 0.8155
0.4988 0.6710 0.3260 0.0000 0.8147
0.4992 0.6727 0.3272 0.0000 0.8143
0.4991 0.6723 0.3274 0.0000 0.8150
0.5004 0.6731 0.3212 0.0000 0.8065
0.4972 0.6686 0.3344 0.0000 0.8063
0.4985 0.6712 0.3282 0.0000 0.8069
0.4987 0.6729 0.3291 0.0000 0.8076
0.5000 0.6743 0.3285 0.0000 0.8061
0.5000 0.6745 0.3289 0.0000 0.8068
0.4997 0.6738 0.3301 0.0000 0.8061
0.4995 0.6730 0.3304 0.0000 0.8061
0.5001 0.6751 0.3288 0.0000 0.8061
0.5000 0.6747 0.3287 0.0000 0.8065
0.4994 0.6730 0.3314 0.0000 0.8053
0.4996 0.6740 0.3313 0.0000 0.8060
0.4992 0.6723 0.3334 0.0000 0.8047
0.4990 0.6724 0.3337 0.0000 0.8052
0.5013 0.6766 0.3246 0.0000 0.8012
0.5007 0.6763 0.3268 0.0000 0.8073
0.5001 0.6749 0.3291 0.0000 0.8048
0.5002 0.6751 0.3237 0.0000 0.8029
0.5001 0.6747 0.3236 0.0000 0.8032
0.5006 0.6772 0.3225 0.0000 0.8042
0.5009 0.6780 0.3219 0.0000 0.8050
0.5009 0.6773 0.3210 0.0000 0.8050
0.5012 0.6772 0.3151 0.0000 0.7991
0.5013 0.6767 0.3174 0.0000 0.8056
0.5012 0.6768 0.3171 0.0000 0.8062
0.5013 0.6782 0.3187 0.0000 0.8067
0.5010 0.6772 0.3195 0.0000 0.8061
0.5010 0.6773 0.3192 0.0000 0.8068
0.5010 0.6772 0.3196 0.0000 0.8072
0.5016 0.6792 0.3163 0.0000 0.8091
0.5018 0.6798 0.3163 0.0000 0.8101
0.5027 0.6816 0.3131 0.0000 0.8105
0.5026 0.6810 0.3121 0.0000 0.8106
0.5026 0.6818 0.3135 0.0000 0.8112
0.5023 0.6806 0.3130 0.0000 0.8106
0.5022 0.6803 0.3132 0.0000 0.8109
0.5021 0.6801 0.3133 0.0000 0.8114
0.5027 0.6826 0.3141 0.0000 0.8127
0.5011 0.6777 0.3151 0.0000 0.8084
0.5011 0.6770 0.3120 0.0000 0.8075
0.5012 0.6765 0.3080 0.0000 0.8068
0.5011 0.6764 0.3088 0.0000 0.8071
0.5013 0.6755 0.3037 0.0000 0.8039
0.5015 0.6756 0.2992 0.0000 0.8040
0.5012 0.6754 0.3008 0.0000 0.8039
0.5010 0.6757 0.3019 0.0000 0.8043
0.5007 0.6744 0.3025 0.0000 0.8035
0.5005 0.6743 0.3072 0.0000 0.8010
0.5011 0.6759 0.3067 0.0000 0.8024
0.5010 0.6749 0.3071 0.0000 0.8021
0.5013 0.6761 0.3065 0.0000 0.8033
0.5014 0.6755 0.3058 0.0000 0.8034
0.5013 0.6749 0.3055 0.0000 0.8034
0.5014 0.6759 0.3062 0.0000 0.8043
0.5013 0.6758 0.3064 0.0000 0.8047
0.5014 0.6762 0.3059 0.0000 0.8055
0.5006 0.6749 0.3126 0.0000 0.8020
0.5015 0.6779 0.3091 0.0000 0.8042
0.5014 0.6773 0.3089 0.0000 0.8042
0.5012 0.6768 0.3090 0.0000 0.8043
0.5011 0.6764 0.3093 0.0000 0.8044
0.5012 0.6768 0.3102 0.0000 0.8048
0.5014 0.6780 0.3127 0.0000 0.8051
0.5015 0.6785 0.3120 0.0000 0.8059
0.5013 0.6774 0.3114 0.0000 0.8053
0.5015 0.6784 0.3101 0.0000 0.8065
0.5009 0.6773 0.3107 0.0000 0.8055
0.5013 0.6783 0.3145 0.0000 0.8051
0.5013 0.6782 0.3146 0.0000 0.8054
0.5009 0.6768 0.3165 0.0000 0.8040
0.5008 0.6767 0.3171 0.0000 0.8042
0.5006 0.6762 0.3173 0.0000 0.8043
0.5011 0.6759 0.3172 0.0000 0.8023
0.5004 0.6746 0.3154 0.0000 0.8009
0.5001 0.6737 0.3166 0.0000 0.8004
0.5001 0.6735 0.3167 0.0000 0.8006
0.5004 0.6735 0.3147 0.0000 0.8007
0.5004 0.6732 0.3144 0.0000 0.8009
0.5002 0.6728 0.3140 0.0000 0.8009
0.5008 0.6745 0.3128 0.0000 0.8022
0.5014 0.6766 0.3116 0.0000 0.8039
0.5013 0.6760 0.3104 0.0000 0.8038
0.5013 0.6760 0.3106 0.0000 0.8042
0.5017 0.6761 0.3093 0.0000 0.8049
0.5016 0.6759 0.3094 0.0000 0.8051
0.5015 0.6756 0.3096 0.0000 0.8053
0.5019 0.6772 0.3088 0.0000 0.8053
0.5018 0.6767 0.3089 0.0000 0.8054
0.5013 0.6753 0.3104 0.0000 0.8041
0.5010 0.6744 0.3109 0.0000 0.8036
0.5011 0.6749 0.3110 0.0000 0.8044
0.5011 0.6749 0.3111 0.0000 0.8048
0.5009 0.6739 0.3124 0.0000 0.8042
0.5005 0.6728 0.3129 0.0000 0.8034
0.5003 0.6718 0.3136 0.0000 0.8029
0.5020 0.6744 0.3078 0.0000 0.8044
0.5021 0.6755 0.3085 0.0000 0.8051
0.5019 0.6748 0.3088 0.0000 0.8050
0.5009 0.6724 0.3130 0.0000 0.8010
0.5007 0.6717 0.3135 0.0000 0.8007
0.5005 0.6705 0.3128 0.0000 0.8001
0.5010 0.6727 0.3129 0.0000 0.8010
0.5009 0.6725 0.3130 0.0000 0.8012
0.5007 0.6719 0.3148 0.0000 0.8007
0.5009 0.6733 0.3148 0.0000 0.8015
0.5009 0.6728 0.3143 0.0000 0.8015
0.5005 0.6718 0.3139 0.0000 0.8007
0.5011 0.6734 0.3117 0.0000 0.8012
0.5018 0.6757 0.3121 0.0000 0.8024
0.5022 0.6772 0.3122 0.0000 0.8035
0.5021 0.6770 0.3122 0.0000 0.8038
0.5022 0.6767 0.3105 0.0000 0.8039
0.5022 0.6773 0.3116 0.0000 0.8044
0.5022 0.6771 0.3117 0.0000 0.8046
0.5009 0.6743 0.3159 0.0000 0.8006
0.5010 0.6743 0.3156 0.0000 0.8010
0.5007 0.6735 0.3164 0.0000 0.8006
0.4999 0.6717 0.3198 0.0000 0.7988
0.5004 0.6728 0.3175 0.0000 0.8002
0.5004 0.6727 0.3176 0.0000 0.8006
0.5005 0.6733 0.3167 0.0000 0.8013
0.5001 0.6720 0.3179 0.0000 0.8000
0.5005 0.6735 0.3176 0.0000 0.8002
0.5004 0.6729 0.3183 0.0000 0.8001
0.5005 0.6733 0.3182 0.0000 0.8007
0.5003 0.6727 0.3190 0.0000 0.8004
0.5010 0.6746 0.3172 0.0000 0.8022
0.5008 0.6739 0.3167 0.0000 0.8019
0.5007 0.6744 0.3172 0.0000 0.8023
0.5005 0.6739 0.3175 0.0000 0.8023
0.5006 0.6741 0.3176 0.0000 0.8027
0.5012 0.6752 0.3168 0.0000 0.8034
0.5012 0.6750 0.3167 0.0000 0.8035
0.5017 0.6749 0.3156 0.0000 0.8030
0.5016 0.6746 0.3158 0.0000 0.8031
0.5022 0.6744 0.3122 0.0000 0.8031
0.5035 0.6775 0.3067 0.0000 0.8054
0.5037 0.6775 0.3067 0.0000 0.8056
0.5038 0.6782 0.3062 0.0000 0.8059
0.5037 0.6775 0.3064 0.0000 0.8055
0.5040 0.6787 0.3065 0.0000 0.8064
0.5040 0.6791 0.3073 0.0000 0.8068
0.5038 0.6785 0.3075 0.0000 0.8065
0.5038 0.6785 0.3078 0.0000 0.8068
0.5043 0.6805 0.3070 0.0000 0.8084
0.5041 0.6800 0.3067 0.0000 0.8083
0.5044 0.6808 0.3067 0.0000 0.8092
0.5049 0.6792 0.3026 0.0000 0.8052
0.5049 0.6796 0.3035 0.0000 0.8056
0.5049 0.6798 0.3032 0.0000 0.8061
0.5048 0.6794 0.3035 0.0000 0.8060
0.5045 0.6781 0.3043 0.0000 0.8052
0.5051 0.6800 0.3039 0.0000 0.8063
0.5051 0.6801 0.3041 0.0000 0.8066
0.5050 0.6796 0.3040 0.0000 0.8066
0.5041 0.6774 0.3081 0.0000 0.8041
0.5041 0.6776 0.3079 0.0000 0.8046
0.5038 0.6767 0.3095 0.0000 0.8040
0.5047 0.6791 0.3060 0.0000 0.8061
0.5046 0.6791 0.3061 0.0000 0.8064
0.5046 0.6783 0.3061 0.0000 0.8060
0.5047 0.6787 0.3064 0.0000 0.8065
0.5046 0.6781 0.3061 0.0000 0.8064
0.5050 0.6796 0.3071 0.0000 0.8067
0.5048 0.6788 0.3057 0.0000 0.8062
0.5051 0.6802 0.3049 0.0000 0.8074
0.5052 0.6804 0.3048 0.0000 0.8079
0.5053 0.6809 0.3044 0.0000 0.8086
0.5057 0.6820 0.3046 0.0000 0.8096
0.5046 0.6799 0.3068 0.0000 0.8071
0.5043 0.6791 0.3074 0.0000 0.8067
0.5043 0.6785 0.3073 0.0000 0.8064
0.5040 0.6778 0.3074 0.0000 0.8061
0.5040 0.6776 0.3076 0.0000 0.8062
0.5043 0.6784 0.3076 0.0000 0.8073
0.5043 0.6780 0.3068 0.0000 0.8074
0.5044 0.6784 0.3072 0.0000 0.8080
0.5045 0.6790 0.3073 0.0000 0.8087
0.5043 0.6781 0.3079 0.0000 0.8081
0.5043 0.6779 0.3080 0.0000 0.8082
0.5030 0.6755 0.3128 0.0000 0.8051
0.5023 0.6740 0.3154 0.0000 0.8036
0.5030 0.6759 0.3138 0.0000 0.8053
0.5035 0.6777 0.3128 0.0000 0.8067
0.5034 0.6773 0.3129 0.0000 0.8067
0.5033 0.6769 0.3124 0.0000 0.8068
0.5037 0.6765 0.3057 0.0000 0.8048
0.5034 0.6753 0.3059 0.0000 0.8040
0.5034 0.6763 0.3087 0.0000 0.8039
0.5029 0.6749 0.3101 0.0000 0.8022
0.5028 0.6747 0.3103 0.0000 0.8024
0.5029 0.6752 0.3114 0.0000 0.8028
0.5028 0.6745 0.3100 0.0000 0.8026
0.5028 0.6740 0.3094 0.0000 0.8026
0.5027 0.6737 0.3092 0.0000 0.8027
0.5029 0.6743 0.3096 0.0000 0.8033
0.5023 0.6735 0.3111 0.0000 0.8022
0.5023 0.6736 0.3108 0.0000 0.8027
0.5023 0.6737 0.3113 0.0000 0.8030
0.5020 0.6731 0.3120 0.0000 0.8026
0.5019 0.6726 0.3125 0.0000 0.8025
0.5016 0.6711 0.3129 0.0000 0.8009
0.5017 0.6717 0.3127 0.0000 0.8016
0.5021 0.6731 0.3136 0.0000 0.8023
0.5022 0.6739 0.3140 0.0000 0.8028
0.5018 0.6721 0.3151 0.0000 0.8006
0.5021 0.6736 0.3149 0.0000 0.8013
0.5019 0.6732 0.3156 0.0000 0.8011
0.5017 0.6725 0.3162 0.0000 0.8007
0.5018 0.6731 0.3171 0.0000 0.8014
0.5018 0.6731 0.3171 0.0000 0.8017
0.5019 0.6735 0.3172 0.0000 0.8023
0.5016 0.6729 0.3184 0.0000 0.8019
0.5013 0.6719 0.3197 0.0000 0.8011
0.5011 0.6713 0.3213 0.0000 0.8006
0.5013 0.6719 0.3205 0.0000 0.8015
0.5012 0.6698 0.3182 0.0000 0.7990
0.5012 0.6704 0.3192 0.0000 0.7995
0.5024 0.6736 0.3189 0.0000 0.8015
0.5025 0.6739 0.3184 0.0000 0.8022
0.5027 0.6743 0.3176 0.0000 0.8029
0.5024 0.6735 0.3183 0.0000 0.8023
0.5024 0.6746 0.3200 0.0000 0.8023
0.5022 0.6741 0.3203 0.0000 0.8021
0.5018 0.6731 0.3227 0.0000 0.8010
0.5021 0.6740 0.3221 0.0000 0.8021
0.5018 0.6730 0.3225 0.0000 0.8014
0.5017 0.6728 0.3228 0.0000 0.8014
0.5023 0.6742 0.3214 0.0000 0.8032
0.5021 0.6731 0.3238 0.0000 0.8013
0.5021 0.6739 0.3241 0.0000 0.8020
0.5021 0.6738 0.3241 0.0000 0.8023
0.5021 0.6736 0.3242 0.0000 0.8024
0.5017 0.6722 0.3251 0.0000 0.8009
0.5013 0.6715 0.3264 0.0000 0.8003
0.5017 0.6723 0.3252 0.0000 0.8015
0.5017 0.6722 0.3252 0.0000 0.8017
0.5018 0.6726 0.3249 0.0000 0.8024
0.5020 0.6720 0.3232 0.0000 0.8021
0.5019 0.6714 0.3222 0.0000 0.8018
0.5019 0.6709 0.3218 0.0000 0.8017
0.5017 0.6704 0.3223 0.0000 0.8014
0.5019 0.6712 0.3218 0.0000 0.8024
0.5018 0.6707 0.3208 0.0000 0.8023
0.5018 0.6704 0.3195 0.0000 0.8024
0.5018 0.6704 0.3195 0.0000 0.8026
0.5017 0.6698 0.3190 0.0000 0.8023
0.5014 0.6685 0.3195 0.0000 0.8012
0.5010 0.6675 0.3213 0.0000 0.8000
0.5008 0.6669 0.3216 0.0000 0.7998
0.5007 0.6661 0.3226 0.0000 0.7992
0.5004 0.6654 0.3230 0.0000 0.7987
0.5005 0.6655 0.3231 0.0000 0.7990
0.5003 0.6646 0.3241 0.0000 0.7982
0.5005 0.6658 0.3233 0.0000 0.7996
0.5005 0.6666 0.3243 0.0000 0.7991
0.5002 0.6649 0.3261 0.0000 0.7972
0.5009 0.6666 0.3247 0.0000 0.7980
0.5006 0.6656 0.3256 0.0000 0.7971
0.5006 0.6657 0.3257 0.0000 0.7974
0.5006 0.6658 0.3257 0.0000 0.7978
0.5007 0.6659 0.3258 0.0000 0.7981
0.5014 0.6666 0.3219 0.0000 0.7993
0.5013 0.6660 0.3218 0.0000 0.7989
0.5012 0.6658 0.3218 0.0000 0.7991
0.5012 0.6657 0.3218 0.0000 0.7993
0.5011 0.6652 0.3216 0.0000 0.7992
0.5010 0.6644 0.3212 0.0000 0.7987
0.5011 0.6643 0.3208 0.0000 0.7989
0.5010 0.6640 0.3212 0.0000 0.7989
0.5011 0.6637 0.3206 0.0000 0.7990
0.5010 0.6639 0.3211 0.0000 0.7993
0.5010 0.6639 0.3212 0.0000 0.7995
0.5011 0.6641 0.3208 0.0000 0.8001
0.5010 0.6638 0.3209 0.0000 0.8001
0.5010 0.6638 0.3210 0.0000 0.8004
0.5010 0.6638 0.3212 0.0000 0.8007
0.5009 0.6648 0.3218 0.0000 0.8009
0.5011 0.6652 0.3218 0.0000 0.8016
0.5011 0.6641 0.3208 0.0000 0.8008
0.5011 0.6649 0.3216 0.0000 0.8014
0.5011 0.6643 0.3219 0.0000 0.8011
0.5011 0.6645 0.3223 0.0000 0.8014
0.5012 0.6650 0.3220 0.0000 0.8022
0.5014 0.6651 0.3219 0.0000 0.8036
0.5016 0.6655 0.3213 0.0000 0.8043
0.5015 0.6658 0.3215 0.0000 0.8048
0.5014 0.6657 0.3216 0.0000 0.8050
0.5015 0.6663 0.3219 0.0000 0.8057
0.5015 0.6660 0.3218 0.0000 0.8057
0.5015 0.6658 0.3219 0.0000 0.8059
0.5015 0.6659 0.3219 0.0000 0.8063
0.5016 0.6661 0.3219 0.0000 0.8068
0.5019 0.6669 0.3216 0.0000 0.8089
0.5019 0.6669 0.3217 0.0000 0.8092
0.5013 0.6650 0.3231 0.0000 0.8068
0.5014 0.6663 0.3235 0.0000 0.8075
0.5014 0.6664 0.3235 0.0000 0.8079
0.5014 0.6662 0.3236 0.0000 0.8081
0.5011 0.6654 0.3245 0.0000 0.8074
0.5010 0.6649 0.3245 0.0000 0.8072
0.5023 0.6662 0.3197 0.0000 0.8092
0.5015 0.6643 0.3189 0.0000 0.8069
0.5016 0.6647 0.3191 0.0000 0.8074
0.5015 0.6644 0.3194 0.0000 0.8075
0.5013 0.6628 0.3184 0.0000 0.8048
0.5011 0.6620 0.3191 0.0000 0.8041
0.5011 0.6620 0.3190 0.0000 0.8044
0.5013 0.6626 0.3189 0.0000 0.8050
0.5019 0.6639 0.3183 0.0000 0.8061
0.5017 0.6634 0.3185 0.0000 0.8059
0.5017 0.6636 0.3190 0.0000 0.8050
0.5017 0.6630 0.3183 0.0000 0.8049
0.5019 0.6641 0.3202 0.0000 0.8052
0.5019 0.6638 0.3200 0.0000 0.8053
0.5016 0.6622 0.3221 0.0000 0.8036
0.5008 0.6600 0.3253 0.0000 0.8010
0.5008 0.6598 0.3254 0.0000 0.8010
0.5006 0.6585 0.3268 0.0000 0.7997
0.5006 0.6580 0.3267 0.0000 0.7996
0.5006 0.6578 0.3267 0.0000 0.7998
