1.3001 1.8360 0.2043 0.0005 1.8181
1.2973 1.8373 0.2036 0.0006 1.8183
1.3009 1.8386 0.2026 0.0006 1.8261
1.3301 1.8776 0.1869 0.0016 1.8730
1.3289 1.8717 0.1798 0.0024 1.8634
1.3256 1.8685 0.1802 0.0023 1.8620
1.3194 1.8548 0.1857 0.0017 1.8339
1.3229 1.8572 0.1856 0.0017 1.8453
1.3088 1.8443 0.1865 0.0016 1.8285
1.2953 1.8325 0.1884 0.0015 1.8144
1.2906 1.8196 0.1954 0.0010 1.8017
1.2977 1.8249 0.1977 0.0008 1.8123
1.2949 1.8262 0.1955 0.0009 1.8126
1.2859 1.8097 0.2012 0.0007 1.7989
1.2899 1.8141 0.2036 0.0006 1.8053
1.2448 1.7749 0.1972 0.0009 1.7614
1.2225 1.7520 0.2055 0.0005 1.7420
1.1786 1.7039 0.2128 0.0003 1.7124
1.1749 1.6967 0.2172 0.0002 1.7179
1.2219 1.7441 0.2080 0.0004 1.7499
1.2280 1.7534 0.2061 0.0005 1.7544
1.2352 1.7560 0.2027 0.0006 1.7627
1.1818 1.6983 0.2173 0.0002 1.7336
1.1799 1.6946 0.2182 0.0002 1.7381
1.2034 1.7266 0.2149 0.0003 1.7382
1.1967 1.7190 0.2191 0.0002 1.7324
1.1496 1.6633 0.2450 0.0000 1.6931
1.1440 1.6525 0.2545 0.0000 1.6949
1.1449 1.6562 0.2531 0.0000 1.6934
1.1556 1.6630 0.2493 0.0000 1.7049
1.1582 1.6639 0.2482 0.0000 1.7125
1.1469 1.6552 0.2667 0.0000 1.6949
1.2107 1.7241 0.2420 0.0000 1.7295
1.1426 1.6502 0.2711 0.0000 1.6904
1.1432 1.6515 0.2706 0.0000 1.6905
1.1371 1.6496 0.2790 0.0000 1.6821
1.1365 1.6482 0.2799 0.0000 1.6836
1.1306 1.6413 0.2873 0.0000 1.6799
1.1299 1.6403 0.2877 0.0000 1.6815
1.1301 1.6409 0.2871 0.0000 1.6810
1.1213 1.6300 0.2924 0.0000 1.6704
1.1189 1.6218 0.2979 0.0000 1.6681
1.1203 1.6244 0.2960 0.0000 1.6685
1.1233 1.6205 0.2933 0.0000 1.6686
1.1255 1.6201 0.2891 0.0000 1.6691
1.1255 1.6215 0.2887 0.0000 1.6667
1.1233 1.6224 0.2910 0.0000 1.6626
1.1230 1.6267 0.2904 0.0000 1.6577
1.1231 1.6234 0.2917 0.0000 1.6606
1.1201 1.6179 0.2962 0.0000 1.6617
1.1196 1.6130 0.3009 0.0000 1.6565
1.1218 1.6177 0.2981 0.0000 1.6556
1.1236 1.6146 0.2976 0.0000 1.6565
1.1231 1.6125 0.2993 0.0000 1.6591
1.1215 1.6108 0.2984 0.0000 1.6528
1.1217 1.6080 0.2997 0.0000 1.6555
1.1269 1.6159 0.2923 0.0000 1.6557
1.1272 1.6158 0.2929 0.0000 1.6568
1.1308 1.6164 0.2890 0.0000 1.6598
1.1299 1.6136 0.2916 0.0000 1.6614
1.1276 1.6096 0.2957 0.0000 1.6621
1.1284 1.6082 0.2957 0.0000 1.6655
1.1283 1.6072 0.2965 0.0000 1.6676
1.1271 1.6038 0.2994 0.0000 1.6678
1.1261 1.6048 0.2995 0.0000 1.6663
1.1276 1.6032 0.2983 0.0000 1.6690
1.1279 1.6039 0.2973 0.0000 1.6681
1.1250 1.6047 0.3025 0.0000 1.6572
1.1215 1.6043 0.3052 0.0000 1.6550
1.1217 1.6034 0.3058 0.0000 1.6573
1.1213 1.6059 0.3051 0.0000 1.6555
1.1166 1.6055 0.3097 0.0000 1.6514
1.1163 1.6050 0.3106 0.0000 1.6520
1.1149 1.6072 0.3097 0.0000 1.6501
1.1127 1.6088 0.3121 0.0000 1.6471
1.1128 1.6068 0.3091 0.0000 1.6472
1.1130 1.6074 0.3088 0.0000 1.6474
1.1129 1.6059 0.3099 0.0000 1.6490
1.1114 1.6066 0.3117 0.0000 1.6460
1.1116 1.6049 0.3123 0.0000 1.6484
1.1108 1.6059 0.3127 0.0000 1.6460
1.1103 1.6042 0.3145 0.0000 1.6467
1.1102 1.6037 0.3154 0.0000 1.6475
1.1057 1.5996 0.3214 0.0000 1.6394
1.1055 1.5994 0.3221 0.0000 1.6393
1.1050 1.5970 0.3244 0.0000 1.6398
1.1041 1.5981 0.3243 0.0000 1.6371
1.1025 1.5977 0.3268 0.0000 1.6356
1.1023 1.5962 0.3263 0.0000 1.6373
1.1021 1.5953 0.3274 0.0000 1.6385
1.1037 1.5971 0.3262 0.0000 1.6390
1.1014 1.5972 0.3286 0.0000 1.6366
1.1009 1.5944 0.3314 0.0000 1.6369
1.1008 1.5937 0.3323 0.0000 1.6381
1.1011 1.5917 0.3326 0.0000 1.6392
1.1013 1.5911 0.3330 0.0000 1.6399
1.1032 1.5920 0.3304 0.0000 1.6418
1.1027 1.5926 0.3302 0.0000 1.6409
1.1036 1.5955 0.3268 0.0000 1.6403
1.0999 1.5952 0.3340 0.0000 1.6343
1.0992 1.5958 0.3344 0.0000 1.6329
1.0996 1.5962 0.3340 0.0000 1.6340
1.1012 1.5993 0.3312 0.0000 1.6347
1.1008 1.5975 0.3327 0.0000 1.6360
1.0979 1.5900 0.3417 0.0000 1.6315
1.0948 1.5853 0.3455 0.0000 1.6295
1.0955 1.5837 0.3460 0.0000 1.6314
1.0930 1.5829 0.3482 0.0000 1.6298
1.0933 1.5802 0.3485 0.0000 1.6303
1.0923 1.5806 0.3505 0.0000 1.6278
1.0924 1.5807 0.3506 0.0000 1.6279
1.0926 1.5827 0.3487 0.0000 1.6281
1.0887 1.5786 0.3525 0.0000 1.6254
1.0882 1.5801 0.3541 0.0000 1.6226
1.0884 1.5789 0.3550 0.0000 1.6233
1.0883 1.5780 0.3543 0.0000 1.6249
1.0877 1.5787 0.3545 0.0000 1.6235
1.0872 1.5775 0.3554 0.0000 1.6246
1.0870 1.5796 0.3536 0.0000 1.6245
1.0841 1.5754 0.3622 0.0000 1.6205
1.0850 1.5759 0.3597 0.0000 1.6205
1.0843 1.5761 0.3602 0.0000 1.6190
1.0843 1.5759 0.3606 0.0000 1.6194
1.0868 1.5834 0.3544 0.0000 1.6192
1.0880 1.5843 0.3539 0.0000 1.6206
1.0867 1.5875 0.3569 0.0000 1.6170
1.0869 1.5919 0.3561 0.0000 1.6154
1.0851 1.5890 0.3566 0.0000 1.6148
1.0849 1.5852 0.3583 0.0000 1.6146
1.0853 1.5841 0.3579 0.0000 1.6161
1.0858 1.5831 0.3587 0.0000 1.6170
1.0865 1.5820 0.3562 0.0000 1.6174
1.0866 1.5812 0.3569 0.0000 1.6182
1.0867 1.5809 0.3567 0.0000 1.6193
1.0857 1.5846 0.3553 0.0000 1.6174
1.0893 1.5913 0.3502 0.0000 1.6177
1.0888 1.5894 0.3516 0.0000 1.6182
1.0894 1.5902 0.3517 0.0000 1.6176
1.0897 1.5883 0.3541 0.0000 1.6188
1.0876 1.5888 0.3550 0.0000 1.6173
1.0875 1.5889 0.3553 0.0000 1.6170
1.0869 1.5864 0.3554 0.0000 1.6168
1.0878 1.5886 0.3542 0.0000 1.6171
1.0877 1.5868 0.3518 0.0000 1.6178
1.0873 1.5878 0.3515 0.0000 1.6169
1.0875 1.5872 0.3514 0.0000 1.6177
1.0873 1.5879 0.3510 0.0000 1.6171
1.0869 1.5870 0.3505 0.0000 1.6179
1.0873 1.5879 0.3511 0.0000 1.6167
1.0880 1.5872 0.3495 0.0000 1.6184
1.0881 1.5886 0.3495 0.0000 1.6173
1.0898 1.5878 0.3466 0.0000 1.6184
1.0902 1.5872 0.3458 0.0000 1.6196
1.0899 1.5877 0.3462 0.0000 1.6190
1.0882 1.5847 0.3489 0.0000 1.6168
1.0934 1.5917 0.3409 0.0000 1.6200
1.0948 1.5924 0.3388 0.0000 1.6218
1.0938 1.5909 0.3396 0.0000 1.6219
1.0921 1.5907 0.3403 0.0000 1.6212
1.0908 1.5893 0.3421 0.0000 1.6208
1.0901 1.5896 0.3425 0.0000 1.6206
1.0902 1.5904 0.3423 0.0000 1.6201
1.0901 1.5903 0.3421 0.0000 1.6206
1.0904 1.5939 0.3396 0.0000 1.6200
1.0904 1.5945 0.3396 0.0000 1.6198
1.0904 1.5947 0.3397 0.0000 1.6200
1.0909 1.5957 0.3391 0.0000 1.6200
1.0933 1.5962 0.3357 0.0000 1.6220
1.0930 1.5964 0.3359 0.0000 1.6221
1.0902 1.5932 0.3389 0.0000 1.6190
1.0909 1.5964 0.3375 0.0000 1.6180
1.0896 1.5929 0.3408 0.0000 1.6172
1.0910 1.5922 0.3398 0.0000 1.6185
1.0899 1.5927 0.3406 0.0000 1.6176
1.0897 1.5916 0.3414 0.0000 1.6177
1.0899 1.5925 0.3410 0.0000 1.6176
1.0913 1.5919 0.3396 0.0000 1.6196
1.0932 1.5932 0.3373 0.0000 1.6177
1.0941 1.5997 0.3297 0.0000 1.6180
1.0938 1.5993 0.3305 0.0000 1.6180
1.0950 1.5989 0.3284 0.0000 1.6194
1.0950 1.5989 0.3286 0.0000 1.6192
1.0947 1.5988 0.3293 0.0000 1.6190
1.0944 1.5989 0.3300 0.0000 1.6184
1.0897 1.5980 0.3344 0.0000 1.6158
1.0895 1.5971 0.3351 0.0000 1.6161
1.0892 1.5959 0.3358 0.0000 1.6162
1.0892 1.5957 0.3360 0.0000 1.6163
1.0932 1.5945 0.3397 0.0000 1.6228
1.0927 1.5952 0.3396 0.0000 1.6220
1.0904 1.5936 0.3429 0.0000 1.6206
1.0906 1.5929 0.3435 0.0000 1.6210
1.0912 1.5948 0.3431 0.0000 1.6201
1.0922 1.5983 0.3403 0.0000 1.6198
1.0909 1.5973 0.3446 0.0000 1.6177
1.0909 1.5973 0.3449 0.0000 1.6178
1.0883 1.5957 0.3518 0.0000 1.6147
1.0886 1.5958 0.3511 0.0000 1.6154
1.0894 1.5967 0.3478 0.0000 1.6163
1.0895 1.5974 0.3472 0.0000 1.6165
1.0880 1.5964 0.3506 0.0000 1.6149
1.0881 1.5974 0.3523 0.0000 1.6138
1.0877 1.5958 0.3524 0.0000 1.6140
1.0874 1.5958 0.3533 0.0000 1.6132
1.0878 1.5977 0.3520 0.0000 1.6129
1.0890 1.6008 0.3483 0.0000 1.6132
1.0890 1.6013 0.3484 0.0000 1.6126
1.0900 1.6039 0.3462 0.0000 1.6124
1.0898 1.6033 0.3464 0.0000 1.6131
1.0922 1.6068 0.3462 0.0000 1.6136
1.0907 1.6069 0.3473 0.0000 1.6122
1.0905 1.6069 0.3485 0.0000 1.6116
1.0907 1.6069 0.3468 0.0000 1.6127
1.0889 1.6039 0.3482 0.0000 1.6173
1.0886 1.6030 0.3495 0.0000 1.6173
1.0878 1.6009 0.3512 0.0000 1.6172
1.0882 1.5985 0.3520 0.0000 1.6176
1.0882 1.5997 0.3525 0.0000 1.6175
1.0885 1.6012 0.3522 0.0000 1.6176
1.0885 1.6016 0.3522 0.0000 1.6172
1.0886 1.6014 0.3516 0.0000 1.6179
1.0870 1.5983 0.3551 0.0000 1.6157
1.0870 1.5985 0.3553 0.0000 1.6157
1.0870 1.5975 0.3538 0.0000 1.6160
1.0865 1.5977 0.3546 0.0000 1.6151
1.0867 1.5981 0.3539 0.0000 1.6153
1.0873 1.5969 0.3549 0.0000 1.6147
1.0884 1.5973 0.3517 0.0000 1.6160
1.0892 1.6003 0.3507 0.0000 1.6155
1.0892 1.5999 0.3505 0.0000 1.6160
1.0895 1.6006 0.3502 0.0000 1.6160
1.0892 1.5997 0.3505 0.0000 1.6165
1.0850 1.5936 0.3594 0.0000 1.6141
1.0847 1.5948 0.3604 0.0000 1.6129
1.0846 1.5949 0.3605 0.0000 1.6127
1.0882 1.5975 0.3563 0.0000 1.6147
1.0883 1.5992 0.3541 0.0000 1.6147
1.0925 1.6043 0.3523 0.0000 1.6152
1.0929 1.6038 0.3519 0.0000 1.6158
1.0950 1.6074 0.3499 0.0000 1.6163
1.0950 1.6077 0.3498 0.0000 1.6163
1.0946 1.6058 0.3505 0.0000 1.6170
1.0954 1.6082 0.3478 0.0000 1.6173
1.0953 1.6084 0.3481 0.0000 1.6170
1.0942 1.6069 0.3487 0.0000 1.6162
1.0925 1.6060 0.3519 0.0000 1.6146
1.0928 1.6073 0.3523 0.0000 1.6142
1.0894 1.6023 0.3574 0.0000 1.6117
1.0905 1.6021 0.3545 0.0000 1.6130
1.0906 1.6026 0.3543 0.0000 1.6129
1.0931 1.6075 0.3473 0.0000 1.6144
1.0931 1.6056 0.3497 0.0000 1.6142
1.0926 1.6045 0.3509 0.0000 1.6142
1.0918 1.6036 0.3588 0.0000 1.6116
1.0915 1.6033 0.3557 0.0000 1.6118
1.0914 1.6029 0.3563 0.0000 1.6118
1.0912 1.6028 0.3568 0.0000 1.6116
1.0895 1.6002 0.3581 0.0000 1.6108
1.0909 1.6022 0.3551 0.0000 1.6115
1.0908 1.6031 0.3547 0.0000 1.6111
1.0914 1.6022 0.3554 0.0000 1.6111
1.0913 1.6018 0.3557 0.0000 1.6113
1.0916 1.6015 0.3554 0.0000 1.6117
1.0924 1.6032 0.3541 0.0000 1.6119
1.0932 1.6060 0.3517 0.0000 1.6124
1.0935 1.6060 0.3522 0.0000 1.6123
1.0965 1.6101 0.3481 0.0000 1.6140
1.0975 1.6121 0.3466 0.0000 1.6143
1.0929 1.6079 0.3490 0.0000 1.6138
1.0927 1.6058 0.3516 0.0000 1.6129
1.0940 1.6084 0.3501 0.0000 1.6134
1.0943 1.6080 0.3491 0.0000 1.6140
1.0939 1.6066 0.3499 0.0000 1.6141
1.0942 1.6058 0.3517 0.0000 1.6137
1.0947 1.6067 0.3506 0.0000 1.6140
1.0938 1.6048 0.3515 0.0000 1.6139
1.0932 1.6033 0.3525 0.0000 1.6138
1.0956 1.6074 0.3470 0.0000 1.6153
1.0972 1.6109 0.3448 0.0000 1.6163
1.0960 1.6088 0.3455 0.0000 1.6159
1.0952 1.6070 0.3461 0.0000 1.6158
1.0951 1.6073 0.3481 0.0000 1.6152
1.0950 1.6067 0.3476 0.0000 1.6156
1.0967 1.6097 0.3464 0.0000 1.6159
1.0962 1.6078 0.3470 0.0000 1.6158
1.0958 1.6064 0.3464 0.0000 1.6157
1.0956 1.6056 0.3471 0.0000 1.6158
1.0957 1.6049 0.3465 0.0000 1.6162
1.0955 1.6040 0.3468 0.0000 1.6165
1.0953 1.6047 0.3477 0.0000 1.6159
1.0956 1.6045 0.3478 0.0000 1.6162
1.0948 1.6049 0.3482 0.0000 1.6159
1.0954 1.6043 0.3481 0.0000 1.6167
1.0954 1.6039 0.3479 0.0000 1.6170
1.0948 1.6047 0.3476 0.0000 1.6162
1.0936 1.6045 0.3480 0.0000 1.6156
1.0935 1.6051 0.3477 0.0000 1.6154
1.0943 1.6054 0.3452 0.0000 1.6163
1.0942 1.6039 0.3467 0.0000 1.6161
1.0953 1.6064 0.3426 0.0000 1.6167
1.0962 1.6083 0.3414 0.0000 1.6168
1.0973 1.6124 0.3399 0.0000 1.6174
1.0961 1.6111 0.3396 0.0000 1.6164
1.0972 1.6130 0.3382 0.0000 1.6166
1.0972 1.6130 0.3383 0.0000 1.6165
1.0968 1.6139 0.3380 0.0000 1.6162
1.0980 1.6135 0.3365 0.0000 1.6172
1.0983 1.6134 0.3364 0.0000 1.6175
1.0983 1.6130 0.3366 0.0000 1.6178
1.0980 1.6123 0.3367 0.0000 1.6180
1.0998 1.6135 0.3291 0.0000 1.6208
1.0989 1.6111 0.3308 0.0000 1.6201
1.0978 1.6091 0.3316 0.0000 1.6191
1.0981 1.6100 0.3307 0.0000 1.6190
1.0974 1.6100 0.3321 0.0000 1.6181
1.0977 1.6107 0.3317 0.0000 1.6180
1.0977 1.6112 0.3316 0.0000 1.6179
1.0979 1.6102 0.3313 0.0000 1.6178
1.0978 1.6112 0.3314 0.0000 1.6173
1.0976 1.6120 0.3308 0.0000 1.6169
1.0982 1.6132 0.3296 0.0000 1.6171
1.0982 1.6118 0.3296 0.0000 1.6169
1.0979 1.6112 0.3296 0.0000 1.6167
1.0980 1.6113 0.3298 0.0000 1.6169
1.0983 1.6100 0.3307 0.0000 1.6171
1.0985 1.6099 0.3306 0.0000 1.6175
1.0985 1.6100 0.3306 0.0000 1.6175
1.0982 1.6084 0.3324 0.0000 1.6173
1.0980 1.6090 0.3322 0.0000 1.6169
1.0998 1.6119 0.3293 0.0000 1.6181
1.0996 1.6119 0.3299 0.0000 1.6178
1.1005 1.6139 0.3271 0.0000 1.6181
1.1003 1.6146 0.3275 0.0000 1.6181
1.1020 1.6161 0.3228 0.0000 1.6196
1.1019 1.6164 0.3230 0.0000 1.6193
1.1015 1.6141 0.3268 0.0000 1.6186
1.1002 1.6114 0.3297 0.0000 1.6174
1.0980 1.6083 0.3337 0.0000 1.6158
1.0973 1.6080 0.3351 0.0000 1.6149
1.0971 1.6068 0.3352 0.0000 1.6148
1.0976 1.6067 0.3315 0.0000 1.6214
1.0975 1.6069 0.3318 0.0000 1.6211
1.0976 1.6063 0.3319 0.0000 1.6207
1.0963 1.6061 0.3343 0.0000 1.6195
1.0963 1.6060 0.3344 0.0000 1.6196
1.0967 1.6062 0.3329 0.0000 1.6204
1.0960 1.6045 0.3344 0.0000 1.6201
1.0959 1.6046 0.3346 0.0000 1.6199
1.0959 1.6051 0.3347 0.0000 1.6196
1.0969 1.6074 0.3321 0.0000 1.6201
1.0973 1.6071 0.3305 0.0000 1.6208
1.0967 1.6060 0.3309 0.0000 1.6204
1.0962 1.6054 0.3327 0.0000 1.6199
1.0961 1.6055 0.3327 0.0000 1.6198
1.0962 1.6045 0.3334 0.0000 1.6200
1.0959 1.6044 0.3318 0.0000 1.6201
1.0957 1.6041 0.3324 0.0000 1.6200
1.0957 1.6038 0.3326 0.0000 1.6202
1.0958 1.6045 0.3321 0.0000 1.6201
1.0959 1.6048 0.3320 0.0000 1.6201
1.0960 1.6059 0.3311 0.0000 1.6205
1.0959 1.6059 0.3313 0.0000 1.6205
1.0957 1.6050 0.3317 0.0000 1.6207
1.0950 1.6055 0.3325 0.0000 1.6198
1.0950 1.6059 0.3321 0.0000 1.6197
1.0952 1.6054 0.3326 0.0000 1.6199
1.0970 1.6070 0.3286 0.0000 1.6206
1.1033 1.6101 0.3212 0.0000 1.6225
1.1043 1.6101 0.3197 0.0000 1.6236
1.1040 1.6104 0.3199 0.0000 1.6230
1.1038 1.6095 0.3205 0.0000 1.6233
1.1036 1.6103 0.3220 0.0000 1.6221
1.1037 1.6097 0.3214 0.0000 1.6226
1.1036 1.6105 0.3205 0.0000 1.6224
1.1038 1.6104 0.3202 0.0000 1.6228
1.1032 1.6104 0.3208 0.0000 1.6222
1.1022 1.6100 0.3219 0.0000 1.6219
1.1015 1.6104 0.3237 0.0000 1.6213
1.1011 1.6090 0.3251 0.0000 1.6213
1.1017 1.6096 0.3232 0.0000 1.6222
1.1019 1.6093 0.3227 0.0000 1.6227
1.1020 1.6100 0.3220 0.0000 1.6225
1.1019 1.6095 0.3223 0.0000 1.6227
1.1027 1.6114 0.3207 0.0000 1.6228
1.1033 1.6113 0.3193 0.0000 1.6239
1.1028 1.6104 0.3196 0.0000 1.6241
1.1028 1.6102 0.3199 0.0000 1.6242
1.1030 1.6110 0.3195 0.0000 1.6239
1.1031 1.6104 0.3196 0.0000 1.6243
1.1043 1.6117 0.3198 0.0000 1.6240
1.1068 1.6154 0.3143 0.0000 1.6255
1.1075 1.6173 0.3122 0.0000 1.6253
1.1076 1.6171 0.3121 0.0000 1.6256
1.1065 1.6146 0.3152 0.0000 1.6248
1.1063 1.6149 0.3158 0.0000 1.6242
1.1063 1.6142 0.3158 0.0000 1.6239
1.1063 1.6140 0.3159 0.0000 1.6240
1.1061 1.6140 0.3194 0.0000 1.6223
1.1078 1.6155 0.3153 0.0000 1.6234
1.1071 1.6141 0.3162 0.0000 1.6226
1.1064 1.6127 0.3179 0.0000 1.6225
1.1064 1.6123 0.3176 0.0000 1.6228
1.1064 1.6124 0.3177 0.0000 1.6228
1.1071 1.6139 0.3153 0.0000 1.6233
1.1071 1.6132 0.3157 0.0000 1.6235
1.1058 1.6111 0.3179 0.0000 1.6227
1.1062 1.6124 0.3169 0.0000 1.6226
1.1061 1.6136 0.3162 0.0000 1.6225
1.1070 1.6133 0.3154 0.0000 1.6225
1.1071 1.6140 0.3153 0.0000 1.6225
1.1067 1.6125 0.3165 0.0000 1.6225
1.1066 1.6126 0.3166 0.0000 1.6224
1.1066 1.6129 0.3165 0.0000 1.6222
1.1066 1.6129 0.3159 0.0000 1.6225
1.1075 1.6133 0.3142 0.0000 1.6243
1.1075 1.6131 0.3144 0.0000 1.6244
1.1080 1.6152 0.3125 0.0000 1.6246
1.1079 1.6150 0.3127 0.0000 1.6246
1.1080 1.6148 0.3126 0.0000 1.6249
1.1087 1.6171 0.3112 0.0000 1.6250
1.1101 1.6180 0.3077 0.0000 1.6263
1.1093 1.6189 0.3082 0.0000 1.6256
1.1093 1.6187 0.3082 0.0000 1.6256
1.1092 1.6195 0.3083 0.0000 1.6256
1.1090 1.6199 0.3082 0.0000 1.6252
1.1069 1.6182 0.3131 0.0000 1.6233
1.1049 1.6163 0.3177 0.0000 1.6216
1.1062 1.6180 0.3161 0.0000 1.6221
1.1050 1.6159 0.3180 0.0000 1.6213
1.1047 1.6167 0.3173 0.0000 1.6211
1.1050 1.6171 0.3170 0.0000 1.6211
1.1050 1.6169 0.3172 0.0000 1.6213
1.1047 1.6169 0.3178 0.0000 1.6209
1.1053 1.6162 0.3168 0.0000 1.6212
1.1034 1.6127 0.3217 0.0000 1.6198
1.1037 1.6124 0.3215 0.0000 1.6200
1.1039 1.6127 0.3214 0.0000 1.6201
1.1044 1.6133 0.3210 0.0000 1.6203
1.1043 1.6132 0.3213 0.0000 1.6203
1.1039 1.6133 0.3219 0.0000 1.6199
1.1025 1.6120 0.3251 0.0000 1.6187
1.1000 1.6090 0.3295 0.0000 1.6170
1.1000 1.6089 0.3295 0.0000 1.6172
1.1003 1.6096 0.3300 0.0000 1.6167
1.1007 1.6110 0.3291 0.0000 1.6166
1.1039 1.6148 0.3254 0.0000 1.6178
1.1035 1.6138 0.3256 0.0000 1.6176
1.1036 1.6137 0.3257 0.0000 1.6177
1.1029 1.6124 0.3268 0.0000 1.6176
1.0954 1.6079 0.3388 0.0000 1.6125
1.0951 1.6068 0.3394 0.0000 1.6125
