0.8349 1.2647 0.3849 0.0003 1.3935
0.8261 1.2546 0.3865 0.0002 1.3818
0.8196 1.2509 0.3649 0.0006 1.3861
0.8189 1.2578 0.3878 0.0002 1.3801
0.8168 1.2543 0.3875 0.0002 1.3761
0.8159 1.2519 0.3861 0.0002 1.3723
0.8163 1.2514 0.3879 0.0002 1.3692
0.8206 1.2569 0.3784 0.0003 1.3718
0.7978 1.2332 0.3930 0.0002 1.3624
0.7927 1.2286 0.3924 0.0002 1.3624
0.7927 1.2267 0.3924 0.0002 1.3591
0.7962 1.2271 0.3951 0.0002 1.3567
0.7951 1.2228 0.3903 0.0002 1.3564
0.7937 1.2199 0.3906 0.0002 1.3553
0.7943 1.2244 0.3965 0.0002 1.3563
0.7931 1.2202 0.3994 0.0001 1.3529
0.7888 1.2161 0.3988 0.0001 1.3532
0.7941 1.2240 0.3962 0.0002 1.3585
0.7910 1.2200 0.3949 0.0002 1.3588
0.7950 1.2286 0.3974 0.0002 1.3606
0.7926 1.2246 0.4008 0.0001 1.3609
0.7907 1.2207 0.4025 0.0001 1.3601
0.7900 1.2237 0.3877 0.0002 1.3651
0.7901 1.2217 0.3881 0.0002 1.3620
0.7914 1.2240 0.3875 0.0002 1.3625
0.7909 1.2209 0.3890 0.0002 1.3584
0.7974 1.2269 0.4016 0.0001 1.3584
0.8013 1.2354 0.4009 0.0001 1.3620
0.8023 1.2367 0.4012 0.0001 1.3615
0.8026 1.2354 0.4018 0.0001 1.3587
0.7895 1.2254 0.4030 0.0001 1.3576
0.7987 1.2362 0.3899 0.0002 1.3589
0.7998 1.2369 0.3735 0.0004 1.3640
0.7990 1.2346 0.3678 0.0005 1.3660
0.7981 1.2349 0.3708 0.0004 1.3642
0.7959 1.2328 0.3742 0.0004 1.3642
0.7962 1.2274 0.3796 0.0003 1.3660
0.7948 1.2133 0.4041 0.0001 1.3606
0.7995 1.2206 0.3998 0.0001 1.3703
0.8010 1.2228 0.3957 0.0002 1.3687
0.7996 1.2284 0.3939 0.0002 1.3723
0.7999 1.2260 0.3936 0.0002 1.3675
0.7996 1.2277 0.3968 0.0002 1.3675
0.8003 1.2281 0.3957 0.0002 1.3655
0.7990 1.2231 0.3956 0.0002 1.3685
0.7993 1.2232 0.3975 0.0002 1.3667
0.7994 1.2212 0.3988 0.0001 1.3626
0.7977 1.2173 0.4020 0.0001 1.3607
0.7970 1.2136 0.4044 0.0001 1.3561
0.7969 1.2108 0.4041 0.0001 1.3541
0.7975 1.2103 0.4045 0.0001 1.3516
0.7965 1.2075 0.4064 0.0001 1.3479
0.7950 1.2045 0.4098 0.0001 1.3493
0.7943 1.2025 0.4095 0.0001 1.3512
0.7948 1.2019 0.4097 0.0001 1.3487
0.7921 1.1946 0.4211 0.0001 1.3459
0.7923 1.1958 0.4240 0.0000 1.3481
0.7926 1.1964 0.4241 0.0000 1.3471
0.7929 1.1959 0.4231 0.0000 1.3496
0.7924 1.1940 0.4228 0.0001 1.3478
0.7928 1.1935 0.4228 0.0001 1.3458
0.7911 1.1981 0.4179 0.0001 1.3488
0.7909 1.1942 0.4213 0.0001 1.3462
0.7913 1.1941 0.4214 0.0001 1.3448
0.7895 1.1914 0.4190 0.0001 1.3444
0.7888 1.1924 0.4217 0.0001 1.3449
0.7869 1.1904 0.4183 0.0001 1.3451
0.7864 1.1932 0.4183 0.0001 1.3468
0.7876 1.1922 0.4168 0.0001 1.3443
0.7890 1.1938 0.4241 0.0000 1.3435
0.7889 1.1953 0.4249 0.0000 1.3443
0.7889 1.1932 0.4243 0.0000 1.3430
0.7892 1.1938 0.4240 0.0000 1.3427
0.7892 1.1941 0.4242 0.0000 1.3424
0.7899 1.1933 0.4242 0.0000 1.3408
0.7905 1.1919 0.4253 0.0000 1.3389
0.7853 1.1860 0.4311 0.0000 1.3387
0.7854 1.1830 0.4333 0.0000 1.3359
0.7849 1.1859 0.4328 0.0000 1.3380
0.7836 1.1856 0.4317 0.0000 1.3355
0.7835 1.1845 0.4292 0.0000 1.3355
0.7836 1.1828 0.4261 0.0000 1.3350
0.7820 1.1829 0.4308 0.0000 1.3340
0.7829 1.1808 0.4308 0.0000 1.3318
0.7829 1.1807 0.4318 0.0000 1.3310
0.7831 1.1822 0.4370 0.0000 1.3301
0.7848 1.1857 0.4331 0.0000 1.3334
0.7848 1.1835 0.4324 0.0000 1.3306
0.7847 1.1853 0.4338 0.0000 1.3310
0.7837 1.1876 0.4325 0.0000 1.3297
0.7830 1.1852 0.4333 0.0000 1.3272
0.7827 1.1861 0.4344 0.0000 1.3275
0.7825 1.1871 0.4348 0.0000 1.3283
0.7826 1.1897 0.4328 0.0000 1.3284
0.7821 1.1903 0.4347 0.0000 1.3283
0.7836 1.1899 0.4300 0.0000 1.3293
0.7831 1.1924 0.4298 0.0000 1.3311
0.7818 1.1906 0.4307 0.0000 1.3313
0.7815 1.1871 0.4342 0.0000 1.3280
0.7798 1.1845 0.4377 0.0000 1.3277
0.7798 1.1901 0.4308 0.0000 1.3286
0.7801 1.1886 0.4289 0.0000 1.3301
0.7794 1.1847 0.4331 0.0000 1.3267
0.7782 1.1858 0.4345 0.0000 1.3274
0.7818 1.1894 0.4336 0.0000 1.3290
0.7805 1.1845 0.4399 0.0000 1.3287
0.7807 1.1840 0.4402 0.0000 1.3272
0.7805 1.1810 0.4408 0.0000 1.3255
0.7803 1.1840 0.4392 0.0000 1.3268
0.7801 1.1825 0.4397 0.0000 1.3249
0.7804 1.1803 0.4399 0.0000 1.3249
0.7806 1.1844 0.4392 0.0000 1.3277
0.7801 1.1852 0.4401 0.0000 1.3276
0.7817 1.1852 0.4370 0.0000 1.3276
0.7828 1.1841 0.4344 0.0000 1.3287
0.7829 1.1839 0.4346 0.0000 1.3275
0.7831 1.1834 0.4347 0.0000 1.3262
0.7833 1.1828 0.4336 0.0000 1.3249
0.7823 1.1854 0.4384 0.0000 1.3232
0.7825 1.1841 0.4384 0.0000 1.3212
0.7826 1.1840 0.4386 0.0000 1.3205
0.7819 1.1811 0.4411 0.0000 1.3213
0.7819 1.1796 0.4419 0.0000 1.3194
0.7813 1.1762 0.4455 0.0000 1.3173
0.7814 1.1756 0.4439 0.0000 1.3166
0.7820 1.1752 0.4423 0.0000 1.3160
0.7830 1.1749 0.4399 0.0000 1.3172
0.7830 1.1784 0.4366 0.0000 1.3189
0.7840 1.1831 0.4321 0.0000 1.3234
0.7845 1.1829 0.4307 0.0000 1.3227
0.7843 1.1804 0.4320 0.0000 1.3217
0.7844 1.1805 0.4323 0.0000 1.3212
0.7842 1.1809 0.4343 0.0000 1.3205
0.7846 1.1794 0.4346 0.0000 1.3191
0.7848 1.1797 0.4346 0.0000 1.3189
0.7851 1.1786 0.4348 0.0000 1.3177
0.7851 1.1774 0.4360 0.0000 1.3162
0.7852 1.1777 0.4358 0.0000 1.3162
0.7861 1.1765 0.4352 0.0000 1.3160
0.7861 1.1766 0.4362 0.0000 1.3159
0.7838 1.1700 0.4468 0.0000 1.3143
0.7853 1.1715 0.4471 0.0000 1.3147
0.7864 1.1700 0.4517 0.0000 1.3151
0.7849 1.1673 0.4512 0.0000 1.3146
0.7841 1.1678 0.4529 0.0000 1.3138
0.7842 1.1707 0.4499 0.0000 1.3153
0.7845 1.1743 0.4475 0.0000 1.3182
0.7853 1.1730 0.4567 0.0000 1.3153
0.7843 1.1697 0.4586 0.0000 1.3166
0.7845 1.1700 0.4584 0.0000 1.3163
0.7847 1.1695 0.4588 0.0000 1.3156
0.7845 1.1678 0.4599 0.0000 1.3144
0.7848 1.1688 0.4596 0.0000 1.3143
0.7851 1.1723 0.4566 0.0000 1.3168
0.7847 1.1728 0.4572 0.0000 1.3169
0.7850 1.1731 0.4574 0.0000 1.3168
0.7837 1.1729 0.4588 0.0000 1.3157
0.7837 1.1721 0.4586 0.0000 1.3148
0.7837 1.1722 0.4597 0.0000 1.3145
0.7838 1.1708 0.4594 0.0000 1.3133
0.7840 1.1717 0.4590 0.0000 1.3136
0.7823 1.1662 0.4642 0.0000 1.3122
0.7831 1.1702 0.4609 0.0000 1.3142
0.7830 1.1688 0.4616 0.0000 1.3131
0.7831 1.1686 0.4607 0.0000 1.3129
0.7829 1.1691 0.4614 0.0000 1.3126
0.7826 1.1682 0.4599 0.0000 1.3118
0.7865 1.1695 0.4658 0.0000 1.3109
0.7865 1.1676 0.4672 0.0000 1.3096
0.7866 1.1677 0.4673 0.0000 1.3094
0.7867 1.1687 0.4667 0.0000 1.3097
0.7869 1.1687 0.4668 0.0000 1.3095
0.7874 1.1676 0.4668 0.0000 1.3089
0.7875 1.1658 0.4682 0.0000 1.3080
0.7876 1.1679 0.4666 0.0000 1.3088
0.7880 1.1676 0.4665 0.0000 1.3087
0.7901 1.1675 0.4637 0.0000 1.3097
0.7919 1.1682 0.4615 0.0000 1.3109
0.7915 1.1687 0.4618 0.0000 1.3109
0.7917 1.1670 0.4619 0.0000 1.3095
0.7922 1.1667 0.4614 0.0000 1.3093
0.7940 1.1668 0.4589 0.0000 1.3103
0.7951 1.1674 0.4560 0.0000 1.3110
0.7953 1.1680 0.4559 0.0000 1.3112
0.7951 1.1679 0.4568 0.0000 1.3109
0.7950 1.1681 0.4572 0.0000 1.3109
0.7944 1.1683 0.4573 0.0000 1.3105
0.7941 1.1685 0.4577 0.0000 1.3104
0.7935 1.1698 0.4568 0.0000 1.3105
0.7935 1.1688 0.4563 0.0000 1.3101
0.7939 1.1682 0.4545 0.0000 1.3104
0.7930 1.1699 0.4544 0.0000 1.3107
0.7916 1.1700 0.4560 0.0000 1.3100
0.7920 1.1703 0.4537 0.0000 1.3099
0.7921 1.1696 0.4526 0.0000 1.3095
0.7922 1.1696 0.4528 0.0000 1.3095
0.7923 1.1711 0.4516 0.0000 1.3105
0.7924 1.1709 0.4517 0.0000 1.3106
0.7928 1.1688 0.4529 0.0000 1.3103
0.7912 1.1682 0.4559 0.0000 1.3088
0.7916 1.1676 0.4543 0.0000 1.3085
0.7902 1.1656 0.4527 0.0000 1.3090
0.7906 1.1656 0.4489 0.0000 1.3101
0.7906 1.1657 0.4489 0.0000 1.3101
0.7907 1.1645 0.4493 0.0000 1.3093
0.7905 1.1644 0.4503 0.0000 1.3091
0.7907 1.1647 0.4468 0.0000 1.3104
0.7907 1.1648 0.4469 0.0000 1.3105
0.7921 1.1703 0.4395 0.0000 1.3143
0.7925 1.1703 0.4387 0.0000 1.3145
0.7914 1.1694 0.4442 0.0000 1.3117
0.7915 1.1696 0.4443 0.0000 1.3119
0.7903 1.1714 0.4425 0.0000 1.3118
0.7902 1.1714 0.4445 0.0000 1.3114
0.7895 1.1719 0.4451 0.0000 1.3113
0.7895 1.1738 0.4430 0.0000 1.3122
0.7896 1.1741 0.4433 0.0000 1.3124
0.7893 1.1744 0.4439 0.0000 1.3127
0.7905 1.1754 0.4403 0.0000 1.3138
0.7911 1.1763 0.4403 0.0000 1.3141
0.7910 1.1772 0.4404 0.0000 1.3145
0.7910 1.1770 0.4407 0.0000 1.3144
0.7911 1.1762 0.4391 0.0000 1.3146
0.7909 1.1768 0.4391 0.0000 1.3150
0.7908 1.1760 0.4398 0.0000 1.3149
0.7907 1.1747 0.4415 0.0000 1.3142
0.7904 1.1757 0.4409 0.0000 1.3148
0.7900 1.1765 0.4412 0.0000 1.3149
0.7900 1.1764 0.4410 0.0000 1.3150
0.7902 1.1763 0.4413 0.0000 1.3151
0.7903 1.1762 0.4415 0.0000 1.3151
0.7907 1.1757 0.4405 0.0000 1.3144
0.7895 1.1752 0.4382 0.0000 1.3140
0.7916 1.1762 0.4342 0.0000 1.3159
0.7913 1.1763 0.4348 0.0000 1.3157
0.7914 1.1763 0.4356 0.0000 1.3157
0.7911 1.1763 0.4361 0.0000 1.3158
0.7902 1.1762 0.4389 0.0000 1.3157
0.7896 1.1770 0.4388 0.0000 1.3155
0.7896 1.1765 0.4384 0.0000 1.3152
0.7897 1.1764 0.4385 0.0000 1.3154
0.7899 1.1751 0.4396 0.0000 1.3143
0.7900 1.1750 0.4398 0.0000 1.3144
0.7900 1.1753 0.4398 0.0000 1.3148
0.7902 1.1761 0.4400 0.0000 1.3153
0.7904 1.1760 0.4401 0.0000 1.3155
0.7898 1.1760 0.4409 0.0000 1.3153
0.7899 1.1760 0.4411 0.0000 1.3154
0.7895 1.1755 0.4413 0.0000 1.3154
0.7885 1.1736 0.4414 0.0000 1.3137
0.7889 1.1752 0.4400 0.0000 1.3153
0.7893 1.1772 0.4373 0.0000 1.3167
0.7895 1.1778 0.4347 0.0000 1.3167
0.7895 1.1774 0.4351 0.0000 1.3166
0.7890 1.1782 0.4351 0.0000 1.3168
0.7881 1.1777 0.4373 0.0000 1.3162
0.7879 1.1770 0.4372 0.0000 1.3150
0.7874 1.1777 0.4373 0.0000 1.3158
0.7876 1.1786 0.4363 0.0000 1.3166
0.7879 1.1792 0.4361 0.0000 1.3170
0.7871 1.1780 0.4367 0.0000 1.3158
0.7875 1.1784 0.4348 0.0000 1.3161
0.7875 1.1782 0.4352 0.0000 1.3162
0.7871 1.1793 0.4342 0.0000 1.3167
0.7868 1.1803 0.4332 0.0000 1.3169
0.7870 1.1808 0.4333 0.0000 1.3174
0.7870 1.1808 0.4334 0.0000 1.3176
0.7859 1.1811 0.4346 0.0000 1.3166
0.7853 1.1815 0.4354 0.0000 1.3172
0.7852 1.1809 0.4361 0.0000 1.3170
0.7851 1.1812 0.4370 0.0000 1.3177
0.7852 1.1814 0.4373 0.0000 1.3183
0.7853 1.1818 0.4373 0.0000 1.3189
0.7851 1.1819 0.4383 0.0000 1.3190
0.7837 1.1768 0.4440 0.0000 1.3148
0.7830 1.1755 0.4456 0.0000 1.3137
0.7825 1.1730 0.4491 0.0000 1.3113
0.7825 1.1722 0.4501 0.0000 1.3107
0.7827 1.1715 0.4494 0.0000 1.3098
0.7827 1.1710 0.4490 0.0000 1.3092
0.7816 1.1699 0.4488 0.0000 1.3087
0.7812 1.1705 0.4489 0.0000 1.3089
0.7794 1.1664 0.4548 0.0000 1.3047
0.7797 1.1685 0.4530 0.0000 1.3066
0.7800 1.1686 0.4506 0.0000 1.3052
0.7804 1.1678 0.4493 0.0000 1.3034
0.7797 1.1690 0.4482 0.0000 1.3042
0.7794 1.1705 0.4465 0.0000 1.3049
0.7805 1.1707 0.4433 0.0000 1.3061
0.7805 1.1709 0.4433 0.0000 1.3064
0.7809 1.1695 0.4436 0.0000 1.3039
0.7808 1.1712 0.4433 0.0000 1.3074
0.7815 1.1713 0.4420 0.0000 1.3074
0.7816 1.1711 0.4412 0.0000 1.3076
0.7810 1.1717 0.4415 0.0000 1.3077
0.7810 1.1709 0.4417 0.0000 1.3068
0.7813 1.1709 0.4413 0.0000 1.3069
0.7809 1.1728 0.4398 0.0000 1.3080
0.7811 1.1732 0.4397 0.0000 1.3085
0.7809 1.1732 0.4401 0.0000 1.3087
0.7808 1.1728 0.4405 0.0000 1.3084
0.7809 1.1733 0.4404 0.0000 1.3090
0.7807 1.1738 0.4404 0.0000 1.3096
0.7805 1.1739 0.4408 0.0000 1.3097
0.7807 1.1735 0.4410 0.0000 1.3094
0.7807 1.1718 0.4432 0.0000 1.3080
0.7808 1.1718 0.4429 0.0000 1.3081
0.7812 1.1718 0.4421 0.0000 1.3079
0.7815 1.1718 0.4418 0.0000 1.3080
0.7810 1.1728 0.4367 0.0000 1.3099
0.7808 1.1728 0.4375 0.0000 1.3093
0.7816 1.1734 0.4358 0.0000 1.3096
0.7816 1.1725 0.4361 0.0000 1.3089
0.7817 1.1729 0.4359 0.0000 1.3095
0.7825 1.1741 0.4343 0.0000 1.3103
0.7827 1.1737 0.4341 0.0000 1.3105
0.7824 1.1721 0.4354 0.0000 1.3096
0.7823 1.1725 0.4356 0.0000 1.3100
0.7821 1.1725 0.4360 0.0000 1.3101
0.7814 1.1719 0.4376 0.0000 1.3093
0.7812 1.1730 0.4361 0.0000 1.3102
0.7800 1.1712 0.4383 0.0000 1.3093
0.7802 1.1718 0.4384 0.0000 1.3096
0.7805 1.1704 0.4391 0.0000 1.3078
0.7806 1.1699 0.4391 0.0000 1.3069
0.7805 1.1698 0.4392 0.0000 1.3069
0.7805 1.1696 0.4385 0.0000 1.3068
0.7803 1.1698 0.4390 0.0000 1.3071
0.7808 1.1715 0.4366 0.0000 1.3086
0.7808 1.1712 0.4370 0.0000 1.3084
0.7807 1.1714 0.4376 0.0000 1.3084
0.7808 1.1721 0.4376 0.0000 1.3087
0.7816 1.1720 0.4364 0.0000 1.3083
0.7822 1.1708 0.4337 0.0000 1.3045
0.7822 1.1702 0.4344 0.0000 1.3041
0.7821 1.1710 0.4342 0.0000 1.3042
0.7822 1.1706 0.4344 0.0000 1.3037
0.7817 1.1709 0.4344 0.0000 1.3040
0.7817 1.1708 0.4346 0.0000 1.3041
0.7817 1.1700 0.4343 0.0000 1.3029
0.7816 1.1703 0.4343 0.0000 1.3034
0.7802 1.1680 0.4390 0.0000 1.2997
0.7807 1.1683 0.4377 0.0000 1.2999
0.7815 1.1698 0.4340 0.0000 1.3015
0.7815 1.1693 0.4366 0.0000 1.3008
0.7815 1.1695 0.4366 0.0000 1.3009
0.7815 1.1689 0.4375 0.0000 1.3005
0.7815 1.1695 0.4367 0.0000 1.3007
0.7814 1.1658 0.4439 0.0000 1.2986
0.7817 1.1674 0.4411 0.0000 1.2995
0.7817 1.1659 0.4428 0.0000 1.2988
0.7818 1.1658 0.4423 0.0000 1.2990
0.7820 1.1668 0.4403 0.0000 1.2990
0.7821 1.1665 0.4406 0.0000 1.2989
0.7820 1.1666 0.4407 0.0000 1.2990
0.7819 1.1672 0.4402 0.0000 1.2989
0.7820 1.1687 0.4381 0.0000 1.3001
0.7822 1.1688 0.4377 0.0000 1.3002
0.7825 1.1694 0.4371 0.0000 1.3008
0.7835 1.1710 0.4332 0.0000 1.3025
0.7834 1.1711 0.4333 0.0000 1.3024
0.7842 1.1727 0.4306 0.0000 1.3034
0.7841 1.1728 0.4311 0.0000 1.3034
0.7842 1.1723 0.4315 0.0000 1.3031
0.7843 1.1718 0.4324 0.0000 1.3018
0.7845 1.1714 0.4322 0.0000 1.3015
0.7846 1.1716 0.4321 0.0000 1.3017
0.7846 1.1715 0.4323 0.0000 1.3018
0.7845 1.1716 0.4326 0.0000 1.3018
0.7846 1.1725 0.4317 0.0000 1.3026
0.7846 1.1725 0.4319 0.0000 1.3028
0.7851 1.1727 0.4315 0.0000 1.3034
0.7853 1.1728 0.4310 0.0000 1.3037
0.7852 1.1728 0.4311 0.0000 1.3039
0.7853 1.1718 0.4324 0.0000 1.3035
0.7854 1.1729 0.4313 0.0000 1.3044
0.7854 1.1729 0.4315 0.0000 1.3046
0.7854 1.1735 0.4307 0.0000 1.3038
0.7857 1.1728 0.4315 0.0000 1.3033
0.7860 1.1726 0.4303 0.0000 1.3024
0.7860 1.1726 0.4305 0.0000 1.3025
0.7865 1.1728 0.4297 0.0000 1.3030
0.7877 1.1725 0.4278 0.0000 1.3037
0.7875 1.1723 0.4286 0.0000 1.3037
0.7873 1.1722 0.4292 0.0000 1.3037
0.7873 1.1721 0.4294 0.0000 1.3038
0.7872 1.1716 0.4296 0.0000 1.3037
0.7874 1.1731 0.4284 0.0000 1.3052
0.7879 1.1736 0.4276 0.0000 1.3047
0.7881 1.1735 0.4276 0.0000 1.3050
0.7880 1.1734 0.4279 0.0000 1.3051
0.7878 1.1733 0.4286 0.0000 1.3050
0.7879 1.1730 0.4290 0.0000 1.3050
0.7881 1.1739 0.4277 0.0000 1.3056
0.7893 1.1739 0.4256 0.0000 1.3060
0.7896 1.1738 0.4240 0.0000 1.3059
0.7896 1.1736 0.4236 0.0000 1.3061
0.7894 1.1738 0.4243 0.0000 1.3057
0.7897 1.1740 0.4245 0.0000 1.3048
0.7893 1.1744 0.4243 0.0000 1.3046
0.7893 1.1742 0.4248 0.0000 1.3046
0.7894 1.1746 0.4247 0.0000 1.3051
0.7894 1.1746 0.4245 0.0000 1.3052
0.7894 1.1746 0.4247 0.0000 1.3054
0.7896 1.1742 0.4246 0.0000 1.3053
0.7896 1.1743 0.4248 0.0000 1.3054
0.7901 1.1741 0.4242 0.0000 1.3051
0.7901 1.1741 0.4243 0.0000 1.3053
0.7902 1.1745 0.4239 0.0000 1.3058
0.7902 1.1745 0.4241 0.0000 1.3059
0.7897 1.1742 0.4251 0.0000 1.3058
0.7897 1.1741 0.4254 0.0000 1.3058
0.7897 1.1728 0.4274 0.0000 1.3050
0.7896 1.1729 0.4274 0.0000 1.3052
0.7896 1.1721 0.4287 0.0000 1.3047
0.7895 1.1721 0.4289 0.0000 1.3048
0.7894 1.1724 0.4287 0.0000 1.3049
0.7895 1.1725 0.4285 0.0000 1.3053
0.7896 1.1727 0.4283 0.0000 1.3055
0.7898 1.1729 0.4281 0.0000 1.3059
0.7895 1.1727 0.4285 0.0000 1.3057
0.7896 1.1727 0.4276 0.0000 1.3055
0.7895 1.1726 0.4278 0.0000 1.3057
0.7893 1.1724 0.4284 0.0000 1.3056
0.7893 1.1724 0.4286 0.0000 1.3058
0.7886 1.1721 0.4302 0.0000 1.3048
0.7896 1.1738 0.4266 0.0000 1.3062
0.7899 1.1746 0.4254 0.0000 1.3065
0.7896 1.1740 0.4264 0.0000 1.3061
0.7896 1.1738 0.4264 0.0000 1.3062
0.7889 1.1719 0.4307 0.0000 1.3065
0.7881 1.1697 0.4348 0.0000 1.3051
0.7878 1.1698 0.4346 0.0000 1.3052
0.7880 1.1701 0.4341 0.0000 1.3054
0.7879 1.1699 0.4344 0.0000 1.3054
0.7881 1.1695 0.4341 0.0000 1.3049
0.7881 1.1695 0.4343 0.0000 1.3051
0.7877 1.1686 0.4362 0.0000 1.3046
0.7882 1.1695 0.4343 0.0000 1.3044
0.7883 1.1706 0.4318 0.0000 1.3048
0.7886 1.1703 0.4320 0.0000 1.3048
0.7886 1.1704 0.4319 0.0000 1.3050
0.7883 1.1706 0.4318 0.0000 1.3045
0.7885 1.1713 0.4314 0.0000 1.3042
0.7885 1.1713 0.4315 0.0000 1.3043
0.7885 1.1710 0.4311 0.0000 1.3025
0.7883 1.1710 0.4314 0.0000 1.3023
0.7886 1.1721 0.4294 0.0000 1.3030
0.7879 1.1706 0.4315 0.0000 1.3022
0.7879 1.1698 0.4327 0.0000 1.3017
0.7880 1.1702 0.4335 0.0000 1.3020
