0.8371 1.2574 0.3927 0.0002 1.3318
0.8305 1.2499 0.3806 0.0003 1.3357
0.8210 1.2412 0.3844 0.0003 1.3314
0.8220 1.2439 0.3808 0.0003 1.3324
0.8205 1.2436 0.3861 0.0002 1.3294
0.8257 1.2531 0.3710 0.0004 1.3350
0.8232 1.2519 0.3958 0.0002 1.3272
0.8222 1.2505 0.3964 0.0002 1.3269
0.8208 1.2488 0.3944 0.0002 1.3277
0.7981 1.2228 0.4124 0.0001 1.3155
0.7955 1.2205 0.4090 0.0001 1.3158
0.7983 1.2228 0.4118 0.0001 1.3158
0.7957 1.2132 0.4140 0.0001 1.3124
0.7952 1.2119 0.4152 0.0001 1.3124
0.7943 1.2141 0.4214 0.0001 1.3105
0.7908 1.2096 0.4209 0.0001 1.3108
0.7899 1.2077 0.4230 0.0000 1.3108
0.7965 1.2130 0.4231 0.0000 1.3123
0.8015 1.2213 0.4231 0.0000 1.3118
0.8004 1.2175 0.4274 0.0000 1.3106
0.8008 1.2206 0.4093 0.0001 1.3136
0.8003 1.2186 0.4107 0.0001 1.3135
0.8008 1.2207 0.4079 0.0001 1.3143
0.8006 1.2200 0.4094 0.0001 1.3145
0.7971 1.2159 0.4065 0.0001 1.3147
0.8029 1.2208 0.4207 0.0001 1.3113
0.8015 1.2186 0.4227 0.0001 1.3105
0.8051 1.2243 0.4246 0.0000 1.3114
0.8054 1.2255 0.4268 0.0000 1.3117
0.8042 1.2233 0.4299 0.0000 1.3112
0.8096 1.2352 0.4113 0.0001 1.3152
0.8010 1.2145 0.4391 0.0000 1.3041
0.8020 1.2180 0.4324 0.0000 1.3060
0.8034 1.2170 0.4275 0.0000 1.3068
0.8062 1.2218 0.4243 0.0000 1.3118
0.8074 1.2167 0.4261 0.0000 1.3123
0.8060 1.2203 0.4269 0.0000 1.3129
0.7996 1.2093 0.4289 0.0000 1.3127
0.7983 1.2093 0.4342 0.0000 1.3105
0.8003 1.2089 0.4137 0.0001 1.3151
0.8015 1.2079 0.4058 0.0001 1.3161
0.8020 1.2073 0.4055 0.0001 1.3153
0.8013 1.2061 0.4023 0.0001 1.3160
0.8013 1.2077 0.4002 0.0001 1.3160
0.8014 1.2080 0.4007 0.0001 1.3153
0.7985 1.2086 0.4047 0.0001 1.3138
0.7987 1.2021 0.4017 0.0001 1.3152
0.7976 1.2017 0.4054 0.0001 1.3137
0.7971 1.1983 0.4102 0.0001 1.3120
0.7971 1.1984 0.4100 0.0001 1.3114
0.7968 1.1960 0.4135 0.0001 1.3096
0.7966 1.1944 0.4134 0.0001 1.3093
0.7963 1.1911 0.4172 0.0001 1.3089
0.7972 1.1899 0.4167 0.0001 1.3093
0.7953 1.1808 0.4290 0.0000 1.3064
0.7943 1.1806 0.4336 0.0000 1.3060
0.7944 1.1801 0.4324 0.0000 1.3058
0.7943 1.1804 0.4325 0.0000 1.3051
0.7963 1.1814 0.4282 0.0000 1.3071
0.7965 1.1825 0.4275 0.0000 1.3067
0.7964 1.1816 0.4364 0.0000 1.3033
0.7954 1.1853 0.4323 0.0000 1.3044
0.7953 1.1853 0.4328 0.0000 1.3037
0.7947 1.1816 0.4383 0.0000 1.3020
0.7941 1.1826 0.4392 0.0000 1.3015
0.7941 1.1820 0.4401 0.0000 1.3009
0.7949 1.1816 0.4368 0.0000 1.3011
0.7934 1.1798 0.4440 0.0000 1.2986
0.7931 1.1825 0.4440 0.0000 1.2984
0.7929 1.1824 0.4447 0.0000 1.2978
0.7926 1.1826 0.4449 0.0000 1.2979
0.7922 1.1830 0.4451 0.0000 1.2974
0.7914 1.1834 0.4485 0.0000 1.2965
0.7874 1.1771 0.4551 0.0000 1.2958
0.7859 1.1764 0.4511 0.0000 1.2970
0.7876 1.1781 0.4520 0.0000 1.2966
0.7870 1.1774 0.4484 0.0000 1.2974
0.7856 1.1788 0.4469 0.0000 1.2985
0.7857 1.1798 0.4461 0.0000 1.2984
0.7855 1.1785 0.4476 0.0000 1.2976
0.7847 1.1774 0.4472 0.0000 1.2971
0.7844 1.1765 0.4474 0.0000 1.2963
0.7841 1.1749 0.4480 0.0000 1.2959
0.7818 1.1745 0.4578 0.0000 1.2936
0.7819 1.1796 0.4517 0.0000 1.2973
0.7812 1.1781 0.4544 0.0000 1.2969
0.7806 1.1784 0.4572 0.0000 1.2960
0.7803 1.1804 0.4559 0.0000 1.2968
0.7802 1.1801 0.4544 0.0000 1.2964
0.7801 1.1798 0.4549 0.0000 1.2958
0.7801 1.1798 0.4559 0.0000 1.2951
0.7792 1.1762 0.4603 0.0000 1.2935
0.7783 1.1731 0.4652 0.0000 1.2917
0.7774 1.1698 0.4706 0.0000 1.2898
0.7770 1.1691 0.4714 0.0000 1.2892
0.7753 1.1631 0.4798 0.0000 1.2877
0.7760 1.1649 0.4797 0.0000 1.2878
0.7790 1.1726 0.4705 0.0000 1.2913
0.7793 1.1754 0.4734 0.0000 1.2933
0.7794 1.1752 0.4733 0.0000 1.2930
0.7800 1.1728 0.4725 0.0000 1.2920
0.7797 1.1734 0.4737 0.0000 1.2916
0.7809 1.1726 0.4686 0.0000 1.2935
0.7826 1.1731 0.4623 0.0000 1.2953
0.7812 1.1729 0.4655 0.0000 1.2942
0.7818 1.1763 0.4635 0.0000 1.2954
0.7816 1.1760 0.4649 0.0000 1.2946
0.7816 1.1760 0.4651 0.0000 1.2942
0.7810 1.1774 0.4659 0.0000 1.2942
0.7810 1.1773 0.4661 0.0000 1.2939
0.7802 1.1767 0.4690 0.0000 1.2920
0.7801 1.1738 0.4698 0.0000 1.2913
0.7804 1.1750 0.4700 0.0000 1.2912
0.7819 1.1737 0.4678 0.0000 1.2924
0.7831 1.1743 0.4638 0.0000 1.2939
0.7830 1.1744 0.4638 0.0000 1.2936
0.7840 1.1747 0.4619 0.0000 1.2945
0.7844 1.1726 0.4632 0.0000 1.2946
0.7844 1.1729 0.4631 0.0000 1.2944
0.7852 1.1726 0.4607 0.0000 1.2955
0.7855 1.1711 0.4762 0.0000 1.2901
0.7853 1.1700 0.4780 0.0000 1.2890
0.7854 1.1699 0.4778 0.0000 1.2889
0.7848 1.1682 0.4791 0.0000 1.2889
0.7848 1.1681 0.4791 0.0000 1.2887
0.7846 1.1679 0.4797 0.0000 1.2883
0.7850 1.1662 0.4766 0.0000 1.2879
0.7851 1.1680 0.4765 0.0000 1.2878
0.7858 1.1723 0.4708 0.0000 1.2914
0.7860 1.1729 0.4684 0.0000 1.2919
0.7865 1.1735 0.4654 0.0000 1.2926
0.7862 1.1724 0.4666 0.0000 1.2917
0.7865 1.1698 0.4661 0.0000 1.2920
0.7861 1.1667 0.4707 0.0000 1.2905
0.7863 1.1663 0.4704 0.0000 1.2901
0.7865 1.1667 0.4682 0.0000 1.2907
0.7877 1.1677 0.4622 0.0000 1.2925
0.7887 1.1713 0.4577 0.0000 1.2939
0.7885 1.1711 0.4587 0.0000 1.2934
0.7882 1.1708 0.4602 0.0000 1.2930
0.7884 1.1712 0.4585 0.0000 1.2934
0.7882 1.1716 0.4655 0.0000 1.2942
0.7879 1.1713 0.4685 0.0000 1.2928
0.7858 1.1687 0.4695 0.0000 1.2926
0.7858 1.1681 0.4699 0.0000 1.2921
0.7858 1.1683 0.4698 0.0000 1.2919
0.7853 1.1681 0.4722 0.0000 1.2907
0.7830 1.1594 0.4841 0.0000 1.2888
0.7828 1.1587 0.4850 0.0000 1.2880
0.7833 1.1617 0.4814 0.0000 1.2893
0.7830 1.1604 0.4817 0.0000 1.2887
0.7824 1.1600 0.4829 0.0000 1.2879
0.7823 1.1600 0.4834 0.0000 1.2876
0.7825 1.1631 0.4808 0.0000 1.2900
0.7821 1.1633 0.4817 0.0000 1.2896
0.7821 1.1634 0.4817 0.0000 1.2894
0.7823 1.1626 0.4811 0.0000 1.2890
0.7827 1.1644 0.4875 0.0000 1.2870
0.7823 1.1648 0.4866 0.0000 1.2865
0.7827 1.1678 0.4849 0.0000 1.2886
0.7827 1.1680 0.4859 0.0000 1.2885
0.7824 1.1666 0.4877 0.0000 1.2875
0.7823 1.1666 0.4880 0.0000 1.2873
0.7822 1.1667 0.4873 0.0000 1.2871
0.7823 1.1666 0.4864 0.0000 1.2869
0.7816 1.1612 0.4884 0.0000 1.2865
0.7821 1.1621 0.4872 0.0000 1.2866
0.7817 1.1602 0.4894 0.0000 1.2855
0.7797 1.1519 0.4976 0.0000 1.2826
0.7794 1.1512 0.4983 0.0000 1.2823
0.7795 1.1522 0.4974 0.0000 1.2825
0.7807 1.1565 0.4933 0.0000 1.2845
0.7804 1.1548 0.4950 0.0000 1.2838
0.7804 1.1548 0.4951 0.0000 1.2835
0.7803 1.1547 0.4953 0.0000 1.2832
0.7799 1.1544 0.4966 0.0000 1.2825
0.7812 1.1543 0.4934 0.0000 1.2833
0.7809 1.1538 0.4949 0.0000 1.2826
0.7817 1.1555 0.4946 0.0000 1.2832
0.7828 1.1556 0.4917 0.0000 1.2841
0.7828 1.1555 0.4917 0.0000 1.2840
0.7833 1.1549 0.4916 0.0000 1.2838
0.7832 1.1554 0.4882 0.0000 1.2843
0.7835 1.1550 0.4867 0.0000 1.2844
0.7835 1.1555 0.4865 0.0000 1.2843
0.7832 1.1540 0.4859 0.0000 1.2836
0.7835 1.1543 0.4859 0.0000 1.2835
0.7834 1.1535 0.4854 0.0000 1.2834
0.7835 1.1532 0.4835 0.0000 1.2842
0.7834 1.1532 0.4839 0.0000 1.2840
0.7826 1.1531 0.4882 0.0000 1.2817
0.7823 1.1532 0.4882 0.0000 1.2814
0.7825 1.1544 0.4870 0.0000 1.2819
0.7830 1.1556 0.4829 0.0000 1.2833
0.7830 1.1555 0.4830 0.0000 1.2832
0.7834 1.1556 0.4820 0.0000 1.2835
0.7833 1.1554 0.4828 0.0000 1.2831
0.7836 1.1561 0.4802 0.0000 1.2835
0.7829 1.1574 0.4810 0.0000 1.2835
0.7850 1.1577 0.4869 0.0000 1.2814
0.7847 1.1584 0.4867 0.0000 1.2811
0.7846 1.1586 0.4867 0.0000 1.2809
0.7843 1.1585 0.4871 0.0000 1.2806
0.7843 1.1585 0.4873 0.0000 1.2805
0.7847 1.1598 0.4852 0.0000 1.2811
0.7838 1.1594 0.4881 0.0000 1.2800
0.7827 1.1531 0.4942 0.0000 1.2774
0.7826 1.1529 0.4944 0.0000 1.2772
0.7824 1.1521 0.4956 0.0000 1.2767
0.7821 1.1509 0.4972 0.0000 1.2763
0.7816 1.1518 0.4974 0.0000 1.2762
0.7819 1.1524 0.4969 0.0000 1.2760
0.7844 1.1598 0.4890 0.0000 1.2810
0.7829 1.1589 0.4922 0.0000 1.2797
0.7830 1.1589 0.4921 0.0000 1.2798
0.7829 1.1588 0.4923 0.0000 1.2796
0.7832 1.1581 0.4958 0.0000 1.2789
0.7839 1.1584 0.4933 0.0000 1.2792
0.7836 1.1582 0.4945 0.0000 1.2790
0.7835 1.1569 0.4947 0.0000 1.2783
0.7833 1.1564 0.4946 0.0000 1.2781
0.7825 1.1575 0.4941 0.0000 1.2778
0.7823 1.1571 0.4953 0.0000 1.2774
0.7826 1.1570 0.4930 0.0000 1.2778
0.7826 1.1569 0.4930 0.0000 1.2777
0.7824 1.1575 0.4927 0.0000 1.2780
0.7834 1.1584 0.4869 0.0000 1.2799
0.7830 1.1591 0.4864 0.0000 1.2800
0.7830 1.1592 0.4864 0.0000 1.2800
0.7826 1.1580 0.4833 0.0000 1.2813
0.7826 1.1579 0.4832 0.0000 1.2813
0.7826 1.1583 0.4832 0.0000 1.2815
0.7829 1.1589 0.4832 0.0000 1.2817
0.7829 1.1589 0.4832 0.0000 1.2816
0.7833 1.1572 0.4815 0.0000 1.2814
0.7828 1.1573 0.4827 0.0000 1.2810
0.7835 1.1589 0.4771 0.0000 1.2835
0.7835 1.1589 0.4776 0.0000 1.2834
0.7834 1.1586 0.4779 0.0000 1.2832
0.7832 1.1582 0.4761 0.0000 1.2840
0.7833 1.1584 0.4747 0.0000 1.2846
0.7832 1.1587 0.4753 0.0000 1.2842
0.7829 1.1586 0.4764 0.0000 1.2838
0.7826 1.1589 0.4773 0.0000 1.2833
0.7816 1.1587 0.4750 0.0000 1.2835
0.7827 1.1606 0.4699 0.0000 1.2858
0.7813 1.1585 0.4706 0.0000 1.2849
0.7818 1.1598 0.4690 0.0000 1.2857
0.7819 1.1600 0.4673 0.0000 1.2860
0.7812 1.1596 0.4717 0.0000 1.2852
0.7810 1.1593 0.4716 0.0000 1.2853
0.7812 1.1596 0.4723 0.0000 1.2851
0.7813 1.1584 0.4732 0.0000 1.2846
0.7818 1.1603 0.4705 0.0000 1.2855
0.7814 1.1601 0.4714 0.0000 1.2849
0.7813 1.1601 0.4714 0.0000 1.2850
0.7805 1.1593 0.4719 0.0000 1.2843
0.7806 1.1601 0.4695 0.0000 1.2851
0.7804 1.1598 0.4689 0.0000 1.2847
0.7805 1.1606 0.4663 0.0000 1.2853
0.7805 1.1614 0.4656 0.0000 1.2853
0.7804 1.1612 0.4658 0.0000 1.2853
0.7803 1.1610 0.4660 0.0000 1.2853
0.7786 1.1569 0.4725 0.0000 1.2819
0.7787 1.1568 0.4727 0.0000 1.2819
0.7783 1.1566 0.4734 0.0000 1.2815
0.7782 1.1539 0.4710 0.0000 1.2766
0.7784 1.1555 0.4726 0.0000 1.2790
0.7784 1.1547 0.4721 0.0000 1.2782
0.7771 1.1543 0.4743 0.0000 1.2774
0.7769 1.1522 0.4774 0.0000 1.2763
0.7769 1.1522 0.4774 0.0000 1.2763
0.7764 1.1524 0.4780 0.0000 1.2759
0.7755 1.1516 0.4806 0.0000 1.2747
0.7755 1.1514 0.4808 0.0000 1.2746
0.7758 1.1519 0.4805 0.0000 1.2749
0.7757 1.1519 0.4808 0.0000 1.2747
0.7744 1.1517 0.4822 0.0000 1.2734
0.7750 1.1519 0.4796 0.0000 1.2734
0.7758 1.1528 0.4764 0.0000 1.2739
0.7758 1.1529 0.4765 0.0000 1.2739
0.7756 1.1527 0.4776 0.0000 1.2735
0.7750 1.1527 0.4786 0.0000 1.2733
0.7751 1.1529 0.4784 0.0000 1.2735
0.7756 1.1526 0.4777 0.0000 1.2737
0.7749 1.1520 0.4779 0.0000 1.2740
0.7747 1.1522 0.4786 0.0000 1.2736
0.7741 1.1527 0.4785 0.0000 1.2735
0.7748 1.1533 0.4741 0.0000 1.2755
0.7748 1.1531 0.4735 0.0000 1.2758
0.7748 1.1533 0.4738 0.0000 1.2755
0.7749 1.1536 0.4746 0.0000 1.2751
0.7749 1.1536 0.4747 0.0000 1.2750
0.7750 1.1536 0.4746 0.0000 1.2752
0.7749 1.1529 0.4756 0.0000 1.2749
0.7751 1.1527 0.4757 0.0000 1.2749
0.7755 1.1547 0.4740 0.0000 1.2760
0.7764 1.1559 0.4713 0.0000 1.2771
0.7761 1.1568 0.4709 0.0000 1.2771
0.7760 1.1570 0.4696 0.0000 1.2777
0.7762 1.1570 0.4691 0.0000 1.2780
0.7760 1.1561 0.4702 0.0000 1.2775
0.7757 1.1554 0.4703 0.0000 1.2773
0.7761 1.1564 0.4699 0.0000 1.2775
0.7758 1.1563 0.4708 0.0000 1.2771
0.7762 1.1562 0.4704 0.0000 1.2768
0.7755 1.1539 0.4736 0.0000 1.2760
0.7755 1.1539 0.4736 0.0000 1.2760
0.7759 1.1547 0.4723 0.0000 1.2753
0.7762 1.1564 0.4696 0.0000 1.2763
0.7764 1.1552 0.4697 0.0000 1.2758
0.7761 1.1553 0.4699 0.0000 1.2756
0.7760 1.1538 0.4721 0.0000 1.2748
0.7760 1.1535 0.4723 0.0000 1.2748
0.7757 1.1529 0.4725 0.0000 1.2746
0.7757 1.1527 0.4726 0.0000 1.2745
0.7759 1.1530 0.4722 0.0000 1.2748
0.7754 1.1516 0.4738 0.0000 1.2744
0.7758 1.1517 0.4725 0.0000 1.2748
0.7751 1.1504 0.4732 0.0000 1.2740
0.7755 1.1503 0.4729 0.0000 1.2741
0.7754 1.1505 0.4730 0.0000 1.2742
0.7755 1.1508 0.4727 0.0000 1.2743
0.7762 1.1531 0.4654 0.0000 1.2783
0.7762 1.1530 0.4651 0.0000 1.2785
0.7764 1.1532 0.4642 0.0000 1.2789
0.7764 1.1532 0.4636 0.0000 1.2795
0.7766 1.1537 0.4632 0.0000 1.2791
0.7766 1.1538 0.4636 0.0000 1.2789
0.7777 1.1548 0.4611 0.0000 1.2803
0.7776 1.1557 0.4607 0.0000 1.2798
0.7775 1.1557 0.4608 0.0000 1.2798
0.7774 1.1555 0.4611 0.0000 1.2797
0.7771 1.1569 0.4603 0.0000 1.2796
0.7771 1.1570 0.4601 0.0000 1.2796
0.7771 1.1559 0.4619 0.0000 1.2793
0.7772 1.1558 0.4617 0.0000 1.2795
0.7773 1.1557 0.4616 0.0000 1.2797
0.7763 1.1554 0.4632 0.0000 1.2786
0.7764 1.1554 0.4628 0.0000 1.2789
0.7764 1.1557 0.4623 0.0000 1.2791
0.7764 1.1556 0.4624 0.0000 1.2791
0.7762 1.1554 0.4628 0.0000 1.2789
0.7755 1.1553 0.4635 0.0000 1.2785
0.7751 1.1550 0.4652 0.0000 1.2774
0.7749 1.1543 0.4661 0.0000 1.2771
0.7750 1.1558 0.4633 0.0000 1.2778
0.7755 1.1561 0.4618 0.0000 1.2789
0.7752 1.1559 0.4627 0.0000 1.2783
0.7753 1.1560 0.4630 0.0000 1.2781
0.7750 1.1565 0.4622 0.0000 1.2783
0.7747 1.1547 0.4648 0.0000 1.2778
0.7757 1.1565 0.4616 0.0000 1.2788
0.7743 1.1544 0.4687 0.0000 1.2742
0.7740 1.1493 0.4763 0.0000 1.2722
0.7744 1.1510 0.4738 0.0000 1.2731
0.7745 1.1509 0.4735 0.0000 1.2737
0.7745 1.1509 0.4735 0.0000 1.2736
0.7757 1.1525 0.4698 0.0000 1.2752
0.7757 1.1526 0.4695 0.0000 1.2750
0.7748 1.1499 0.4714 0.0000 1.2759
0.7756 1.1510 0.4697 0.0000 1.2756
0.7754 1.1504 0.4703 0.0000 1.2754
0.7759 1.1515 0.4686 0.0000 1.2756
0.7756 1.1513 0.4692 0.0000 1.2752
0.7757 1.1498 0.4698 0.0000 1.2750
0.7757 1.1496 0.4700 0.0000 1.2749
0.7755 1.1493 0.4700 0.0000 1.2747
0.7759 1.1499 0.4685 0.0000 1.2753
0.7763 1.1513 0.4660 0.0000 1.2766
0.7752 1.1484 0.4712 0.0000 1.2754
0.7743 1.1457 0.4762 0.0000 1.2753
0.7744 1.1457 0.4761 0.0000 1.2752
0.7746 1.1466 0.4746 0.0000 1.2754
0.7748 1.1463 0.4750 0.0000 1.2758
0.7748 1.1463 0.4750 0.0000 1.2756
0.7751 1.1470 0.4741 0.0000 1.2757
0.7750 1.1470 0.4741 0.0000 1.2756
0.7750 1.1471 0.4742 0.0000 1.2751
0.7748 1.1469 0.4736 0.0000 1.2751
0.7745 1.1465 0.4743 0.0000 1.2749
0.7745 1.1464 0.4745 0.0000 1.2748
0.7764 1.1473 0.4721 0.0000 1.2758
0.7763 1.1486 0.4714 0.0000 1.2764
0.7769 1.1486 0.4722 0.0000 1.2751
0.7765 1.1488 0.4715 0.0000 1.2745
0.7761 1.1479 0.4743 0.0000 1.2731
0.7777 1.1508 0.4688 0.0000 1.2749
0.7776 1.1507 0.4692 0.0000 1.2745
0.7781 1.1511 0.4679 0.0000 1.2751
0.7782 1.1511 0.4672 0.0000 1.2755
0.7780 1.1507 0.4681 0.0000 1.2749
0.7779 1.1506 0.4684 0.0000 1.2747
0.7779 1.1505 0.4684 0.0000 1.2747
0.7773 1.1493 0.4714 0.0000 1.2734
0.7773 1.1492 0.4714 0.0000 1.2734
0.7772 1.1495 0.4714 0.0000 1.2727
0.7773 1.1503 0.4707 0.0000 1.2730
0.7772 1.1501 0.4711 0.0000 1.2728
0.7792 1.1541 0.4632 0.0000 1.2750
0.7795 1.1544 0.4622 0.0000 1.2754
0.7795 1.1544 0.4622 0.0000 1.2754
0.7797 1.1540 0.4622 0.0000 1.2753
0.7795 1.1541 0.4623 0.0000 1.2751
0.7798 1.1541 0.4621 0.0000 1.2753
0.7796 1.1538 0.4629 0.0000 1.2747
0.7796 1.1537 0.4631 0.0000 1.2747
0.7798 1.1541 0.4625 0.0000 1.2749
0.7797 1.1556 0.4620 0.0000 1.2743
0.7797 1.1556 0.4620 0.0000 1.2743
0.7799 1.1557 0.4617 0.0000 1.2744
0.7808 1.1570 0.4600 0.0000 1.2763
0.7820 1.1592 0.4552 0.0000 1.2786
0.7824 1.1595 0.4544 0.0000 1.2790
0.7826 1.1596 0.4538 0.0000 1.2793
0.7827 1.1596 0.4539 0.0000 1.2795
0.7826 1.1604 0.4525 0.0000 1.2797
0.7826 1.1604 0.4524 0.0000 1.2796
0.7826 1.1604 0.4520 0.0000 1.2797
0.7831 1.1604 0.4510 0.0000 1.2805
0.7830 1.1604 0.4511 0.0000 1.2804
0.7830 1.1603 0.4511 0.0000 1.2804
0.7828 1.1603 0.4516 0.0000 1.2802
0.7826 1.1600 0.4522 0.0000 1.2798
0.7825 1.1600 0.4525 0.0000 1.2798
0.7838 1.1602 0.4499 0.0000 1.2808
0.7836 1.1603 0.4502 0.0000 1.2803
0.7837 1.1591 0.4512 0.0000 1.2797
0.7837 1.1591 0.4512 0.0000 1.2797
0.7837 1.1579 0.4529 0.0000 1.2794
0.7841 1.1578 0.4525 0.0000 1.2796
0.7838 1.1576 0.4528 0.0000 1.2792
0.7835 1.1571 0.4533 0.0000 1.2793
0.7835 1.1571 0.4534 0.0000 1.2793
0.7834 1.1570 0.4535 0.0000 1.2792
0.7831 1.1573 0.4533 0.0000 1.2790
0.7830 1.1571 0.4533 0.0000 1.2791
0.7834 1.1576 0.4526 0.0000 1.2793
0.7832 1.1573 0.4531 0.0000 1.2790
0.7832 1.1573 0.4530 0.0000 1.2790
0.7831 1.1572 0.4532 0.0000 1.2787
0.7830 1.1571 0.4532 0.0000 1.2786
0.7824 1.1571 0.4542 0.0000 1.2780
0.7823 1.1570 0.4550 0.0000 1.2767
0.7823 1.1573 0.4546 0.0000 1.2768
0.7822 1.1572 0.4547 0.0000 1.2767
0.7822 1.1572 0.4546 0.0000 1.2767
0.7814 1.1555 0.4571 0.0000 1.2760
0.7811 1.1549 0.4581 0.0000 1.2750
0.7811 1.1550 0.4579 0.0000 1.2751
0.7811 1.1555 0.4568 0.0000 1.2758
