1.2357 1.7212 0.2210 0.0002 1.6879
1.2288 1.7025 0.2287 0.0001 1.6690
1.2522 1.7391 0.2312 0.0001 1.6905
1.1997 1.6764 0.2595 0.0000 1.6609
1.2055 1.6823 0.2577 0.0000 1.6639
1.2064 1.6901 0.2497 0.0000 1.6746
1.1970 1.6828 0.2493 0.0000 1.6731
1.1974 1.6841 0.2476 0.0000 1.6749
1.2153 1.7062 0.2372 0.0001 1.7008
1.2181 1.7079 0.2419 0.0000 1.7028
1.2235 1.7201 0.2382 0.0001 1.7161
1.2226 1.7160 0.2386 0.0001 1.7124
1.2168 1.7056 0.2491 0.0000 1.7009
1.2161 1.7059 0.2495 0.0000 1.7045
1.2214 1.7128 0.2468 0.0000 1.7028
1.2246 1.7199 0.2465 0.0000 1.7098
1.2256 1.7199 0.2492 0.0000 1.7127
1.2256 1.7238 0.2397 0.0000 1.7067
1.2251 1.7252 0.2385 0.0001 1.7104
1.2376 1.7412 0.2397 0.0000 1.7177
1.2350 1.7360 0.2425 0.0000 1.7124
1.2386 1.7311 0.2439 0.0000 1.6940
1.2313 1.7130 0.2496 0.0000 1.6777
1.2338 1.7205 0.2455 0.0000 1.6871
1.2334 1.7208 0.2457 0.0000 1.6892
1.2421 1.7253 0.2482 0.0000 1.6874
1.2567 1.7457 0.2506 0.0000 1.7007
1.2546 1.7440 0.2504 0.0000 1.7020
1.2531 1.7458 0.2481 0.0000 1.7074
1.2395 1.7290 0.2490 0.0000 1.6998
1.2385 1.7296 0.2486 0.0000 1.7030
1.2436 1.7253 0.2533 0.0000 1.6943
1.2464 1.7241 0.2546 0.0000 1.6892
1.2527 1.7295 0.2557 0.0000 1.6916
1.2530 1.7336 0.2559 0.0000 1.6976
1.2741 1.7589 0.2541 0.0000 1.7094
1.2765 1.7629 0.2523 0.0000 1.7133
1.2990 1.7789 0.2432 0.0000 1.7153
1.3056 1.7860 0.2440 0.0000 1.7160
1.3100 1.7764 0.2444 0.0000 1.6997
1.3022 1.7751 0.2431 0.0000 1.6999
1.2968 1.7672 0.2428 0.0000 1.6951
1.2968 1.7696 0.2402 0.0000 1.6997
1.3028 1.7763 0.2404 0.0000 1.7022
1.3018 1.7761 0.2403 0.0000 1.7044
1.3018 1.7764 0.2410 0.0000 1.7057
1.2875 1.7621 0.2350 0.0001 1.6902
1.2735 1.7390 0.2387 0.0000 1.6715
1.2731 1.7392 0.2390 0.0000 1.6724
1.2769 1.7391 0.2412 0.0000 1.6686
1.2758 1.7371 0.2427 0.0000 1.6675
1.2729 1.7356 0.2417 0.0000 1.6685
1.2772 1.7475 0.2459 0.0000 1.6753
1.2702 1.7362 0.2454 0.0000 1.6689
1.2692 1.7376 0.2418 0.0000 1.6709
1.2970 1.7722 0.2390 0.0000 1.6810
1.2972 1.7688 0.2362 0.0001 1.6798
1.2890 1.7608 0.2386 0.0001 1.6774
1.2839 1.7565 0.2368 0.0001 1.6774
1.2724 1.7406 0.2342 0.0001 1.6731
1.2709 1.7408 0.2334 0.0001 1.6740
1.2691 1.7399 0.2334 0.0001 1.6747
1.2591 1.7289 0.2290 0.0001 1.6741
1.2581 1.7287 0.2289 0.0001 1.6751
1.2543 1.7189 0.2289 0.0001 1.6687
1.2564 1.7234 0.2276 0.0001 1.6719
1.2530 1.7203 0.2310 0.0001 1.6710
1.2491 1.7073 0.2300 0.0001 1.6610
1.2462 1.7057 0.2327 0.0001 1.6609
1.2428 1.6958 0.2306 0.0001 1.6535
1.2433 1.6988 0.2321 0.0001 1.6551
1.2554 1.7140 0.2297 0.0001 1.6577
1.2526 1.7119 0.2286 0.0001 1.6582
1.2527 1.7131 0.2280 0.0001 1.6594
1.2533 1.7117 0.2342 0.0001 1.6557
1.2469 1.7050 0.2347 0.0001 1.6555
1.2490 1.7074 0.2357 0.0001 1.6562
1.2510 1.7057 0.2316 0.0001 1.6550
1.2489 1.7044 0.2324 0.0001 1.6552
1.2631 1.7162 0.2294 0.0001 1.6565
1.2605 1.7125 0.2310 0.0001 1.6562
1.2590 1.7120 0.2318 0.0001 1.6565
1.2473 1.6915 0.2418 0.0000 1.6502
1.2468 1.6888 0.2444 0.0000 1.6479
1.2499 1.6908 0.2439 0.0000 1.6486
1.2456 1.6835 0.2444 0.0000 1.6445
1.2572 1.6907 0.2470 0.0000 1.6462
1.2559 1.6900 0.2473 0.0000 1.6466
1.2573 1.6918 0.2457 0.0000 1.6480
1.2578 1.6934 0.2449 0.0000 1.6500
1.2560 1.6906 0.2460 0.0000 1.6480
1.2512 1.6870 0.2465 0.0000 1.6476
1.2478 1.6854 0.2417 0.0000 1.6514
1.2458 1.6813 0.2417 0.0000 1.6486
1.2465 1.6824 0.2414 0.0000 1.6495
1.2470 1.6809 0.2449 0.0000 1.6475
1.2508 1.6808 0.2448 0.0000 1.6466
1.2476 1.6787 0.2466 0.0000 1.6466
1.2476 1.6788 0.2471 0.0000 1.6445
1.2473 1.6782 0.2482 0.0000 1.6444
1.2276 1.6564 0.2547 0.0000 1.6340
1.2274 1.6566 0.2548 0.0000 1.6342
1.2285 1.6533 0.2597 0.0000 1.6302
1.2256 1.6530 0.2585 0.0000 1.6309
1.2296 1.6543 0.2574 0.0000 1.6307
1.2294 1.6547 0.2573 0.0000 1.6309
1.2280 1.6545 0.2562 0.0000 1.6310
1.2349 1.6582 0.2517 0.0000 1.6320
1.2338 1.6593 0.2529 0.0000 1.6329
1.2353 1.6620 0.2508 0.0000 1.6337
1.2352 1.6612 0.2500 0.0000 1.6336
1.2327 1.6561 0.2548 0.0000 1.6302
1.2345 1.6562 0.2568 0.0000 1.6293
1.2348 1.6584 0.2543 0.0000 1.6305
1.2383 1.6545 0.2622 0.0000 1.6269
1.2391 1.6553 0.2615 0.0000 1.6277
1.2393 1.6561 0.2591 0.0000 1.6290
1.2382 1.6557 0.2583 0.0000 1.6291
1.2277 1.6455 0.2634 0.0000 1.6240
1.2290 1.6472 0.2634 0.0000 1.6242
1.2296 1.6470 0.2646 0.0000 1.6241
1.2281 1.6454 0.2659 0.0000 1.6233
1.2285 1.6457 0.2664 0.0000 1.6227
1.2229 1.6425 0.2706 0.0000 1.6212
1.2266 1.6451 0.2675 0.0000 1.6235
1.2233 1.6428 0.2689 0.0000 1.6222
1.2230 1.6413 0.2696 0.0000 1.6215
1.2230 1.6416 0.2694 0.0000 1.6219
1.2220 1.6406 0.2701 0.0000 1.6215
1.2201 1.6365 0.2758 0.0000 1.6186
1.2209 1.6377 0.2751 0.0000 1.6191
1.2219 1.6360 0.2739 0.0000 1.6178
1.2163 1.6299 0.2775 0.0000 1.6161
1.2088 1.6191 0.2843 0.0000 1.6114
1.2080 1.6191 0.2851 0.0000 1.6112
1.2058 1.6181 0.2853 0.0000 1.6110
1.2087 1.6198 0.2838 0.0000 1.6114
1.2081 1.6207 0.2820 0.0000 1.6124
1.2242 1.6311 0.2827 0.0000 1.6122
1.2235 1.6277 0.2826 0.0000 1.6114
1.2274 1.6333 0.2751 0.0000 1.6142
1.2273 1.6314 0.2731 0.0000 1.6144
1.2262 1.6314 0.2727 0.0000 1.6145
1.2219 1.6283 0.2731 0.0000 1.6142
1.2222 1.6283 0.2737 0.0000 1.6141
1.2223 1.6284 0.2733 0.0000 1.6143
1.2192 1.6265 0.2759 0.0000 1.6136
1.2210 1.6285 0.2739 0.0000 1.6144
1.2218 1.6314 0.2709 0.0000 1.6154
1.2251 1.6334 0.2688 0.0000 1.6158
1.2296 1.6365 0.2693 0.0000 1.6158
1.2305 1.6373 0.2694 0.0000 1.6160
1.2302 1.6363 0.2704 0.0000 1.6159
1.2278 1.6347 0.2722 0.0000 1.6149
1.2310 1.6364 0.2737 0.0000 1.6148
1.2320 1.6368 0.2743 0.0000 1.6147
1.2374 1.6394 0.2735 0.0000 1.6149
1.2366 1.6392 0.2734 0.0000 1.6151
1.2451 1.6406 0.2767 0.0000 1.6144
1.2432 1.6388 0.2779 0.0000 1.6135
1.2419 1.6382 0.2777 0.0000 1.6136
1.2403 1.6322 0.2862 0.0000 1.6103
1.2459 1.6361 0.2830 0.0000 1.6118
1.2464 1.6354 0.2835 0.0000 1.6118
1.2447 1.6371 0.2805 0.0000 1.6120
1.2448 1.6375 0.2802 0.0000 1.6122
1.2481 1.6403 0.2787 0.0000 1.6132
1.2479 1.6401 0.2767 0.0000 1.6137
1.2470 1.6397 0.2767 0.0000 1.6136
1.2477 1.6397 0.2777 0.0000 1.6135
1.2463 1.6388 0.2780 0.0000 1.6133
1.2484 1.6406 0.2763 0.0000 1.6142
1.2504 1.6413 0.2752 0.0000 1.6149
1.2489 1.6403 0.2752 0.0000 1.6148
1.2479 1.6399 0.2752 0.0000 1.6148
1.2525 1.6427 0.2755 0.0000 1.6156
1.2432 1.6356 0.2761 0.0000 1.6145
1.2375 1.6290 0.2816 0.0000 1.6124
1.2374 1.6292 0.2813 0.0000 1.6125
1.2403 1.6311 0.2806 0.0000 1.6131
1.2425 1.6332 0.2788 0.0000 1.6140
1.2404 1.6289 0.2846 0.0000 1.6121
1.2351 1.6240 0.2903 0.0000 1.6088
1.2341 1.6234 0.2906 0.0000 1.6087
1.2285 1.6187 0.2959 0.0000 1.6064
1.2308 1.6202 0.2957 0.0000 1.6069
1.2334 1.6218 0.2940 0.0000 1.6081
1.2332 1.6218 0.2937 0.0000 1.6082
1.2283 1.6199 0.2923 0.0000 1.6078
1.2324 1.6243 0.2896 0.0000 1.6082
1.2225 1.6153 0.2951 0.0000 1.6064
1.2204 1.6150 0.2948 0.0000 1.6061
1.2246 1.6159 0.2955 0.0000 1.6068
1.2232 1.6190 0.2877 0.0000 1.6088
1.2260 1.6211 0.2868 0.0000 1.6092
1.2244 1.6203 0.2879 0.0000 1.6086
1.2228 1.6197 0.2888 0.0000 1.6079
1.2220 1.6192 0.2888 0.0000 1.6078
1.2218 1.6193 0.2889 0.0000 1.6075
1.2242 1.6195 0.2899 0.0000 1.6079
1.2334 1.6234 0.2892 0.0000 1.6107
1.2326 1.6230 0.2892 0.0000 1.6106
1.2332 1.6248 0.2872 0.0000 1.6107
1.2363 1.6267 0.2883 0.0000 1.6107
1.2368 1.6262 0.2895 0.0000 1.6107
1.2388 1.6274 0.2885 0.0000 1.6112
1.2410 1.6272 0.2900 0.0000 1.6113
1.2394 1.6266 0.2907 0.0000 1.6107
1.2411 1.6264 0.2934 0.0000 1.6105
1.2404 1.6261 0.2934 0.0000 1.6104
1.2416 1.6259 0.2939 0.0000 1.6112
1.2623 1.6400 0.2887 0.0000 1.6145
1.2617 1.6401 0.2882 0.0000 1.6145
1.2641 1.6405 0.2887 0.0000 1.6152
1.2652 1.6404 0.2899 0.0000 1.6156
1.2636 1.6402 0.2885 0.0000 1.6156
1.2610 1.6393 0.2880 0.0000 1.6150
1.2611 1.6388 0.2891 0.0000 1.6148
1.2626 1.6390 0.2894 0.0000 1.6157
1.2597 1.6379 0.2892 0.0000 1.6153
1.2605 1.6383 0.2894 0.0000 1.6154
1.2621 1.6432 0.2810 0.0000 1.6170
1.2641 1.6448 0.2799 0.0000 1.6175
1.2709 1.6481 0.2800 0.0000 1.6190
1.2682 1.6466 0.2788 0.0000 1.6191
1.2690 1.6465 0.2790 0.0000 1.6195
1.2670 1.6452 0.2796 0.0000 1.6190
1.2658 1.6446 0.2797 0.0000 1.6187
1.2653 1.6444 0.2797 0.0000 1.6185
1.2637 1.6437 0.2795 0.0000 1.6184
1.2610 1.6418 0.2802 0.0000 1.6178
1.2599 1.6414 0.2800 0.0000 1.6175
1.2582 1.6408 0.2790 0.0000 1.6175
1.2572 1.6404 0.2788 0.0000 1.6173
1.2512 1.6345 0.2833 0.0000 1.6159
1.2515 1.6344 0.2832 0.0000 1.6162
1.2500 1.6314 0.2889 0.0000 1.6147
1.2490 1.6310 0.2888 0.0000 1.6145
1.2485 1.6307 0.2891 0.0000 1.6138
1.2477 1.6303 0.2892 0.0000 1.6136
1.2466 1.6298 0.2893 0.0000 1.6134
1.2452 1.6293 0.2879 0.0000 1.6134
1.2444 1.6289 0.2880 0.0000 1.6133
1.2430 1.6282 0.2877 0.0000 1.6131
1.2400 1.6259 0.2889 0.0000 1.6126
1.2402 1.6255 0.2906 0.0000 1.6121
1.2375 1.6243 0.2894 0.0000 1.6124
1.2362 1.6237 0.2903 0.0000 1.6116
1.2381 1.6246 0.2890 0.0000 1.6125
1.2371 1.6242 0.2890 0.0000 1.6123
1.2353 1.6226 0.2902 0.0000 1.6118
1.2360 1.6231 0.2903 0.0000 1.6117
1.2355 1.6228 0.2901 0.0000 1.6118
1.2348 1.6226 0.2900 0.0000 1.6117
1.2329 1.6229 0.2866 0.0000 1.6119
1.2378 1.6232 0.2909 0.0000 1.6121
1.2394 1.6246 0.2902 0.0000 1.6124
1.2415 1.6261 0.2890 0.0000 1.6135
1.2389 1.6248 0.2893 0.0000 1.6129
1.2372 1.6243 0.2884 0.0000 1.6130
1.2346 1.6223 0.2895 0.0000 1.6126
1.2332 1.6214 0.2903 0.0000 1.6119
1.2373 1.6224 0.2949 0.0000 1.6112
1.2353 1.6221 0.2937 0.0000 1.6110
1.2332 1.6210 0.2940 0.0000 1.6107
1.2325 1.6211 0.2943 0.0000 1.6102
1.2345 1.6227 0.2945 0.0000 1.6100
1.2336 1.6219 0.2967 0.0000 1.6090
1.2330 1.6214 0.2972 0.0000 1.6088
1.2303 1.6200 0.2975 0.0000 1.6081
1.2240 1.6159 0.2960 0.0000 1.6094
1.2259 1.6172 0.2939 0.0000 1.6106
1.2258 1.6173 0.2932 0.0000 1.6107
1.2233 1.6161 0.2927 0.0000 1.6106
1.2235 1.6165 0.2905 0.0000 1.6115
1.2201 1.6150 0.2907 0.0000 1.6107
1.2193 1.6146 0.2908 0.0000 1.6106
1.2209 1.6157 0.2922 0.0000 1.6102
1.2205 1.6161 0.2918 0.0000 1.6098
1.2208 1.6164 0.2921 0.0000 1.6097
1.2196 1.6159 0.2917 0.0000 1.6096
1.2197 1.6159 0.2925 0.0000 1.6094
1.2198 1.6160 0.2919 0.0000 1.6096
1.2217 1.6173 0.2906 0.0000 1.6101
1.2171 1.6121 0.2973 0.0000 1.6081
1.2174 1.6124 0.2972 0.0000 1.6078
1.2232 1.6151 0.2972 0.0000 1.6089
1.2204 1.6141 0.2945 0.0000 1.6097
1.2210 1.6148 0.2938 0.0000 1.6100
1.2223 1.6151 0.2949 0.0000 1.6103
1.2227 1.6155 0.2944 0.0000 1.6104
1.2222 1.6151 0.2947 0.0000 1.6104
1.2217 1.6147 0.2954 0.0000 1.6102
1.2228 1.6159 0.2948 0.0000 1.6103
1.2226 1.6158 0.2947 0.0000 1.6104
1.2239 1.6170 0.2943 0.0000 1.6104
1.2227 1.6165 0.2948 0.0000 1.6101
1.2211 1.6155 0.2964 0.0000 1.6091
1.2200 1.6152 0.2961 0.0000 1.6090
1.2190 1.6147 0.2966 0.0000 1.6086
1.2204 1.6149 0.2978 0.0000 1.6080
1.2199 1.6148 0.2976 0.0000 1.6080
1.2193 1.6149 0.2973 0.0000 1.6079
1.2180 1.6143 0.2976 0.0000 1.6076
1.2165 1.6133 0.2984 0.0000 1.6072
1.2157 1.6133 0.2978 0.0000 1.6070
1.2172 1.6149 0.2945 0.0000 1.6084
1.2152 1.6118 0.2987 0.0000 1.6073
1.2145 1.6115 0.2987 0.0000 1.6072
1.2139 1.6113 0.2986 0.0000 1.6073
1.2143 1.6116 0.2989 0.0000 1.6069
1.2129 1.6102 0.3012 0.0000 1.6043
1.2114 1.6095 0.3012 0.0000 1.6041
1.2066 1.6039 0.3094 0.0000 1.6015
1.2051 1.6033 0.3109 0.0000 1.6007
1.2048 1.6032 0.3108 0.0000 1.6006
1.2009 1.5981 0.3166 0.0000 1.5993
1.2063 1.6043 0.3082 0.0000 1.6021
1.2056 1.6040 0.3084 0.0000 1.6019
1.2056 1.6044 0.3071 0.0000 1.6023
1.2049 1.6034 0.3088 0.0000 1.6018
1.2038 1.6030 0.3080 0.0000 1.6019
1.2032 1.6032 0.3069 0.0000 1.6020
1.2025 1.6025 0.3077 0.0000 1.6017
1.2025 1.5996 0.3140 0.0000 1.6002
1.2033 1.6000 0.3139 0.0000 1.6006
1.2021 1.5996 0.3131 0.0000 1.6007
1.2010 1.5991 0.3134 0.0000 1.6004
1.1999 1.5986 0.3136 0.0000 1.6002
1.2003 1.5974 0.3168 0.0000 1.5996
1.2028 1.5990 0.3159 0.0000 1.6001
1.2026 1.5988 0.3163 0.0000 1.5999
1.2014 1.5983 0.3173 0.0000 1.5991
1.2028 1.5990 0.3177 0.0000 1.5994
1.2028 1.5993 0.3169 0.0000 1.5996
1.2018 1.5987 0.3172 0.0000 1.5994
1.2049 1.5996 0.3185 0.0000 1.5997
1.2026 1.5975 0.3203 0.0000 1.5989
1.2023 1.5979 0.3184 0.0000 1.5996
1.2028 1.5981 0.3186 0.0000 1.5996
1.2022 1.5980 0.3181 0.0000 1.5996
1.2016 1.5977 0.3182 0.0000 1.5995
1.2013 1.5980 0.3173 0.0000 1.5996
1.2010 1.5979 0.3173 0.0000 1.5995
1.2004 1.5970 0.3185 0.0000 1.5992
1.1996 1.5967 0.3183 0.0000 1.5992
1.2001 1.5974 0.3175 0.0000 1.5996
1.1979 1.5955 0.3188 0.0000 1.5990
1.1962 1.5947 0.3199 0.0000 1.5981
1.1978 1.5953 0.3209 0.0000 1.5981
1.1986 1.5960 0.3204 0.0000 1.5986
1.1976 1.5955 0.3204 0.0000 1.5985
1.2011 1.5993 0.3148 0.0000 1.6001
1.2003 1.5991 0.3145 0.0000 1.6001
1.2017 1.5995 0.3140 0.0000 1.6008
1.2012 1.5993 0.3139 0.0000 1.6008
1.1994 1.5982 0.3145 0.0000 1.6004
1.2005 1.5987 0.3140 0.0000 1.6011
1.1994 1.5992 0.3110 0.0000 1.6019
1.1991 1.5991 0.3110 0.0000 1.6019
1.1991 1.5991 0.3121 0.0000 1.6013
1.1995 1.5987 0.3135 0.0000 1.6009
1.1989 1.5984 0.3137 0.0000 1.6008
1.1984 1.5978 0.3138 0.0000 1.6009
1.1977 1.5974 0.3139 0.0000 1.6008
1.1959 1.5967 0.3132 0.0000 1.6011
1.1941 1.5953 0.3142 0.0000 1.6004
1.1948 1.5957 0.3140 0.0000 1.6006
1.1948 1.5948 0.3162 0.0000 1.6002
1.1944 1.5946 0.3162 0.0000 1.6001
1.1942 1.5943 0.3169 0.0000 1.6000
1.1928 1.5906 0.3245 0.0000 1.5976
1.1921 1.5894 0.3267 0.0000 1.5969
1.1914 1.5883 0.3281 0.0000 1.5966
1.1893 1.5864 0.3295 0.0000 1.5966
1.1880 1.5856 0.3300 0.0000 1.5962
1.1910 1.5878 0.3281 0.0000 1.5968
1.1906 1.5876 0.3282 0.0000 1.5967
1.1901 1.5873 0.3283 0.0000 1.5966
1.1917 1.5883 0.3268 0.0000 1.5973
1.1950 1.5908 0.3244 0.0000 1.5977
1.1957 1.5938 0.3199 0.0000 1.5984
1.1943 1.5934 0.3191 0.0000 1.5987
1.1939 1.5936 0.3182 0.0000 1.5988
1.1935 1.5934 0.3183 0.0000 1.5987
1.1930 1.5930 0.3190 0.0000 1.5984
1.1930 1.5920 0.3214 0.0000 1.5978
1.1912 1.5910 0.3225 0.0000 1.5972
1.1882 1.5851 0.3320 0.0000 1.5950
1.1870 1.5846 0.3319 0.0000 1.5950
1.1860 1.5841 0.3323 0.0000 1.5947
1.1860 1.5841 0.3327 0.0000 1.5946
1.1863 1.5843 0.3313 0.0000 1.5951
1.1859 1.5841 0.3313 0.0000 1.5951
1.1844 1.5832 0.3326 0.0000 1.5944
1.1841 1.5830 0.3327 0.0000 1.5944
1.1836 1.5828 0.3329 0.0000 1.5943
1.1839 1.5831 0.3325 0.0000 1.5943
1.1835 1.5831 0.3321 0.0000 1.5942
1.1831 1.5831 0.3318 0.0000 1.5943
1.1825 1.5829 0.3316 0.0000 1.5943
1.1806 1.5822 0.3332 0.0000 1.5929
1.1800 1.5819 0.3332 0.0000 1.5929
1.1807 1.5832 0.3311 0.0000 1.5935
1.1795 1.5824 0.3316 0.0000 1.5935
1.1785 1.5818 0.3320 0.0000 1.5933
1.1777 1.5820 0.3311 0.0000 1.5935
1.1789 1.5834 0.3301 0.0000 1.5936
1.1784 1.5833 0.3301 0.0000 1.5936
1.1777 1.5831 0.3302 0.0000 1.5934
1.1772 1.5829 0.3303 0.0000 1.5933
1.1762 1.5824 0.3309 0.0000 1.5928
1.1777 1.5834 0.3299 0.0000 1.5929
1.1773 1.5828 0.3311 0.0000 1.5926
1.1773 1.5828 0.3313 0.0000 1.5925
1.1772 1.5827 0.3311 0.0000 1.5929
1.1776 1.5820 0.3328 0.0000 1.5926
1.1774 1.5820 0.3320 0.0000 1.5927
1.1770 1.5819 0.3319 0.0000 1.5927
1.1763 1.5819 0.3313 0.0000 1.5928
1.1761 1.5818 0.3314 0.0000 1.5928
1.1754 1.5814 0.3317 0.0000 1.5926
1.1744 1.5808 0.3325 0.0000 1.5923
1.1740 1.5806 0.3325 0.0000 1.5922
1.1750 1.5815 0.3312 0.0000 1.5927
1.1748 1.5816 0.3300 0.0000 1.5932
1.1742 1.5814 0.3301 0.0000 1.5931
1.1744 1.5816 0.3302 0.0000 1.5930
1.1732 1.5810 0.3301 0.0000 1.5930
1.1719 1.5802 0.3314 0.0000 1.5922
1.1731 1.5814 0.3292 0.0000 1.5932
1.1730 1.5815 0.3289 0.0000 1.5933
1.1743 1.5818 0.3285 0.0000 1.5937
1.1747 1.5826 0.3273 0.0000 1.5941
1.1744 1.5824 0.3275 0.0000 1.5941
1.1761 1.5835 0.3262 0.0000 1.5947
1.1756 1.5836 0.3260 0.0000 1.5948
1.1753 1.5837 0.3257 0.0000 1.5949
1.1727 1.5821 0.3276 0.0000 1.5941
1.1725 1.5819 0.3279 0.0000 1.5941
1.1753 1.5833 0.3277 0.0000 1.5940
1.1749 1.5828 0.3286 0.0000 1.5937
1.1698 1.5786 0.3327 0.0000 1.5927
1.1712 1.5781 0.3341 0.0000 1.5923
1.1707 1.5782 0.3334 0.0000 1.5926
1.1743 1.5797 0.3323 0.0000 1.5939
1.1756 1.5805 0.3321 0.0000 1.5939
1.1737 1.5791 0.3338 0.0000 1.5933
1.1735 1.5792 0.3335 0.0000 1.5933
1.1732 1.5791 0.3334 0.0000 1.5933
1.1744 1.5799 0.3329 0.0000 1.5935
