1.3001 1.8360 0.2043 0.0005 1.8181
1.2929 1.8300 0.2093 0.0004 1.8169
1.2829 1.8224 0.2082 0.0004 1.8065
1.2732 1.8110 0.2108 0.0004 1.8019
1.2712 1.8075 0.2113 0.0003 1.8051
1.2616 1.7983 0.2103 0.0004 1.7904
1.2562 1.7916 0.2138 0.0003 1.7881
1.2247 1.7694 0.2142 0.0003 1.7490
1.2069 1.7546 0.2186 0.0002 1.7377
1.2018 1.7499 0.2196 0.0002 1.7370
1.1843 1.7340 0.2282 0.0001 1.7202
1.1930 1.7377 0.2298 0.0001 1.7279
1.1870 1.7319 0.2333 0.0001 1.7260
1.1955 1.7344 0.2315 0.0001 1.7318
1.1890 1.7290 0.2356 0.0001 1.7287
1.1892 1.7277 0.2358 0.0001 1.7328
1.1774 1.7227 0.2390 0.0000 1.7238
1.1809 1.7240 0.2387 0.0000 1.7303
1.1790 1.7260 0.2321 0.0001 1.7255
1.1797 1.7283 0.2280 0.0001 1.7277
1.1880 1.7334 0.2270 0.0001 1.7351
1.1825 1.7303 0.2276 0.0001 1.7306
1.1916 1.7367 0.2260 0.0001 1.7423
1.1931 1.7361 0.2269 0.0001 1.7479
1.1784 1.7289 0.2258 0.0001 1.7264
1.1775 1.7329 0.2285 0.0001 1.7252
1.1752 1.7301 0.2305 0.0001 1.7262
1.1756 1.7287 0.2316 0.0001 1.7298
1.1697 1.7294 0.2298 0.0001 1.7177
1.1696 1.7298 0.2282 0.0001 1.7205
1.1635 1.7261 0.2370 0.0001 1.7048
1.1692 1.7322 0.2265 0.0001 1.7056
1.1648 1.7275 0.2308 0.0001 1.6981
1.1667 1.7283 0.2303 0.0001 1.7056
1.1676 1.7285 0.2288 0.0001 1.7100
1.1682 1.7281 0.2286 0.0001 1.7148
1.1677 1.7267 0.2293 0.0001 1.7178
1.1671 1.7251 0.2308 0.0001 1.7191
1.1516 1.6834 0.2339 0.0001 1.7142
1.1543 1.6887 0.2290 0.0001 1.7104
1.1532 1.6860 0.2313 0.0001 1.7152
1.1558 1.6855 0.2305 0.0001 1.7162
1.1543 1.6857 0.2342 0.0001 1.6993
1.1535 1.6903 0.2404 0.0000 1.6876
1.1533 1.6886 0.2403 0.0000 1.6905
1.1523 1.6860 0.2448 0.0000 1.6892
1.1571 1.6894 0.2407 0.0000 1.6954
1.1613 1.6933 0.2391 0.0000 1.6983
1.1558 1.6905 0.2463 0.0000 1.6910
1.1593 1.6968 0.2425 0.0000 1.6879
1.1563 1.6957 0.2474 0.0000 1.6851
1.1565 1.6956 0.2481 0.0000 1.6826
1.1611 1.7037 0.2441 0.0000 1.6800
1.1600 1.7055 0.2467 0.0000 1.6754
1.1616 1.7123 0.2465 0.0000 1.6734
1.1600 1.7087 0.2477 0.0000 1.6754
1.1596 1.7126 0.2503 0.0000 1.6690
1.1498 1.6902 0.2522 0.0000 1.6933
1.1501 1.6886 0.2508 0.0000 1.6952
1.1506 1.6890 0.2501 0.0000 1.6970
1.1516 1.6898 0.2487 0.0000 1.6991
1.1533 1.6924 0.2449 0.0000 1.6995
1.1535 1.6886 0.2449 0.0000 1.6970
1.1555 1.6885 0.2414 0.0000 1.6963
1.1588 1.6901 0.2371 0.0001 1.6967
1.1588 1.6880 0.2365 0.0001 1.6980
1.1625 1.6907 0.2302 0.0001 1.6998
1.1591 1.6910 0.2411 0.0000 1.6962
1.1586 1.6931 0.2420 0.0000 1.6949
1.1585 1.6942 0.2422 0.0000 1.6952
1.1615 1.6989 0.2377 0.0001 1.6975
1.1594 1.6985 0.2448 0.0000 1.6930
1.1592 1.6962 0.2449 0.0000 1.6918
1.1579 1.6941 0.2464 0.0000 1.6891
1.1652 1.7031 0.2329 0.0001 1.6942
1.1635 1.7037 0.2379 0.0001 1.6919
1.1631 1.7041 0.2391 0.0000 1.6922
1.1671 1.7127 0.2308 0.0001 1.6957
1.1688 1.7163 0.2323 0.0001 1.6955
1.1686 1.7158 0.2326 0.0001 1.6961
1.1683 1.7148 0.2328 0.0001 1.6968
1.1678 1.7144 0.2347 0.0001 1.6970
1.1677 1.7138 0.2347 0.0001 1.6980
1.1685 1.7152 0.2337 0.0001 1.6995
1.1687 1.7157 0.2332 0.0001 1.7007
1.1659 1.7118 0.2413 0.0000 1.6972
1.1653 1.7104 0.2414 0.0000 1.6948
1.1648 1.7081 0.2419 0.0000 1.6951
1.1638 1.7052 0.2436 0.0000 1.6950
1.1622 1.7012 0.2460 0.0000 1.6931
1.1627 1.7001 0.2438 0.0000 1.6947
1.1628 1.7001 0.2442 0.0000 1.6957
1.1651 1.7045 0.2409 0.0000 1.6963
1.1690 1.7125 0.2263 0.0001 1.6994
1.1698 1.7121 0.2235 0.0002 1.7015
1.1707 1.7117 0.2200 0.0002 1.7033
1.1710 1.7132 0.2213 0.0002 1.7027
1.1690 1.7090 0.2254 0.0001 1.7010
1.1693 1.7119 0.2266 0.0001 1.7006
1.1690 1.7100 0.2255 0.0001 1.7014
1.1689 1.7088 0.2242 0.0001 1.7007
1.1691 1.7082 0.2235 0.0001 1.7021
1.1667 1.7042 0.2277 0.0001 1.6990
1.1674 1.7051 0.2274 0.0001 1.6999
1.1707 1.7090 0.2173 0.0002 1.7016
1.1669 1.7064 0.2287 0.0001 1.6964
1.1608 1.6998 0.2399 0.0000 1.6885
1.1614 1.7005 0.2395 0.0000 1.6894
1.1614 1.7001 0.2394 0.0000 1.6902
1.1621 1.7037 0.2384 0.0001 1.6896
1.1596 1.7002 0.2405 0.0000 1.6878
1.1620 1.7040 0.2351 0.0001 1.6903
1.1621 1.7042 0.2357 0.0001 1.6908
1.1617 1.7060 0.2383 0.0001 1.6892
1.1601 1.7034 0.2399 0.0000 1.6886
1.1606 1.7037 0.2392 0.0000 1.6898
1.1620 1.7057 0.2378 0.0001 1.6911
1.1599 1.7021 0.2420 0.0000 1.6896
1.1603 1.7030 0.2415 0.0000 1.6907
1.1578 1.6995 0.2494 0.0000 1.6884
1.1571 1.6978 0.2504 0.0000 1.6888
1.1574 1.7001 0.2501 0.0000 1.6873
1.1561 1.6996 0.2527 0.0000 1.6863
1.1565 1.6983 0.2503 0.0000 1.6873
1.1565 1.6978 0.2504 0.0000 1.6880
1.1564 1.6995 0.2530 0.0000 1.6863
1.1543 1.6964 0.2568 0.0000 1.6827
1.1541 1.6947 0.2553 0.0000 1.6833
1.1576 1.7002 0.2498 0.0000 1.6858
1.1557 1.7001 0.2558 0.0000 1.6834
1.1574 1.7041 0.2551 0.0000 1.6842
1.1565 1.7013 0.2572 0.0000 1.6838
1.1573 1.7049 0.2552 0.0000 1.6841
1.1557 1.7053 0.2615 0.0000 1.6815
1.1532 1.7012 0.2644 0.0000 1.6795
1.1515 1.6983 0.2667 0.0000 1.6788
1.1480 1.6926 0.2724 0.0000 1.6760
1.1460 1.6892 0.2746 0.0000 1.6751
1.1448 1.6868 0.2763 0.0000 1.6749
1.1424 1.6826 0.2811 0.0000 1.6733
1.1467 1.6889 0.2774 0.0000 1.6760
1.1449 1.6860 0.2796 0.0000 1.6749
1.1447 1.6853 0.2797 0.0000 1.6755
1.1445 1.6855 0.2808 0.0000 1.6747
1.1443 1.6847 0.2809 0.0000 1.6753
1.1419 1.6801 0.2854 0.0000 1.6736
1.1387 1.6750 0.2915 0.0000 1.6697
1.1390 1.6755 0.2912 0.0000 1.6702
1.1429 1.6811 0.2827 0.0000 1.6731
1.1435 1.6828 0.2823 0.0000 1.6734
1.1429 1.6801 0.2827 0.0000 1.6733
1.1410 1.6762 0.2857 0.0000 1.6721
1.1425 1.6807 0.2817 0.0000 1.6737
1.1390 1.6757 0.2866 0.0000 1.6710
1.1359 1.6710 0.2921 0.0000 1.6689
1.1347 1.6690 0.2937 0.0000 1.6687
1.1338 1.6671 0.2948 0.0000 1.6689
1.1295 1.6622 0.3010 0.0000 1.6626
1.1284 1.6600 0.3029 0.0000 1.6624
1.1295 1.6614 0.3009 0.0000 1.6635
1.1307 1.6641 0.2986 0.0000 1.6637
1.1287 1.6608 0.3009 0.0000 1.6626
1.1349 1.6693 0.2912 0.0000 1.6682
1.1351 1.6697 0.2913 0.0000 1.6686
1.1332 1.6654 0.2960 0.0000 1.6666
1.1312 1.6609 0.2992 0.0000 1.6642
1.1330 1.6648 0.2967 0.0000 1.6652
1.1339 1.6664 0.2963 0.0000 1.6655
1.1321 1.6625 0.3000 0.0000 1.6640
1.1333 1.6660 0.2984 0.0000 1.6648
1.1331 1.6671 0.3006 0.0000 1.6633
1.1338 1.6689 0.3035 0.0000 1.6626
1.1338 1.6687 0.3036 0.0000 1.6630
1.1332 1.6669 0.3033 0.0000 1.6626
1.1332 1.6679 0.3042 0.0000 1.6619
1.1326 1.6658 0.3031 0.0000 1.6614
1.1334 1.6664 0.2988 0.0000 1.6617
1.1336 1.6671 0.2992 0.0000 1.6615
1.1330 1.6687 0.3022 0.0000 1.6598
1.1315 1.6654 0.3042 0.0000 1.6589
1.1296 1.6624 0.3047 0.0000 1.6584
1.1346 1.6683 0.2997 0.0000 1.6615
1.1322 1.6629 0.3012 0.0000 1.6591
1.1312 1.6638 0.3043 0.0000 1.6571
1.1341 1.6717 0.2991 0.0000 1.6615
1.1335 1.6703 0.2974 0.0000 1.6622
1.1321 1.6680 0.2979 0.0000 1.6618
1.1301 1.6653 0.2996 0.0000 1.6611
1.1278 1.6622 0.3018 0.0000 1.6598
1.1297 1.6647 0.3025 0.0000 1.6602
1.1293 1.6639 0.3030 0.0000 1.6603
1.1281 1.6620 0.3030 0.0000 1.6596
1.1286 1.6629 0.3028 0.0000 1.6598
1.1292 1.6655 0.3026 0.0000 1.6595
1.1341 1.6721 0.2939 0.0000 1.6638
1.1336 1.6702 0.2935 0.0000 1.6640
1.1333 1.6693 0.2939 0.0000 1.6643
1.1337 1.6701 0.2946 0.0000 1.6642
1.1335 1.6695 0.2948 0.0000 1.6647
1.1326 1.6675 0.2953 0.0000 1.6644
1.1332 1.6689 0.2946 0.0000 1.6649
1.1332 1.6685 0.2943 0.0000 1.6655
1.1321 1.6681 0.2978 0.0000 1.6650
1.1345 1.6722 0.2935 0.0000 1.6697
1.1328 1.6695 0.2947 0.0000 1.6683
1.1327 1.6696 0.2952 0.0000 1.6682
1.1345 1.6705 0.2983 0.0000 1.6685
1.1313 1.6636 0.3063 0.0000 1.6663
1.1311 1.6623 0.3065 0.0000 1.6667
1.1317 1.6623 0.3056 0.0000 1.6678
1.1343 1.6668 0.3026 0.0000 1.6694
1.1297 1.6642 0.3086 0.0000 1.6652
1.1258 1.6591 0.3142 0.0000 1.6612
1.1285 1.6638 0.3080 0.0000 1.6633
1.1266 1.6611 0.3100 0.0000 1.6604
1.1212 1.6552 0.3182 0.0000 1.6542
1.1195 1.6529 0.3200 0.0000 1.6529
1.1187 1.6516 0.3209 0.0000 1.6528
1.1213 1.6554 0.3183 0.0000 1.6541
1.1186 1.6512 0.3203 0.0000 1.6519
1.1174 1.6484 0.3224 0.0000 1.6514
1.1190 1.6516 0.3206 0.0000 1.6519
1.1194 1.6530 0.3207 0.0000 1.6518
1.1194 1.6529 0.3207 0.0000 1.6519
1.1169 1.6495 0.3228 0.0000 1.6507
1.1164 1.6486 0.3234 0.0000 1.6506
1.1140 1.6453 0.3263 0.0000 1.6480
1.1163 1.6497 0.3238 0.0000 1.6490
1.1168 1.6506 0.3285 0.0000 1.6483
1.1159 1.6489 0.3304 0.0000 1.6479
1.1137 1.6446 0.3361 0.0000 1.6460
1.1111 1.6402 0.3409 0.0000 1.6439
1.1098 1.6375 0.3425 0.0000 1.6434
1.1144 1.6413 0.3378 0.0000 1.6483
1.1147 1.6419 0.3372 0.0000 1.6485
1.1194 1.6480 0.3308 0.0000 1.6532
1.1182 1.6451 0.3303 0.0000 1.6532
1.1190 1.6455 0.3262 0.0000 1.6550
1.1192 1.6451 0.3249 0.0000 1.6560
1.1191 1.6447 0.3248 0.0000 1.6560
1.1182 1.6434 0.3259 0.0000 1.6556
1.1190 1.6445 0.3260 0.0000 1.6555
1.1194 1.6466 0.3261 0.0000 1.6554
1.1199 1.6481 0.3262 0.0000 1.6553
1.1192 1.6484 0.3277 0.0000 1.6550
1.1193 1.6465 0.3271 0.0000 1.6546
1.1195 1.6476 0.3271 0.0000 1.6546
1.1182 1.6451 0.3275 0.0000 1.6543
1.1180 1.6444 0.3275 0.0000 1.6544
1.1179 1.6438 0.3276 0.0000 1.6546
1.1175 1.6422 0.3279 0.0000 1.6548
1.1167 1.6398 0.3297 0.0000 1.6547
1.1167 1.6397 0.3298 0.0000 1.6548
1.1167 1.6396 0.3298 0.0000 1.6548
1.1157 1.6370 0.3291 0.0000 1.6540
1.1158 1.6354 0.3275 0.0000 1.6548
1.1152 1.6367 0.3299 0.0000 1.6535
1.1147 1.6354 0.3306 0.0000 1.6534
1.1145 1.6337 0.3299 0.0000 1.6537
1.1147 1.6339 0.3298 0.0000 1.6538
1.1147 1.6350 0.3322 0.0000 1.6529
1.1149 1.6354 0.3322 0.0000 1.6529
1.1143 1.6339 0.3332 0.0000 1.6530
1.1109 1.6291 0.3395 0.0000 1.6497
1.1078 1.6242 0.3465 0.0000 1.6469
1.1055 1.6194 0.3516 0.0000 1.6448
1.1055 1.6208 0.3516 0.0000 1.6440
1.1049 1.6199 0.3523 0.0000 1.6439
1.1045 1.6188 0.3532 0.0000 1.6439
1.1023 1.6156 0.3562 0.0000 1.6429
1.1017 1.6135 0.3574 0.0000 1.6431
1.1009 1.6117 0.3583 0.0000 1.6432
1.1009 1.6115 0.3584 0.0000 1.6433
1.1001 1.6098 0.3604 0.0000 1.6429
1.1010 1.6112 0.3598 0.0000 1.6430
1.1012 1.6130 0.3594 0.0000 1.6423
1.1003 1.6113 0.3607 0.0000 1.6420
1.0982 1.6081 0.3633 0.0000 1.6409
1.0971 1.6064 0.3639 0.0000 1.6407
1.0961 1.6044 0.3650 0.0000 1.6385
1.0951 1.6022 0.3659 0.0000 1.6383
1.0954 1.6034 0.3664 0.0000 1.6378
1.0950 1.6025 0.3668 0.0000 1.6378
1.0949 1.6023 0.3668 0.0000 1.6379
1.0939 1.6003 0.3674 0.0000 1.6379
1.0943 1.6013 0.3669 0.0000 1.6378
1.0946 1.6029 0.3672 0.0000 1.6372
1.0942 1.6020 0.3672 0.0000 1.6374
1.0939 1.6012 0.3673 0.0000 1.6375
1.0941 1.6020 0.3672 0.0000 1.6373
1.0940 1.6017 0.3674 0.0000 1.6373
1.0938 1.6012 0.3676 0.0000 1.6374
1.0952 1.6038 0.3658 0.0000 1.6378
1.0946 1.6027 0.3654 0.0000 1.6381
1.0954 1.6046 0.3641 0.0000 1.6382
1.0941 1.6022 0.3657 0.0000 1.6381
1.0939 1.6012 0.3658 0.0000 1.6384
1.0921 1.5983 0.3688 0.0000 1.6375
1.0908 1.5953 0.3711 0.0000 1.6369
1.0901 1.5932 0.3711 0.0000 1.6366
1.0906 1.5948 0.3724 0.0000 1.6361
1.0905 1.5944 0.3727 0.0000 1.6362
1.0900 1.5932 0.3737 0.0000 1.6361
1.0898 1.5910 0.3742 0.0000 1.6359
1.0891 1.5928 0.3746 0.0000 1.6358
1.0882 1.5897 0.3778 0.0000 1.6354
1.0878 1.5907 0.3768 0.0000 1.6363
1.0869 1.5881 0.3783 0.0000 1.6363
1.0867 1.5875 0.3781 0.0000 1.6368
1.0867 1.5874 0.3782 0.0000 1.6368
1.0870 1.5883 0.3777 0.0000 1.6366
1.0853 1.5852 0.3810 0.0000 1.6350
1.0854 1.5855 0.3810 0.0000 1.6348
1.0853 1.5834 0.3822 0.0000 1.6350
1.0867 1.5871 0.3797 0.0000 1.6357
1.0868 1.5881 0.3800 0.0000 1.6358
1.0858 1.5864 0.3795 0.0000 1.6346
1.0853 1.5845 0.3804 0.0000 1.6348
1.0857 1.5844 0.3800 0.0000 1.6353
1.0848 1.5832 0.3809 0.0000 1.6347
1.0855 1.5847 0.3794 0.0000 1.6349
1.0850 1.5822 0.3819 0.0000 1.6339
1.0849 1.5818 0.3822 0.0000 1.6339
1.0855 1.5849 0.3786 0.0000 1.6356
1.0858 1.5865 0.3783 0.0000 1.6350
1.0857 1.5863 0.3784 0.0000 1.6350
1.0857 1.5861 0.3785 0.0000 1.6350
1.0855 1.5869 0.3791 0.0000 1.6342
1.0852 1.5861 0.3795 0.0000 1.6342
1.0835 1.5829 0.3823 0.0000 1.6331
1.0832 1.5813 0.3832 0.0000 1.6330
1.0835 1.5829 0.3834 0.0000 1.6324
1.0836 1.5837 0.3829 0.0000 1.6321
1.0834 1.5832 0.3831 0.0000 1.6322
1.0840 1.5855 0.3815 0.0000 1.6323
1.0839 1.5862 0.3815 0.0000 1.6318
1.0839 1.5863 0.3815 0.0000 1.6317
1.0839 1.5856 0.3806 0.0000 1.6324
1.0840 1.5855 0.3802 0.0000 1.6326
1.0839 1.5853 0.3803 0.0000 1.6326
1.0839 1.5859 0.3803 0.0000 1.6324
1.0839 1.5852 0.3805 0.0000 1.6325
1.0840 1.5860 0.3807 0.0000 1.6322
1.0841 1.5867 0.3806 0.0000 1.6318
1.0842 1.5875 0.3804 0.0000 1.6317
1.0839 1.5856 0.3803 0.0000 1.6320
1.0835 1.5841 0.3814 0.0000 1.6322
1.0835 1.5839 0.3810 0.0000 1.6324
1.0835 1.5836 0.3812 0.0000 1.6325
1.0835 1.5836 0.3813 0.0000 1.6327
1.0838 1.5854 0.3812 0.0000 1.6318
1.0837 1.5847 0.3815 0.0000 1.6319
1.0836 1.5842 0.3816 0.0000 1.6320
1.0836 1.5840 0.3817 0.0000 1.6321
1.0835 1.5830 0.3822 0.0000 1.6323
1.0841 1.5851 0.3817 0.0000 1.6322
1.0837 1.5843 0.3816 0.0000 1.6324
1.0840 1.5842 0.3811 0.0000 1.6327
1.0837 1.5857 0.3803 0.0000 1.6314
1.0831 1.5869 0.3810 0.0000 1.6330
1.0830 1.5861 0.3807 0.0000 1.6339
1.0830 1.5864 0.3809 0.0000 1.6332
1.0851 1.5896 0.3783 0.0000 1.6344
1.0843 1.5883 0.3793 0.0000 1.6332
1.0874 1.5922 0.3771 0.0000 1.6347
1.0876 1.5911 0.3747 0.0000 1.6346
1.0880 1.5923 0.3758 0.0000 1.6339
1.0880 1.5932 0.3772 0.0000 1.6331
1.0884 1.5950 0.3769 0.0000 1.6332
1.0883 1.5957 0.3775 0.0000 1.6327
1.0886 1.5968 0.3773 0.0000 1.6325
1.0873 1.5944 0.3781 0.0000 1.6312
1.0879 1.5958 0.3779 0.0000 1.6312
1.0881 1.5965 0.3779 0.0000 1.6310
1.0886 1.5988 0.3767 0.0000 1.6313
1.0888 1.5979 0.3752 0.0000 1.6319
1.0891 1.5978 0.3768 0.0000 1.6352
1.0891 1.5983 0.3766 0.0000 1.6351
1.0904 1.5984 0.3759 0.0000 1.6360
1.0904 1.5984 0.3759 0.0000 1.6360
1.0908 1.5998 0.3752 0.0000 1.6358
1.0904 1.6002 0.3764 0.0000 1.6351
1.0901 1.5991 0.3762 0.0000 1.6352
1.0888 1.5966 0.3772 0.0000 1.6348
1.0891 1.5975 0.3770 0.0000 1.6345
1.0890 1.5961 0.3777 0.0000 1.6346
1.0891 1.5964 0.3778 0.0000 1.6345
1.0891 1.5963 0.3780 0.0000 1.6344
1.0887 1.5949 0.3780 0.0000 1.6347
1.0891 1.5961 0.3776 0.0000 1.6346
1.0889 1.5952 0.3778 0.0000 1.6348
1.0890 1.5957 0.3778 0.0000 1.6347
1.0878 1.5933 0.3794 0.0000 1.6334
1.0882 1.5947 0.3804 0.0000 1.6331
1.0879 1.5940 0.3810 0.0000 1.6330
1.0871 1.5916 0.3821 0.0000 1.6328
1.0869 1.5910 0.3824 0.0000 1.6329
1.0869 1.5910 0.3824 0.0000 1.6328
1.0876 1.5929 0.3823 0.0000 1.6326
1.0881 1.5936 0.3818 0.0000 1.6325
1.0881 1.5934 0.3817 0.0000 1.6327
1.0878 1.5926 0.3818 0.0000 1.6328
1.0880 1.5934 0.3815 0.0000 1.6327
1.0885 1.5927 0.3805 0.0000 1.6330
1.0886 1.5921 0.3799 0.0000 1.6334
1.0877 1.5932 0.3814 0.0000 1.6327
1.0879 1.5938 0.3813 0.0000 1.6325
1.0877 1.5932 0.3812 0.0000 1.6326
1.0862 1.5902 0.3830 0.0000 1.6307
1.0863 1.5889 0.3826 0.0000 1.6309
1.0865 1.5881 0.3820 0.0000 1.6314
1.0866 1.5874 0.3811 0.0000 1.6320
1.0866 1.5879 0.3813 0.0000 1.6317
1.0871 1.5900 0.3797 0.0000 1.6320
1.0873 1.5887 0.3789 0.0000 1.6325
1.0870 1.5877 0.3786 0.0000 1.6329
1.0869 1.5882 0.3810 0.0000 1.6317
1.0865 1.5864 0.3823 0.0000 1.6315
1.0865 1.5866 0.3823 0.0000 1.6313
1.0867 1.5863 0.3818 0.0000 1.6318
1.0869 1.5855 0.3817 0.0000 1.6321
1.0868 1.5860 0.3817 0.0000 1.6319
1.0867 1.5871 0.3816 0.0000 1.6316
1.0875 1.5894 0.3811 0.0000 1.6321
1.0887 1.5891 0.3804 0.0000 1.6329
1.0889 1.5900 0.3803 0.0000 1.6327
1.0889 1.5901 0.3803 0.0000 1.6326
1.0885 1.5878 0.3823 0.0000 1.6314
1.0886 1.5860 0.3831 0.0000 1.6317
1.0886 1.5863 0.3831 0.0000 1.6316
1.0884 1.5872 0.3848 0.0000 1.6314
1.0887 1.5856 0.3852 0.0000 1.6314
1.0890 1.5851 0.3848 0.0000 1.6319
1.0885 1.5860 0.3857 0.0000 1.6317
1.0888 1.5870 0.3854 0.0000 1.6317
1.0890 1.5883 0.3852 0.0000 1.6313
1.0888 1.5872 0.3843 0.0000 1.6316
1.0889 1.5866 0.3841 0.0000 1.6320
1.0884 1.5881 0.3847 0.0000 1.6318
1.0885 1.5890 0.3844 0.0000 1.6315
1.0885 1.5885 0.3844 0.0000 1.6317
1.0885 1.5888 0.3847 0.0000 1.6315
1.0889 1.5909 0.3830 0.0000 1.6315
1.0885 1.5898 0.3830 0.0000 1.6314
1.0884 1.5906 0.3847 0.0000 1.6310
1.0895 1.5927 0.3833 0.0000 1.6315
1.0895 1.5935 0.3843 0.0000 1.6310
1.0902 1.5951 0.3833 0.0000 1.6313
1.0901 1.5946 0.3832 0.0000 1.6315
1.0901 1.5932 0.3827 0.0000 1.6320
1.0905 1.5919 0.3820 0.0000 1.6324
