1.2127 1.7316 0.2350 0.0001 1.7654
1.1829 1.7017 0.2435 0.0000 1.7306
1.1903 1.7081 0.2458 0.0000 1.8116
1.1498 1.6558 0.2742 0.0000 1.7752
1.1581 1.6685 0.2584 0.0000 1.7611
1.1733 1.6825 0.2590 0.0000 1.7502
1.1503 1.6485 0.2553 0.0000 1.8758
1.1406 1.6426 0.2650 0.0000 1.6700
1.1296 1.6448 0.2807 0.0000 1.7121
1.1352 1.6365 0.2754 0.0000 1.7292
1.1329 1.6487 0.2749 0.0000 1.7038
1.1376 1.6558 0.2572 0.0000 1.6698
1.1370 1.6533 0.2538 0.0000 1.6743
1.1373 1.6565 0.2527 0.0000 1.6775
1.1257 1.6556 0.2782 0.0000 1.6873
1.1331 1.6581 0.2679 0.0000 1.7213
1.1325 1.6484 0.2756 0.0000 1.7321
1.1353 1.6483 0.2640 0.0000 1.7157
1.1491 1.6519 0.2347 0.0001 1.6853
1.1407 1.6543 0.2588 0.0000 1.7131
1.1285 1.6382 0.2751 0.0000 1.7016
1.1322 1.6474 0.2709 0.0000 1.6887
1.1407 1.6494 0.2665 0.0000 1.7075
1.1353 1.6463 0.2650 0.0000 1.7214
1.1378 1.6437 0.2698 0.0000 1.7248
1.1367 1.6484 0.2674 0.0000 1.7218
1.1382 1.6564 0.2627 0.0000 1.7202
1.1445 1.6690 0.2562 0.0000 1.7035
1.1391 1.6503 0.2760 0.0000 1.6869
1.1346 1.6469 0.2784 0.0000 1.6834
1.1369 1.6550 0.2796 0.0000 1.6862
1.1356 1.6529 0.2826 0.0000 1.6826
1.1302 1.6399 0.2870 0.0000 1.7019
1.1428 1.6496 0.2861 0.0000 1.7041
1.1335 1.6511 0.2837 0.0000 1.6971
1.1606 1.6542 0.2244 0.0001 1.7274
1.1499 1.6536 0.2868 0.0000 1.6977
1.1542 1.6584 0.2832 0.0000 1.6863
1.1435 1.6462 0.2889 0.0000 1.6896
1.1281 1.6339 0.3002 0.0000 1.6857
1.1338 1.6383 0.2927 0.0000 1.6765
1.1269 1.6390 0.2945 0.0000 1.6903
1.1316 1.6404 0.2877 0.0000 1.6657
1.1309 1.6317 0.2999 0.0000 1.6875
1.1172 1.6262 0.3000 0.0000 1.6888
1.1835 1.6664 0.2121 0.0003 1.7215
1.1250 1.6379 0.2934 0.0000 1.6803
1.1265 1.6378 0.2888 0.0000 1.6541
1.1196 1.6350 0.2897 0.0000 1.6686
1.1245 1.6374 0.2923 0.0000 1.6492
1.1180 1.6294 0.2958 0.0000 1.6661
1.1228 1.6297 0.2956 0.0000 1.6694
1.1224 1.6326 0.2953 0.0000 1.7017
1.1953 1.6746 0.1954 0.0010 1.8799
1.1778 1.6868 0.1997 0.0007 1.7291
1.1277 1.6360 0.2912 0.0000 1.6899
1.1244 1.6364 0.2926 0.0000 1.7033
1.1623 1.6580 0.2292 0.0001 1.7011
1.1178 1.6327 0.2947 0.0000 1.6871
1.1831 1.6896 0.2039 0.0006 1.7567
1.1909 1.6753 0.2103 0.0004 1.7302
1.1259 1.6375 0.2938 0.0000 1.6848
1.1199 1.6406 0.2958 0.0000 1.6720
1.1828 1.6688 0.2124 0.0003 1.7554
1.1926 1.6894 0.2029 0.0006 1.8191
1.1214 1.6465 0.2876 0.0000 1.6513
1.1192 1.6486 0.2887 0.0000 1.6731
1.1189 1.6383 0.2943 0.0000 1.6814
1.1143 1.6297 0.2990 0.0000 1.6587
1.1131 1.6341 0.2948 0.0000 1.6648
1.1143 1.6316 0.2969 0.0000 1.6709
1.1117 1.6264 0.3066 0.0000 1.6669
1.1132 1.6206 0.3049 0.0000 1.6833
1.1149 1.6321 0.3019 0.0000 1.6677
1.1097 1.6181 0.3126 0.0000 1.6450
1.1091 1.6183 0.3113 0.0000 1.6540
1.1659 1.6604 0.2206 0.0002 1.6990
1.1596 1.6564 0.2286 0.0001 1.6944
1.1103 1.6147 0.3111 0.0000 1.6497
1.1541 1.6501 0.2399 0.0000 1.6560
1.1084 1.6056 0.3157 0.0000 1.6730
1.1068 1.6022 0.3226 0.0000 1.6415
1.1068 1.6022 0.3174 0.0000 1.6586
1.1080 1.6011 0.3156 0.0000 1.6613
1.1074 1.6031 0.3145 0.0000 1.6635
1.1117 1.6022 0.3152 0.0000 1.6675
1.1123 1.6021 0.3152 0.0000 1.6643
1.1135 1.5985 0.3149 0.0000 1.6463
1.1080 1.5990 0.3148 0.0000 1.6422
1.1087 1.5979 0.3167 0.0000 1.6500
1.1093 1.5995 0.3142 0.0000 1.6525
1.1079 1.6014 0.3171 0.0000 1.6508
1.1074 1.5978 0.3153 0.0000 1.6513
1.1066 1.5964 0.3200 0.0000 1.6394
1.1056 1.5952 0.3221 0.0000 1.6399
1.1058 1.5936 0.3213 0.0000 1.6254
1.1043 1.5927 0.3255 0.0000 1.6420
1.1010 1.5895 0.3262 0.0000 1.6290
1.1033 1.5884 0.3273 0.0000 1.6376
1.1061 1.5937 0.3200 0.0000 1.6531
1.1080 1.5908 0.3249 0.0000 1.6337
1.1108 1.5943 0.3230 0.0000 1.6524
1.1076 1.5910 0.3231 0.0000 1.6536
1.1063 1.5873 0.3270 0.0000 1.6434
1.1089 1.5869 0.3242 0.0000 1.6625
1.1090 1.5903 0.3201 0.0000 1.6473
1.1125 1.5883 0.3200 0.0000 1.6462
1.1078 1.5909 0.3213 0.0000 1.6451
1.1143 1.5880 0.3238 0.0000 1.6534
1.1087 1.5897 0.3220 0.0000 1.6473
1.1103 1.5939 0.3186 0.0000 1.6476
1.1114 1.5943 0.3167 0.0000 1.6657
1.1094 1.5951 0.3191 0.0000 1.6533
1.1092 1.5949 0.3203 0.0000 1.6626
1.1083 1.5948 0.3209 0.0000 1.6553
1.1090 1.5959 0.3204 0.0000 1.6619
1.1085 1.5937 0.3199 0.0000 1.6585
1.1099 1.5996 0.3178 0.0000 1.6671
1.1121 1.6034 0.3151 0.0000 1.6759
1.1107 1.6040 0.3149 0.0000 1.6607
1.1104 1.6013 0.3108 0.0000 1.6554
1.1109 1.6048 0.3098 0.0000 1.6551
1.1089 1.6031 0.3119 0.0000 1.6493
1.1089 1.5992 0.3168 0.0000 1.6543
1.1067 1.5995 0.3167 0.0000 1.6396
1.1048 1.5959 0.3222 0.0000 1.6313
1.1044 1.5938 0.3222 0.0000 1.6314
1.1065 1.5976 0.3196 0.0000 1.6509
1.1128 1.5993 0.3169 0.0000 1.6537
1.1059 1.5985 0.3179 0.0000 1.6402
1.1080 1.5996 0.3174 0.0000 1.6537
1.1083 1.5987 0.3155 0.0000 1.6364
1.1085 1.5982 0.3171 0.0000 1.6544
1.1047 1.5920 0.3250 0.0000 1.6382
1.1043 1.5954 0.3225 0.0000 1.6200
1.1079 1.5956 0.3237 0.0000 1.6446
1.1027 1.5959 0.3266 0.0000 1.6237
1.1060 1.5955 0.3260 0.0000 1.6435
1.1037 1.5968 0.3256 0.0000 1.6355
1.1059 1.5974 0.3219 0.0000 1.6383
1.1083 1.5964 0.3214 0.0000 1.6353
1.1061 1.5982 0.3203 0.0000 1.6423
1.1089 1.6001 0.3208 0.0000 1.6408
1.1059 1.5993 0.3232 0.0000 1.6395
1.1060 1.5983 0.3258 0.0000 1.6452
1.1042 1.6012 0.3240 0.0000 1.6342
1.1074 1.6056 0.3130 0.0000 1.6195
1.1083 1.6060 0.3136 0.0000 1.6407
1.1095 1.6081 0.3143 0.0000 1.6381
1.1104 1.6070 0.3125 0.0000 1.6446
1.1088 1.6081 0.3147 0.0000 1.6368
1.1106 1.6049 0.3146 0.0000 1.6358
1.1065 1.6081 0.3133 0.0000 1.6320
1.1091 1.6076 0.3155 0.0000 1.6356
1.1110 1.6083 0.3134 0.0000 1.6363
1.1060 1.6079 0.3144 0.0000 1.6304
1.1077 1.6098 0.3140 0.0000 1.6319
1.1066 1.6021 0.3214 0.0000 1.6357
1.1050 1.6010 0.3255 0.0000 1.6354
1.1020 1.5989 0.3277 0.0000 1.6351
1.1029 1.6005 0.3250 0.0000 1.6403
1.1020 1.5993 0.3270 0.0000 1.6351
1.1048 1.6013 0.3284 0.0000 1.6361
1.1028 1.6004 0.3240 0.0000 1.6299
1.1056 1.5981 0.3278 0.0000 1.6327
1.1053 1.5968 0.3297 0.0000 1.6368
1.1115 1.6052 0.3081 0.0000 1.6995
1.1026 1.5933 0.3335 0.0000 1.6337
1.1004 1.5946 0.3303 0.0000 1.6249
1.1021 1.5947 0.3295 0.0000 1.6264
1.1034 1.5940 0.3337 0.0000 1.6391
1.1047 1.5938 0.3323 0.0000 1.6405
1.1051 1.5926 0.3318 0.0000 1.6310
1.1052 1.5939 0.3336 0.0000 1.6298
1.1020 1.5909 0.3345 0.0000 1.6197
1.1060 1.5951 0.3315 0.0000 1.6364
1.1057 1.5931 0.3329 0.0000 1.6362
1.1036 1.5951 0.3343 0.0000 1.6356
1.1062 1.5942 0.3313 0.0000 1.6390
1.1047 1.5922 0.3316 0.0000 1.6175
1.1059 1.5925 0.3334 0.0000 1.6324
1.1061 1.5940 0.3234 0.0000 1.6264
1.1051 1.5934 0.3275 0.0000 1.6171
1.1182 1.6057 0.3027 0.0000 1.6190
1.1040 1.5890 0.3415 0.0000 1.6305
1.1011 1.5880 0.3397 0.0000 1.6124
1.1051 1.5898 0.3403 0.0000 1.6340
1.1009 1.5874 0.3432 0.0000 1.6171
1.1067 1.5874 0.3425 0.0000 1.6368
1.1036 1.5864 0.3399 0.0000 1.6129
1.1028 1.5872 0.3387 0.0000 1.6215
1.1075 1.5866 0.3411 0.0000 1.6341
1.1011 1.5815 0.3446 0.0000 1.6146
1.1013 1.5841 0.3353 0.0000 1.6145
1.1072 1.5860 0.3389 0.0000 1.6316
1.1203 1.6010 0.3041 0.0000 1.6218
1.1070 1.5873 0.3372 0.0000 1.6203
1.1040 1.5849 0.3391 0.0000 1.6150
1.1074 1.5921 0.3309 0.0000 1.6240
1.1058 1.5893 0.3333 0.0000 1.6220
1.1092 1.5872 0.3353 0.0000 1.6406
1.1046 1.5887 0.3347 0.0000 1.6132
1.1058 1.5918 0.3298 0.0000 1.6159
1.1072 1.5904 0.3296 0.0000 1.6273
1.1095 1.5858 0.3346 0.0000 1.6484
1.1041 1.5894 0.3302 0.0000 1.6160
1.1056 1.5899 0.3295 0.0000 1.6327
1.1062 1.5903 0.3301 0.0000 1.6247
1.1041 1.5926 0.3270 0.0000 1.6221
1.1065 1.5944 0.3270 0.0000 1.6248
1.1036 1.5993 0.3271 0.0000 1.6082
1.1051 1.5926 0.3293 0.0000 1.6175
1.1048 1.5934 0.3307 0.0000 1.6220
1.1017 1.5939 0.3296 0.0000 1.6131
1.0993 1.5927 0.3369 0.0000 1.6092
1.1039 1.5980 0.3184 0.0000 1.6341
1.1088 1.6032 0.3068 0.0000 1.6146
1.1035 1.5982 0.3236 0.0000 1.6234
1.1046 1.5973 0.3258 0.0000 1.6077
1.1046 1.6007 0.3217 0.0000 1.6242
1.1034 1.6003 0.3204 0.0000 1.6220
1.1049 1.6028 0.3189 0.0000 1.6193
1.1087 1.6089 0.3030 0.0000 1.6187
1.1001 1.5973 0.3245 0.0000 1.6077
1.0967 1.5915 0.3298 0.0000 1.6147
1.1030 1.5965 0.3215 0.0000 1.6215
1.0981 1.5950 0.3314 0.0000 1.6027
1.1012 1.5952 0.3278 0.0000 1.6176
1.1015 1.5925 0.3282 0.0000 1.6169
1.1034 1.5940 0.3275 0.0000 1.6162
1.1055 1.5968 0.3239 0.0000 1.6122
1.0999 1.5945 0.3295 0.0000 1.6079
1.1017 1.5973 0.3260 0.0000 1.6210
1.1015 1.5959 0.3256 0.0000 1.6150
1.0997 1.5947 0.3297 0.0000 1.6087
1.0998 1.5891 0.3316 0.0000 1.6104
1.0999 1.5922 0.3298 0.0000 1.6029
1.1002 1.5940 0.3288 0.0000 1.6112
1.0961 1.5888 0.3352 0.0000 1.6163
1.0947 1.5904 0.3357 0.0000 1.6016
1.0946 1.5855 0.3395 0.0000 1.6069
1.0963 1.5901 0.3332 0.0000 1.6051
1.0995 1.5917 0.3313 0.0000 1.6073
1.0953 1.5893 0.3358 0.0000 1.6053
1.1078 1.6058 0.3041 0.0000 1.6091
1.1026 1.5978 0.3255 0.0000 1.6096
1.0954 1.5912 0.3322 0.0000 1.6058
1.0991 1.5942 0.3288 0.0000 1.6090
1.0989 1.5979 0.3231 0.0000 1.6093
1.0963 1.5967 0.3258 0.0000 1.6061
1.0969 1.5972 0.3239 0.0000 1.6049
1.1005 1.6049 0.3182 0.0000 1.6071
1.0977 1.5947 0.3261 0.0000 1.6074
1.0985 1.5955 0.3260 0.0000 1.6075
1.0907 1.5863 0.3357 0.0000 1.5972
1.1005 1.5961 0.3249 0.0000 1.6055
1.0987 1.5964 0.3238 0.0000 1.6074
1.0967 1.5925 0.3262 0.0000 1.6077
1.1016 1.5961 0.3202 0.0000 1.6053
1.1009 1.5957 0.3217 0.0000 1.6261
1.1017 1.5954 0.3191 0.0000 1.6032
1.1019 1.5947 0.3205 0.0000 1.6249
1.0997 1.5940 0.3209 0.0000 1.6054
1.1008 1.5953 0.3213 0.0000 1.6230
1.0995 1.5959 0.3205 0.0000 1.6224
1.1013 1.5976 0.3190 0.0000 1.6269
1.1056 1.6008 0.3168 0.0000 1.6156
1.1025 1.5981 0.3189 0.0000 1.6115
1.1011 1.5957 0.3201 0.0000 1.6242
1.1014 1.5966 0.3194 0.0000 1.6232
1.1014 1.6020 0.3149 0.0000 1.6066
1.1017 1.5969 0.3181 0.0000 1.6256
1.1093 1.6068 0.2970 0.0000 1.6120
1.1013 1.6000 0.3152 0.0000 1.6266
1.0971 1.6014 0.3183 0.0000 1.6065
1.1008 1.5975 0.3191 0.0000 1.6255
1.0985 1.5965 0.3213 0.0000 1.6217
1.0997 1.5967 0.3182 0.0000 1.6159
1.1008 1.5986 0.3172 0.0000 1.6239
1.0999 1.5990 0.3154 0.0000 1.6160
1.1000 1.5985 0.3156 0.0000 1.6243
1.1005 1.5991 0.3155 0.0000 1.6112
1.0964 1.5953 0.3234 0.0000 1.6194
1.0961 1.5970 0.3206 0.0000 1.6029
1.0965 1.5955 0.3223 0.0000 1.6093
1.1020 1.6018 0.3123 0.0000 1.6110
1.0979 1.5968 0.3198 0.0000 1.6198
1.0975 1.5974 0.3197 0.0000 1.6081
1.0991 1.5996 0.3168 0.0000 1.6113
1.0975 1.5970 0.3190 0.0000 1.6113
1.0976 1.5969 0.3195 0.0000 1.6094
1.0954 1.5950 0.3229 0.0000 1.6180
1.0960 1.5968 0.3206 0.0000 1.6082
1.0977 1.5965 0.3196 0.0000 1.6095
1.0976 1.5972 0.3193 0.0000 1.6091
1.0912 1.5906 0.3302 0.0000 1.5947
1.0957 1.5932 0.3248 0.0000 1.6196
1.1035 1.6052 0.3032 0.0000 1.6037
1.0966 1.5952 0.3225 0.0000 1.6060
1.0965 1.5949 0.3225 0.0000 1.6064
1.0974 1.5939 0.3227 0.0000 1.6098
1.1043 1.6008 0.3071 0.0000 1.6056
1.0968 1.5927 0.3234 0.0000 1.6087
1.0985 1.5921 0.3229 0.0000 1.6239
1.1000 1.5954 0.3188 0.0000 1.6102
1.1059 1.6032 0.3029 0.0000 1.6084
1.0998 1.5955 0.3194 0.0000 1.6138
1.0995 1.5982 0.3183 0.0000 1.6105
1.0998 1.5986 0.3176 0.0000 1.6103
1.0993 1.5981 0.3178 0.0000 1.6118
1.0961 1.5941 0.3247 0.0000 1.6241
1.0991 1.5986 0.3188 0.0000 1.6103
1.0985 1.5991 0.3194 0.0000 1.6088
1.0981 1.5974 0.3228 0.0000 1.6072
1.0947 1.5963 0.3254 0.0000 1.6215
1.0950 1.5990 0.3233 0.0000 1.6075
1.0957 1.5958 0.3242 0.0000 1.6223
1.0960 1.5988 0.3218 0.0000 1.6049
1.0963 1.5978 0.3224 0.0000 1.6065
1.0965 1.5974 0.3225 0.0000 1.6065
1.0960 1.5982 0.3222 0.0000 1.6064
1.0960 1.5984 0.3213 0.0000 1.6088
1.0965 1.6003 0.3206 0.0000 1.6051
1.0975 1.6046 0.3111 0.0000 1.6041
1.0924 1.5939 0.3303 0.0000 1.6073
1.0942 1.5986 0.3252 0.0000 1.6041
1.0934 1.5982 0.3265 0.0000 1.6045
1.0926 1.5987 0.3280 0.0000 1.6010
1.0904 1.5961 0.3307 0.0000 1.6126
1.0917 1.5995 0.3282 0.0000 1.6020
1.0913 1.5995 0.3282 0.0000 1.5989
1.0946 1.6034 0.3178 0.0000 1.5983
1.0912 1.6005 0.3292 0.0000 1.6007
1.0898 1.5980 0.3318 0.0000 1.6136
1.0901 1.5986 0.3317 0.0000 1.6129
1.0913 1.6011 0.3282 0.0000 1.6022
1.0918 1.6012 0.3306 0.0000 1.6138
1.0897 1.6005 0.3311 0.0000 1.5969
1.0895 1.6051 0.3209 0.0000 1.5944
1.0856 1.5976 0.3373 0.0000 1.6070
1.0906 1.6035 0.3333 0.0000 1.5958
1.0891 1.6024 0.3364 0.0000 1.5962
1.0873 1.5996 0.3379 0.0000 1.5942
1.0861 1.5980 0.3396 0.0000 1.5905
1.0887 1.5972 0.3362 0.0000 1.5979
1.0871 1.5976 0.3376 0.0000 1.6087
1.0891 1.5992 0.3360 0.0000 1.5981
1.0902 1.6003 0.3347 0.0000 1.5967
1.0896 1.5993 0.3346 0.0000 1.5983
1.0908 1.5994 0.3331 0.0000 1.5987
1.0889 1.5968 0.3358 0.0000 1.5983
1.0878 1.5952 0.3377 0.0000 1.5991
1.0913 1.5993 0.3345 0.0000 1.5972
1.0864 1.5913 0.3431 0.0000 1.6039
1.0888 1.5963 0.3386 0.0000 1.6050
1.0901 1.5996 0.3358 0.0000 1.6002
1.0900 1.5978 0.3377 0.0000 1.5997
1.0860 1.5930 0.3407 0.0000 1.5979
1.0917 1.5999 0.3355 0.0000 1.5980
1.0882 1.5979 0.3375 0.0000 1.5951
1.0871 1.5960 0.3387 0.0000 1.5967
1.0861 1.5941 0.3401 0.0000 1.5944
1.0888 1.5956 0.3363 0.0000 1.5957
1.0893 1.5978 0.3354 0.0000 1.5980
1.0890 1.5960 0.3363 0.0000 1.5991
1.0873 1.5948 0.3366 0.0000 1.5994
1.0868 1.5951 0.3365 0.0000 1.5957
1.0875 1.5957 0.3361 0.0000 1.5975
1.0850 1.5947 0.3368 0.0000 1.5952
1.0882 1.5957 0.3357 0.0000 1.5973
1.0874 1.5952 0.3371 0.0000 1.5954
1.0878 1.5947 0.3367 0.0000 1.5959
1.0863 1.5930 0.3379 0.0000 1.6002
1.0868 1.5948 0.3365 0.0000 1.5941
1.0861 1.5950 0.3367 0.0000 1.5935
1.0841 1.5907 0.3416 0.0000 1.5977
1.0874 1.5952 0.3356 0.0000 1.5958
1.0855 1.5947 0.3363 0.0000 1.5950
1.0860 1.5939 0.3377 0.0000 1.5946
1.0869 1.5936 0.3370 0.0000 1.5951
1.0882 1.5946 0.3356 0.0000 1.5957
1.0899 1.5955 0.3362 0.0000 1.5994
1.0864 1.5938 0.3348 0.0000 1.6033
1.0903 1.5967 0.3339 0.0000 1.6004
1.0894 1.5962 0.3331 0.0000 1.5989
1.0904 1.5949 0.3337 0.0000 1.6022
1.0886 1.5948 0.3355 0.0000 1.6017
1.0917 1.5987 0.3287 0.0000 1.6025
1.0924 1.5996 0.3275 0.0000 1.6028
1.0925 1.6017 0.3255 0.0000 1.6025
1.0917 1.6035 0.3250 0.0000 1.5983
1.0913 1.6012 0.3256 0.0000 1.6074
1.0952 1.6041 0.3187 0.0000 1.6029
1.0997 1.6122 0.3019 0.0000 2.5121
1.0961 1.6041 0.3195 0.0000 1.6027
1.0957 1.6035 0.3215 0.0000 1.6011
1.0974 1.6046 0.3201 0.0000 1.6029
1.0970 1.6032 0.3210 0.0000 1.6049
1.0942 1.6034 0.3223 0.0000 1.5939
1.0968 1.6037 0.3210 0.0000 1.6019
1.1029 1.6120 0.3063 0.0000 1.6054
1.1005 1.6117 0.3039 0.0000 1.6016
1.0975 1.6044 0.3199 0.0000 1.6027
1.0993 1.6055 0.3183 0.0000 1.6039
1.0999 1.6047 0.3189 0.0000 1.6030
1.0979 1.6025 0.3205 0.0000 1.6038
1.0969 1.6022 0.3213 0.0000 1.6046
1.0974 1.6023 0.3215 0.0000 1.6034
1.0984 1.6045 0.3209 0.0000 1.5994
1.0970 1.6037 0.3198 0.0000 1.6034
1.1014 1.6038 0.3182 0.0000 1.6067
1.0983 1.6047 0.3173 0.0000 1.6052
1.1026 1.6050 0.3163 0.0000 1.6034
1.0982 1.5978 0.3290 0.0000 1.5988
1.0933 1.5929 0.3350 0.0000 1.5965
1.0931 1.5917 0.3351 0.0000 1.5896
1.0966 1.5947 0.3317 0.0000 1.5980
1.0932 1.5933 0.3348 0.0000 1.5883
1.0957 1.5963 0.3304 0.0000 1.5967
1.0928 1.5953 0.3339 0.0000 1.5967
1.0926 1.5960 0.3336 0.0000 1.5953
1.0912 1.5927 0.3347 0.0000 1.5874
1.0933 1.5950 0.3339 0.0000 1.5937
1.0934 1.5952 0.3330 0.0000 1.5918
1.1000 1.6032 0.3156 0.0000 1.6004
1.0963 1.5982 0.3318 0.0000 1.5960
1.0962 1.5993 0.3309 0.0000 1.5972
1.0972 1.5992 0.3309 0.0000 1.5981
1.0985 1.6098 0.3132 0.0000 1.5926
1.0958 1.5981 0.3318 0.0000 1.5948
1.0962 1.5991 0.3306 0.0000 1.5981
1.0944 1.5987 0.3323 0.0000 1.5960
1.0971 1.5991 0.3318 0.0000 1.5970
1.0968 1.6001 0.3305 0.0000 1.5952
1.0962 1.5991 0.3308 0.0000 1.5970
1.0963 1.5990 0.3315 0.0000 1.5940
1.0929 1.5972 0.3298 0.0000 1.5946
1.0944 1.5979 0.3309 0.0000 1.5959
1.0944 1.5982 0.3300 0.0000 1.5981
1.0941 1.5983 0.3294 0.0000 1.5959
1.0983 1.6029 0.3280 0.0000 1.5904
1.0974 1.6000 0.3276 0.0000 1.5970
1.0946 1.5961 0.3286 0.0000 1.6006
1.1023 1.6078 0.3057 0.0000 1.6027
1.0947 1.5977 0.3289 0.0000 1.5987
1.0954 1.5968 0.3281 0.0000 1.5977
1.0972 1.5995 0.3269 0.0000 1.5994
1.0963 1.5986 0.3273 0.0000 1.6001
1.0949 1.6008 0.3269 0.0000 1.5981
1.0966 1.6008 0.3287 0.0000 1.5992
1.0950 1.5989 0.3266 0.0000 1.5957
