0.4956 0.6642 0.3490 0.0000 0.9586
0.5066 0.6672 0.2866 0.0000 0.9411
0.5005 0.6636 0.3250 0.0000 1.0764
0.4991 0.6594 0.3170 0.0000 1.0053
0.4964 0.6575 0.3370 0.0000 0.9499
0.5030 0.6691 0.3085 0.0000 0.9603
0.5190 0.6861 0.0723 0.2545 0.9708
0.4935 0.6563 0.3458 0.0000 1.0023
0.5103 0.6761 0.2801 0.0000 0.9615
0.5043 0.6691 0.3003 0.0000 0.9445
0.4943 0.6571 0.3470 0.0000 0.9792
0.4973 0.6731 0.3647 0.0000 0.8752
0.4932 0.6549 0.3510 0.0000 0.9991
0.4996 0.6680 0.3460 0.0000 0.8993
0.4931 0.6557 0.3528 0.0000 1.0006
0.4956 0.6687 0.3625 0.0000 0.8765
0.4953 0.6668 0.3608 0.0000 0.8848
0.4943 0.6587 0.3482 0.0000 0.9901
0.4967 0.6707 0.3632 0.0000 0.8808
0.5038 0.6711 0.3041 0.0000 0.9671
0.5118 0.6768 0.2926 0.0000 0.9780
0.4961 0.6683 0.3643 0.0000 0.8307
0.5104 0.6739 0.3044 0.0000 0.9645
0.5155 0.6805 0.2971 0.0000 0.9973
0.4994 0.6554 0.3613 0.0000 0.9257
0.4942 0.6499 0.3676 0.0000 0.9964
0.4923 0.6498 0.3658 0.0000 0.9843
0.4903 0.6534 0.3758 0.0000 0.8649
0.5018 0.6557 0.3221 0.0000 0.9243
0.5153 0.6700 0.2831 0.0000 0.9074
0.5152 0.6658 0.2859 0.0000 58.7913
0.5027 0.6540 0.3143 0.0000 0.9209
0.4880 0.6479 0.3689 0.0000 0.8582
0.4880 0.6457 0.3663 0.0000 0.8494
0.5057 0.6562 0.3068 0.0000 0.9343
0.4884 0.6441 0.3617 0.0000 0.8296
0.4883 0.6449 0.3650 0.0000 0.8445
0.5112 0.6639 0.2916 0.0000 0.9462
0.4918 0.6468 0.3471 0.0000 0.8865
0.4906 0.6464 0.3510 0.0000 0.8099
0.4895 0.6455 0.3651 0.0000 0.8495
0.4899 0.6443 0.3605 0.0000 0.9054
0.4894 0.6432 0.3722 0.0000 0.8689
0.4887 0.6418 0.3715 0.0000 0.8681
0.4934 0.6514 0.3489 0.0000 0.9089
0.4970 0.6606 0.3297 0.0000 0.9149
0.4963 0.6570 0.3338 0.0000 0.9259
0.4972 0.6577 0.3350 0.0000 0.9211
0.4889 0.6445 0.3761 0.0000 0.8163
0.4877 0.6432 0.3722 0.0000 0.8459
0.4921 0.6514 0.3468 0.0000 0.8972
0.4886 0.6434 0.3665 0.0000 0.8452
0.4895 0.6485 0.3618 0.0000 0.8430
0.4942 0.6559 0.3352 0.0000 0.9042
0.4949 0.6573 0.3362 0.0000 0.8923
0.4927 0.6536 0.3424 0.0000 0.8818
0.4944 0.6556 0.3333 0.0000 0.8925
0.4963 0.6616 0.3191 0.0000 0.8873
0.4929 0.6518 0.3564 0.0000 0.8564
0.4924 0.6523 0.3539 0.0000 0.8524
0.4953 0.6557 0.3460 0.0000 0.8688
0.4993 0.6632 0.3224 0.0000 0.8999
0.4981 0.6600 0.3300 0.0000 0.8715
0.4973 0.6583 0.3338 0.0000 0.8788
0.4988 0.6593 0.3183 0.0000 0.8949
0.4982 0.6542 0.3339 0.0000 0.9054
0.5005 0.6625 0.3193 0.0000 0.8917
0.5001 0.6602 0.3226 0.0000 0.8865
0.4989 0.6558 0.3241 0.0000 0.8883
0.4973 0.6549 0.3356 0.0000 0.8649
0.4984 0.6549 0.3340 0.0000 0.8634
0.4969 0.6507 0.3416 0.0000 0.8678
0.4965 0.6518 0.3432 0.0000 0.8702
0.4936 0.6472 0.3588 0.0000 0.8520
0.4966 0.6521 0.3448 0.0000 0.8613
0.4961 0.6514 0.3480 0.0000 0.8616
0.4957 0.6518 0.3504 0.0000 0.8560
0.4918 0.6475 0.3593 0.0000 0.8349
0.4939 0.6493 0.3524 0.0000 0.8512
0.4935 0.6497 0.3522 0.0000 0.8446
0.4929 0.6471 0.3543 0.0000 0.8424
0.4938 0.6469 0.3499 0.0000 0.8486
0.4942 0.6483 0.3478 0.0000 0.8501
0.4937 0.6487 0.3481 0.0000 0.8490
0.4960 0.6507 0.3401 0.0000 0.8604
0.4942 0.6474 0.3474 0.0000 0.8471
0.4956 0.6491 0.3438 0.0000 0.8501
0.4935 0.6477 0.3511 0.0000 0.8376
0.4956 0.6511 0.3444 0.0000 0.8512
0.4939 0.6501 0.3487 0.0000 0.8330
0.4939 0.6483 0.3522 0.0000 0.8458
0.4950 0.6493 0.3490 0.0000 0.8476
0.4923 0.6467 0.3568 0.0000 0.8311
0.4917 0.6470 0.3591 0.0000 0.8259
0.4929 0.6491 0.3544 0.0000 0.8356
0.4910 0.6475 0.3612 0.0000 0.8291
0.4933 0.6481 0.3538 0.0000 0.8424
0.4904 0.6453 0.3614 0.0000 0.8212
0.4929 0.6480 0.3537 0.0000 0.8430
0.4925 0.6472 0.3541 0.0000 0.8412
0.4942 0.6499 0.3475 0.0000 0.8571
0.4937 0.6487 0.3494 0.0000 0.8420
0.4916 0.6469 0.3550 0.0000 0.8312
0.4937 0.6489 0.3491 0.0000 0.8416
0.4935 0.6501 0.3510 0.0000 0.8431
0.4908 0.6464 0.3611 0.0000 0.8202
0.4920 0.6468 0.3553 0.0000 0.8383
0.4921 0.6457 0.3551 0.0000 0.8369
0.4941 0.6473 0.3498 0.0000 0.8479
0.4914 0.6463 0.3578 0.0000 0.8314
0.4918 0.6474 0.3566 0.0000 0.8331
0.4901 0.6460 0.3593 0.0000 0.8230
0.4908 0.6468 0.3580 0.0000 0.8306
0.4915 0.6463 0.3587 0.0000 0.8326
0.4906 0.6460 0.3621 0.0000 0.8303
0.4932 0.6480 0.3541 0.0000 0.8447
0.4928 0.6475 0.3562 0.0000 0.8371
0.4928 0.6487 0.3571 0.0000 0.8418
0.4939 0.6499 0.3547 0.0000 0.8441
0.4930 0.6478 0.3573 0.0000 0.8389
0.4948 0.6493 0.3524 0.0000 0.8500
0.4938 0.6480 0.3551 0.0000 0.8459
0.4937 0.6487 0.3562 0.0000 0.8420
0.4947 0.6498 0.3548 0.0000 0.8456
0.4904 0.6453 0.3639 0.0000 0.8191
0.4936 0.6478 0.3608 0.0000 0.8359
0.4905 0.6449 0.3672 0.0000 0.8284
0.4900 0.6440 0.3656 0.0000 0.8178
0.4920 0.6458 0.3621 0.0000 0.8356
0.4931 0.6463 0.3579 0.0000 0.8354
0.4932 0.6465 0.3586 0.0000 0.8426
0.4928 0.6482 0.3589 0.0000 0.8341
0.4931 0.6475 0.3561 0.0000 0.8438
0.4925 0.6475 0.3587 0.0000 0.8361
0.4926 0.6470 0.3595 0.0000 0.8372
0.4940 0.6469 0.3553 0.0000 0.8444
0.4937 0.6465 0.3566 0.0000 0.8487
0.4925 0.6463 0.3571 0.0000 0.8241
0.4942 0.6506 0.3525 0.0000 0.8206
0.4931 0.6486 0.3548 0.0000 0.8266
0.4941 0.6477 0.3555 0.0000 0.8378
0.4944 0.6467 0.3530 0.0000 0.8407
0.4926 0.6465 0.3555 0.0000 0.8315
0.4951 0.6460 0.3495 0.0000 0.8411
0.4942 0.6461 0.3510 0.0000 0.8375
0.4940 0.6462 0.3471 0.0000 0.8298
0.4948 0.6457 0.3476 0.0000 0.8378
0.4933 0.6469 0.3484 0.0000 0.8252
0.4943 0.6461 0.3476 0.0000 0.8363
0.4937 0.6452 0.3495 0.0000 0.8361
0.4923 0.6416 0.3582 0.0000 0.8305
0.4946 0.6433 0.3492 0.0000 0.8334
0.4933 0.6420 0.3544 0.0000 0.8310
0.4939 0.6427 0.3500 0.0000 0.8357
0.4937 0.6425 0.3510 0.0000 0.8374
0.4941 0.6440 0.3510 0.0000 0.8362
0.4944 0.6438 0.3500 0.0000 0.8360
0.4921 0.6414 0.3562 0.0000 0.8256
0.4936 0.6419 0.3482 0.0000 0.8345
0.4917 0.6397 0.3517 0.0000 0.8156
0.4907 0.6392 0.3572 0.0000 0.8183
0.4909 0.6392 0.3578 0.0000 0.8179
0.4908 0.6394 0.3539 0.0000 0.8124
0.4925 0.6412 0.3489 0.0000 0.8248
0.4925 0.6420 0.3491 0.0000 0.8209
0.4921 0.6412 0.3504 0.0000 0.8183
0.4908 0.6402 0.3509 0.0000 0.8128
0.4912 0.6392 0.3520 0.0000 0.8167
0.4900 0.6392 0.3557 0.0000 0.8165
0.4916 0.6414 0.3502 0.0000 0.8176
0.4901 0.6417 0.3524 0.0000 0.8082
0.4907 0.6422 0.3529 0.0000 0.8114
0.4896 0.6401 0.3591 0.0000 0.8017
0.4909 0.6407 0.3567 0.0000 0.8064
0.4896 0.6404 0.3581 0.0000 0.8099
0.4898 0.6413 0.3577 0.0000 0.8136
0.4890 0.6400 0.3594 0.0000 0.8112
0.4894 0.6410 0.3579 0.0000 0.8120
0.4909 0.6405 0.3550 0.0000 0.8204
0.4891 0.6382 0.3593 0.0000 0.8091
0.4887 0.6395 0.3604 0.0000 0.8083
0.4886 0.6391 0.3588 0.0000 0.8025
0.4886 0.6392 0.3572 0.0000 0.8073
0.4868 0.6372 0.3632 0.0000 0.7987
0.4873 0.6365 0.3637 0.0000 0.8033
0.4879 0.6376 0.3619 0.0000 0.8030
0.4881 0.6383 0.3618 0.0000 0.7945
0.4872 0.6358 0.3683 0.0000 0.7885
0.4868 0.6357 0.3684 0.0000 0.7975
0.4875 0.6358 0.3660 0.0000 0.7909
0.4875 0.6352 0.3659 0.0000 0.7884
0.4875 0.6340 0.3661 0.0000 0.7876
0.4867 0.6335 0.3680 0.0000 0.7902
0.4868 0.6338 0.3678 0.0000 0.7942
0.4874 0.6347 0.3664 0.0000 0.7886
0.4872 0.6341 0.3663 0.0000 0.8001
0.4877 0.6337 0.3658 0.0000 0.7909
0.4870 0.6326 0.3684 0.0000 0.7980
0.4883 0.6327 0.3648 0.0000 0.7863
0.4872 0.6311 0.3679 0.0000 0.7965
0.4880 0.6327 0.3661 0.0000 0.7893
0.4883 0.6328 0.3657 0.0000 0.7856
0.4882 0.6330 0.3659 0.0000 0.7875
0.4872 0.6319 0.3681 0.0000 0.7949
0.4871 0.6316 0.3683 0.0000 0.7907
0.4876 0.6326 0.3681 0.0000 0.7822
0.4871 0.6319 0.3695 0.0000 0.7836
0.4868 0.6312 0.3705 0.0000 0.7874
0.4866 0.6306 0.3707 0.0000 0.7879
0.4892 0.6336 0.3638 0.0000 0.7809
0.4878 0.6342 0.3670 0.0000 0.7840
0.4885 0.6345 0.3666 0.0000 0.7825
0.4885 0.6342 0.3654 0.0000 0.7848
0.4876 0.6337 0.3672 0.0000 0.7896
0.4889 0.6355 0.3630 0.0000 0.7868
0.4882 0.6349 0.3648 0.0000 0.7910
0.4887 0.6352 0.3627 0.0000 0.7894
0.4878 0.6342 0.3673 0.0000 0.7862
0.4880 0.6358 0.3638 0.0000 0.7880
0.4881 0.6358 0.3636 0.0000 0.7881
0.4875 0.6345 0.3658 0.0000 0.7902
0.4880 0.6333 0.3660 0.0000 0.7875
0.4882 0.6339 0.3655 0.0000 0.7865
0.4884 0.6333 0.3647 0.0000 0.7849
0.4886 0.6330 0.3646 0.0000 0.7818
0.4878 0.6332 0.3659 0.0000 0.7889
0.4888 0.6330 0.3629 0.0000 0.7854
0.4890 0.6340 0.3642 0.0000 0.7852
0.4890 0.6339 0.3640 0.0000 0.7859
0.4879 0.6332 0.3658 0.0000 0.7932
0.4873 0.6317 0.3684 0.0000 0.7939
0.4888 0.6325 0.3664 0.0000 0.7856
0.4889 0.6343 0.3645 0.0000 0.7846
0.4886 0.6338 0.3656 0.0000 0.7878
0.4880 0.6339 0.3680 0.0000 0.7851
0.4880 0.6337 0.3677 0.0000 0.7859
0.4878 0.6330 0.3683 0.0000 0.7864
0.4871 0.6326 0.3696 0.0000 0.7914
0.4874 0.6335 0.3706 0.0000 0.7856
0.4879 0.6347 0.3686 0.0000 0.7827
0.4874 0.6338 0.3697 0.0000 0.7868
0.4881 0.6345 0.3660 0.0000 0.7836
0.4883 0.6343 0.3656 0.0000 0.7834
0.4876 0.6343 0.3676 0.0000 0.7878
0.4879 0.6340 0.3675 0.0000 0.7847
0.4879 0.6351 0.3655 0.0000 0.7862
0.4876 0.6358 0.3652 0.0000 0.7895
0.4873 0.6360 0.3659 0.0000 0.7902
0.4876 0.6357 0.3660 0.0000 0.7853
0.4873 0.6353 0.3660 0.0000 0.7933
0.4878 0.6363 0.3662 0.0000 0.7874
0.4878 0.6360 0.3670 0.0000 0.7875
0.4875 0.6353 0.3666 0.0000 0.7904
0.4879 0.6356 0.3650 0.0000 0.7932
0.4885 0.6364 0.3610 0.0000 0.7892
0.4877 0.6361 0.3643 0.0000 0.7916
0.4880 0.6377 0.3643 0.0000 0.7859
0.4877 0.6367 0.3656 0.0000 0.7876
0.4874 0.6372 0.3654 0.0000 0.7842
0.4883 0.6382 0.3639 0.0000 0.7825
0.4871 0.6366 0.3649 0.0000 0.7926
0.4881 0.6378 0.3593 0.0000 0.7903
0.4880 0.6384 0.3601 0.0000 0.7901
0.4892 0.6388 0.3568 0.0000 0.7856
0.4884 0.6378 0.3580 0.0000 0.7793
0.4884 0.6391 0.3580 0.0000 0.7868
0.4880 0.6373 0.3592 0.0000 0.7897
0.4887 0.6387 0.3584 0.0000 0.7877
0.4884 0.6382 0.3584 0.0000 0.7882
0.4893 0.6385 0.3546 0.0000 0.7833
0.4879 0.6378 0.3560 0.0000 0.7925
0.4875 0.6375 0.3576 0.0000 0.7907
0.4882 0.6381 0.3563 0.0000 0.7854
0.4882 0.6380 0.3563 0.0000 0.7878
0.4884 0.6382 0.3570 0.0000 0.7865
0.4882 0.6380 0.3574 0.0000 0.7844
0.4882 0.6372 0.3568 0.0000 0.7873
0.4872 0.6373 0.3577 0.0000 0.7859
0.4883 0.6382 0.3568 0.0000 0.7832
0.4880 0.6387 0.3554 0.0000 0.7873
0.4886 0.6392 0.3549 0.0000 0.7844
0.4874 0.6377 0.3561 0.0000 0.7926
0.4883 0.6384 0.3557 0.0000 0.7848
0.4888 0.6389 0.3539 0.0000 0.7862
0.4884 0.6386 0.3540 0.0000 0.7916
0.4883 0.6391 0.3547 0.0000 0.7889
0.4886 0.6390 0.3541 0.0000 0.7880
0.4895 0.6392 0.3525 0.0000 0.7841
0.4889 0.6389 0.3538 0.0000 0.7853
0.4888 0.6384 0.3536 0.0000 0.7871
0.4883 0.6377 0.3547 0.0000 0.7901
0.4886 0.6382 0.3558 0.0000 0.7842
0.4886 0.6391 0.3534 0.0000 0.7872
0.4882 0.6383 0.3543 0.0000 0.7896
0.4895 0.6391 0.3524 0.0000 0.7806
0.4882 0.6373 0.3550 0.0000 0.7882
0.4894 0.6374 0.3530 0.0000 0.7874
0.4905 0.6386 0.3496 0.0000 0.7866
0.4907 0.6388 0.3490 0.0000 0.7832
0.4906 0.6380 0.3497 0.0000 0.7831
0.4900 0.6374 0.3528 0.0000 0.7848
0.4902 0.6378 0.3522 0.0000 0.7862
0.4910 0.6394 0.3480 0.0000 0.7820
0.4897 0.6374 0.3519 0.0000 0.7892
0.4904 0.6398 0.3503 0.0000 0.7842
0.4911 0.6384 0.3474 0.0000 0.7840
0.4910 0.6392 0.3477 0.0000 0.7838
0.4908 0.6391 0.3483 0.0000 0.7828
0.4911 0.6395 0.3472 0.0000 0.7812
0.4896 0.6375 0.3517 0.0000 0.7896
0.4906 0.6387 0.3494 0.0000 0.7839
0.4890 0.6373 0.3540 0.0000 0.7900
0.4903 0.6382 0.3505 0.0000 0.7871
0.4901 0.6373 0.3508 0.0000 0.7889
0.4907 0.6380 0.3492 0.0000 0.7863
0.4901 0.6369 0.3517 0.0000 0.7878
0.4906 0.6374 0.3497 0.0000 0.7883
0.4907 0.6380 0.3488 0.0000 0.7847
0.4894 0.6365 0.3517 0.0000 0.7888
0.4903 0.6370 0.3500 0.0000 0.7852
0.4910 0.6384 0.3468 0.0000 0.7813
0.4901 0.6375 0.3496 0.0000 0.7858
0.4910 0.6376 0.3469 0.0000 0.7818
0.4907 0.6373 0.3483 0.0000 0.7839
0.4904 0.6377 0.3476 0.0000 0.7854
0.4908 0.6380 0.3451 0.0000 0.7847
0.4905 0.6382 0.3467 0.0000 0.7847
0.4899 0.6382 0.3482 0.0000 0.7858
0.4899 0.6382 0.3478 0.0000 0.7852
0.4896 0.6381 0.3482 0.0000 0.7872
0.4890 0.6378 0.3497 0.0000 0.7884
0.4905 0.6393 0.3456 0.0000 0.7835
0.4901 0.6387 0.3467 0.0000 0.7853
0.4901 0.6386 0.3469 0.0000 0.7844
0.4907 0.6395 0.3452 0.0000 0.7843
0.4907 0.6402 0.3434 0.0000 0.7845
0.4903 0.6396 0.3432 0.0000 0.7872
0.4910 0.6396 0.3417 0.0000 0.7855
0.4913 0.6400 0.3404 0.0000 0.7848
0.4907 0.6397 0.3419 0.0000 0.7867
0.4908 0.6400 0.3417 0.0000 0.7861
0.4910 0.6411 0.3381 0.0000 0.7869
0.4913 0.6414 0.3374 0.0000 0.7848
0.4913 0.6419 0.3375 0.0000 0.7833
0.4921 0.6421 0.3348 0.0000 0.7791
0.4917 0.6420 0.3363 0.0000 0.7845
0.4915 0.6416 0.3364 0.0000 0.7851
0.4917 0.6420 0.3357 0.0000 0.7839
0.4907 0.6413 0.3395 0.0000 0.7854
0.4913 0.6411 0.3378 0.0000 0.7828
0.4917 0.6422 0.3367 0.0000 0.7792
0.4913 0.6420 0.3386 0.0000 0.7787
0.4908 0.6418 0.3419 0.0000 0.7811
0.4906 0.6415 0.3417 0.0000 0.7822
0.4908 0.6409 0.3413 0.0000 0.7805
0.4904 0.6410 0.3427 0.0000 0.7812
0.4906 0.6408 0.3414 0.0000 0.7824
0.4908 0.6414 0.3408 0.0000 0.7808
0.4903 0.6409 0.3424 0.0000 0.7834
0.4905 0.6416 0.3415 0.0000 0.7803
0.4913 0.6420 0.3389 0.0000 0.7789
0.4908 0.6417 0.3408 0.0000 0.7776
0.4907 0.6412 0.3421 0.0000 0.7811
0.4907 0.6417 0.3420 0.0000 0.7803
0.4903 0.6412 0.3430 0.0000 0.7798
0.4899 0.6400 0.3464 0.0000 0.7773
0.4907 0.6415 0.3429 0.0000 0.7802
0.4907 0.6417 0.3423 0.0000 0.7792
0.4904 0.6408 0.3427 0.0000 0.7817
0.4918 0.6428 0.3375 0.0000 0.7767
0.4909 0.6406 0.3418 0.0000 0.7810
0.4907 0.6406 0.3425 0.0000 0.7824
0.4917 0.6418 0.3386 0.0000 0.7785
0.4915 0.6413 0.3399 0.0000 0.7793
0.4904 0.6397 0.3447 0.0000 0.7803
0.4911 0.6408 0.3419 0.0000 0.7806
0.4903 0.6408 0.3456 0.0000 0.7852
0.4917 0.6428 0.3393 0.0000 0.7805
0.4904 0.6418 0.3444 0.0000 0.7831
0.4905 0.6411 0.3445 0.0000 0.7825
0.4911 0.6416 0.3406 0.0000 0.7815
0.4914 0.6419 0.3392 0.0000 0.7800
0.4907 0.6418 0.3423 0.0000 0.7841
0.4908 0.6424 0.3415 0.0000 0.7816
0.4915 0.6431 0.3388 0.0000 0.7785
0.4913 0.6425 0.3400 0.0000 0.7788
0.4908 0.6420 0.3425 0.0000 0.7808
0.4908 0.6422 0.3423 0.0000 0.7777
0.4907 0.6416 0.3425 0.0000 0.7786
0.4904 0.6415 0.3431 0.0000 0.7803
0.4905 0.6418 0.3428 0.0000 0.7778
0.4912 0.6418 0.3420 0.0000 0.7707
0.4902 0.6412 0.3439 0.0000 0.7788
0.4906 0.6424 0.3446 0.0000 0.7725
0.4917 0.6435 0.3397 0.0000 0.7704
0.4903 0.6417 0.3453 0.0000 0.7752
0.4912 0.6433 0.3406 0.0000 0.7755
0.4908 0.6429 0.3423 0.0000 0.7777
0.4903 0.6421 0.3438 0.0000 0.7791
0.4905 0.6420 0.3440 0.0000 0.7774
0.4909 0.6414 0.3483 0.0000 0.7769
0.4904 0.6413 0.3506 0.0000 0.7791
0.4901 0.6407 0.3515 0.0000 0.7764
0.4906 0.6412 0.3500 0.0000 0.7753
0.4903 0.6408 0.3483 0.0000 0.7731
0.4910 0.6415 0.3455 0.0000 0.7749
0.4908 0.6415 0.3467 0.0000 0.7762
0.4906 0.6411 0.3477 0.0000 0.7765
0.4904 0.6405 0.3488 0.0000 0.7775
0.4899 0.6406 0.3520 0.0000 0.7804
0.4897 0.6402 0.3517 0.0000 0.7797
0.4900 0.6402 0.3511 0.0000 0.7789
0.4908 0.6414 0.3466 0.0000 0.7778
0.4906 0.6412 0.3459 0.0000 0.7782
0.4908 0.6407 0.3462 0.0000 0.7780
0.4907 0.6408 0.3464 0.0000 0.7787
0.4906 0.6412 0.3463 0.0000 0.7793
0.4908 0.6414 0.3458 0.0000 0.7744
0.4914 0.6421 0.3433 0.0000 0.7762
0.4911 0.6420 0.3440 0.0000 0.7777
0.4909 0.6412 0.3452 0.0000 0.7790
0.4903 0.6407 0.3477 0.0000 0.7776
0.4896 0.6401 0.3483 0.0000 0.7774
0.4911 0.6417 0.3447 0.0000 0.7744
0.4902 0.6405 0.3474 0.0000 0.7783
0.4908 0.6410 0.3455 0.0000 0.7767
0.4913 0.6414 0.3436 0.0000 0.7742
0.4902 0.6399 0.3472 0.0000 0.7779
0.4912 0.6408 0.3443 0.0000 0.7746
0.4900 0.6398 0.3465 0.0000 0.7780
0.4909 0.6409 0.3435 0.0000 0.7748
0.4907 0.6402 0.3435 0.0000 0.7743
0.4902 0.6398 0.3436 0.0000 0.7767
0.4914 0.6402 0.3414 0.0000 0.7726
0.4908 0.6399 0.3440 0.0000 0.7725
0.4916 0.6406 0.3426 0.0000 0.7744
0.4914 0.6398 0.3434 0.0000 0.7756
0.4915 0.6404 0.3428 0.0000 0.7757
0.4903 0.6404 0.3432 0.0000 0.7785
0.4904 0.6405 0.3424 0.0000 0.7726
0.4903 0.6398 0.3431 0.0000 0.7759
0.4902 0.6410 0.3423 0.0000 0.7751
0.4905 0.6397 0.3428 0.0000 0.7748
0.4901 0.6391 0.3437 0.0000 0.7791
0.4905 0.6400 0.3435 0.0000 0.7714
0.4911 0.6399 0.3432 0.0000 0.7739
0.4909 0.6397 0.3434 0.0000 0.7743
0.4914 0.6398 0.3415 0.0000 0.7712
0.4906 0.6391 0.3440 0.0000 0.7727
0.4908 0.6395 0.3422 0.0000 0.7746
0.4904 0.6392 0.3435 0.0000 0.7742
