1.2675 1.7524 0.2149 0.0003 1.8562
1.2193 1.7005 0.2346 0.0001 1.7594
1.2542 1.7367 0.2228 0.0002 1.8481
1.2476 1.7305 0.2223 0.0002 1.8377
1.2073 1.6888 0.2352 0.0001 1.7458
1.7660 2.9988 0.1140 0.0555 48.8609
1.2007 1.6766 0.2445 0.0000 1.7389
1.2046 1.6809 0.2426 0.0000 1.7460
1.2003 1.6762 0.2448 0.0000 1.7504
1.1789 1.6560 0.2445 0.0000 1.7079
1.1887 1.6623 0.2369 0.0001 1.7633
1.1811 1.6585 0.2427 0.0000 1.7166
1.1795 1.6585 0.2421 0.0000 1.7062
1.1746 1.6569 0.2400 0.0000 1.7086
1.1669 1.6475 0.2467 0.0000 1.6989
1.1689 1.6487 0.2480 0.0000 1.7025
1.1663 1.6470 0.2494 0.0000 1.7063
1.1649 1.6474 0.2472 0.0000 1.7113
1.1664 1.6484 0.2466 0.0000 1.7170
1.1676 1.6505 0.2424 0.0000 1.7146
1.1556 1.6397 0.2538 0.0000 1.6963
1.1487 1.6317 0.2616 0.0000 1.6818
1.1642 1.6398 0.2563 0.0000 1.6880
1.1527 1.6332 0.2552 0.0000 1.6765
1.1515 1.6225 0.2605 0.0000 2.3560
1.1458 1.6303 0.2571 0.0000 1.6684
1.1464 1.6307 0.2566 0.0000 1.6693
1.1457 1.6309 0.2571 0.0000 1.6720
1.1455 1.6311 0.2572 0.0000 1.6755
1.1458 1.6320 0.2561 0.0000 1.6804
1.1506 1.6378 0.2464 0.0000 1.6824
1.1498 1.6377 0.2466 0.0000 1.6823
1.1484 1.6381 0.2466 0.0000 1.6814
1.1496 1.6395 0.2449 0.0000 1.6853
1.1636 1.6485 0.2317 0.0001 1.6891
1.1629 1.6470 0.2326 0.0001 1.6904
1.1600 1.6418 0.2363 0.0001 1.6895
1.1608 1.6455 0.2370 0.0001 1.6897
1.1548 1.6344 0.2466 0.0000 1.6786
1.1543 1.6327 0.2485 0.0000 1.6799
1.1630 1.6396 0.2443 0.0000 1.6834
1.1612 1.6277 0.2455 0.0000 1.6690
1.1607 1.6264 0.2458 0.0000 1.6691
1.1690 1.6287 0.2411 0.0000 1.6871
1.1622 1.6305 0.2384 0.0001 1.6724
1.1608 1.6278 0.2441 0.0000 1.6725
1.1614 1.6266 0.2476 0.0000 1.6713
1.1660 1.6305 0.2431 0.0000 1.6704
1.1585 1.6249 0.2501 0.0000 1.6687
1.1598 1.6245 0.2478 0.0000 1.6697
1.1558 1.6252 0.2479 0.0000 1.6679
1.1622 1.6263 0.2440 0.0000 1.6675
1.1671 1.6308 0.2392 0.0000 1.6689
1.1745 1.6365 0.2330 0.0001 1.6729
1.1740 1.6376 0.2326 0.0001 1.6740
1.1721 1.6345 0.2341 0.0001 1.6717
1.1647 1.6295 0.2436 0.0000 1.6705
1.1629 1.6292 0.2446 0.0000 1.6699
1.1690 1.6351 0.2355 0.0001 1.6735
1.1686 1.6355 0.2348 0.0001 1.6749
1.1664 1.6324 0.2378 0.0001 1.6706
1.1645 1.6308 0.2421 0.0000 1.6696
1.1688 1.6346 0.2368 0.0001 1.6685
1.1740 1.6407 0.2340 0.0001 1.6738
1.1701 1.6359 0.2394 0.0000 1.6697
1.1726 1.6377 0.2406 0.0000 1.6709
1.1705 1.6365 0.2410 0.0000 1.6696
1.1698 1.6360 0.2413 0.0000 1.6703
1.1679 1.6345 0.2433 0.0000 1.6693
1.1659 1.6339 0.2451 0.0000 1.6684
1.1642 1.6335 0.2451 0.0000 1.6729
1.1691 1.6325 0.2447 0.0000 1.6662
1.1659 1.6346 0.2444 0.0000 1.6706
1.1670 1.6341 0.2467 0.0000 1.6683
1.1678 1.6350 0.2469 0.0000 1.6671
1.1695 1.6383 0.2394 0.0000 1.6732
1.1691 1.6385 0.2399 0.0000 1.6734
1.1701 1.6399 0.2389 0.0000 1.6747
1.1678 1.6364 0.2417 0.0000 1.6741
1.1650 1.6303 0.2485 0.0000 1.6726
1.1620 1.6285 0.2507 0.0000 1.6730
1.1613 1.6287 0.2506 0.0000 1.6732
1.1607 1.6282 0.2518 0.0000 1.6733
1.1589 1.6279 0.2533 0.0000 1.6727
1.1582 1.6276 0.2505 0.0000 1.6743
1.1579 1.6269 0.2521 0.0000 1.6712
1.1588 1.6283 0.2487 0.0000 1.6734
1.1573 1.6278 0.2499 0.0000 1.6730
1.1563 1.6267 0.2517 0.0000 1.6707
1.1543 1.6248 0.2558 0.0000 1.6695
1.1610 1.6303 0.2453 0.0000 1.6783
1.1652 1.6380 0.2314 0.0001 1.6854
1.1657 1.6388 0.2304 0.0001 1.6859
1.1633 1.6386 0.2308 0.0001 1.6832
1.1649 1.6403 0.2280 0.0001 1.6852
1.1651 1.6415 0.2269 0.0001 1.6863
1.1636 1.6407 0.2284 0.0001 1.6839
1.1632 1.6401 0.2295 0.0001 1.6833
1.1620 1.6405 0.2304 0.0001 1.6829
1.1636 1.6403 0.2287 0.0001 1.6818
1.1636 1.6409 0.2284 0.0001 1.6822
1.1635 1.6418 0.2279 0.0001 1.6809
1.1583 1.6372 0.2360 0.0001 1.6830
1.1584 1.6381 0.2354 0.0001 1.6848
1.1542 1.6352 0.2406 0.0000 1.6799
1.1544 1.6359 0.2401 0.0000 1.6805
1.1512 1.6344 0.2430 0.0000 1.6807
1.1478 1.6277 0.2528 0.0000 1.6780
1.1494 1.6306 0.2480 0.0000 1.6754
1.1500 1.6294 0.2486 0.0000 1.6738
1.1484 1.6310 0.2499 0.0000 1.6755
1.1479 1.6305 0.2509 0.0000 1.6749
1.1484 1.6297 0.2502 0.0000 1.6744
1.1475 1.6316 0.2496 0.0000 1.6753
1.1472 1.6315 0.2496 0.0000 1.6743
1.1471 1.6319 0.2489 0.0000 1.6751
1.1458 1.6230 0.2582 0.0000 1.6697
1.1455 1.6244 0.2564 0.0000 1.6677
1.1457 1.6277 0.2538 0.0000 1.6668
1.1469 1.6268 0.2524 0.0000 1.6681
1.1464 1.6278 0.2523 0.0000 1.6681
1.1460 1.6279 0.2527 0.0000 1.6694
1.1452 1.6279 0.2534 0.0000 1.6657
1.1483 1.6321 0.2462 0.0000 1.6705
1.1486 1.6276 0.2494 0.0000 1.6670
1.1469 1.6302 0.2495 0.0000 1.6666
1.1462 1.6305 0.2507 0.0000 1.6707
1.1456 1.6296 0.2509 0.0000 1.6675
1.1443 1.6287 0.2528 0.0000 1.6664
1.1442 1.6286 0.2528 0.0000 1.6664
1.1423 1.6258 0.2579 0.0000 1.6637
1.1434 1.6285 0.2557 0.0000 1.6688
1.1434 1.6283 0.2555 0.0000 1.6654
1.1431 1.6278 0.2562 0.0000 1.6665
1.1439 1.6270 0.2552 0.0000 1.6664
1.1409 1.6259 0.2608 0.0000 1.6648
1.1403 1.6218 0.2644 0.0000 1.6591
1.1430 1.6231 0.2607 0.0000 1.6643
1.1407 1.6236 0.2638 0.0000 1.6621
1.1430 1.6242 0.2612 0.0000 1.6608
1.1437 1.6246 0.2607 0.0000 1.6619
1.1402 1.6227 0.2660 0.0000 1.6633
1.1430 1.6185 0.2648 0.0000 1.6605
1.1376 1.6182 0.2726 0.0000 1.6576
1.1379 1.6163 0.2739 0.0000 1.6576
1.1371 1.6121 0.2786 0.0000 1.6561
1.1337 1.6103 0.2839 0.0000 1.6499
1.1327 1.6086 0.2870 0.0000 1.6512
1.1344 1.6081 0.2851 0.0000 1.6501
1.1351 1.6124 0.2809 0.0000 1.6539
1.1388 1.6094 0.2793 0.0000 1.6486
1.1313 1.6124 0.2843 0.0000 1.6510
1.1301 1.6095 0.2880 0.0000 1.6517
1.1324 1.6049 0.2906 0.0000 1.6507
1.1326 1.6113 0.2841 0.0000 1.6527
1.1321 1.6115 0.2847 0.0000 1.6525
1.1313 1.6110 0.2856 0.0000 1.6511
1.1319 1.6106 0.2853 0.0000 1.6528
1.1348 1.6097 0.2826 0.0000 1.6548
1.1306 1.6151 0.2829 0.0000 1.6540
1.1313 1.6105 0.2853 0.0000 1.6531
1.1324 1.6018 0.2931 0.0000 1.6458
1.1331 1.6005 0.2941 0.0000 1.6463
1.1338 1.6032 0.2909 0.0000 1.6481
1.1305 1.6045 0.2930 0.0000 1.6443
1.1313 1.6022 0.2939 0.0000 1.6427
1.1317 1.6012 0.2941 0.0000 1.6442
1.1298 1.6040 0.2935 0.0000 1.6546
1.1327 1.6009 0.2939 0.0000 1.6483
1.1295 1.6015 0.2957 0.0000 1.6436
1.1318 1.6046 0.2905 0.0000 1.6497
1.1333 1.6087 0.2853 0.0000 1.6493
1.1367 1.6034 0.2871 0.0000 1.6507
1.1323 1.6003 0.2944 0.0000 1.6417
1.1312 1.5998 0.2958 0.0000 1.6389
1.1316 1.6002 0.2949 0.0000 1.6388
1.1344 1.6030 0.2898 0.0000 1.6437
1.1319 1.6089 0.2863 0.0000 1.6489
1.1327 1.6048 0.2895 0.0000 1.6450
1.1321 1.6025 0.2936 0.0000 1.6424
1.1332 1.6011 0.2933 0.0000 1.6409
1.1318 1.6028 0.2931 0.0000 1.6430
1.1332 1.6001 0.2946 0.0000 1.6446
1.1388 1.5987 0.2916 0.0000 1.6400
1.1364 1.5994 0.2922 0.0000 1.6447
1.1355 1.5989 0.2938 0.0000 1.6427
1.1312 1.6014 0.2947 0.0000 1.6418
1.1402 1.5942 0.2967 0.0000 1.6378
1.1393 1.5950 0.2970 0.0000 1.6440
1.1424 1.5903 0.3022 0.0000 1.6350
1.1441 1.5905 0.3019 0.0000 1.6333
1.1349 1.5924 0.3027 0.0000 1.6341
1.1375 1.5964 0.2963 0.0000 1.6364
1.1391 1.5963 0.2951 0.0000 1.6336
1.1391 1.5965 0.2951 0.0000 1.6355
1.1392 1.5958 0.2957 0.0000 1.6354
1.1399 1.5968 0.2943 0.0000 1.6369
1.1432 1.5944 0.2963 0.0000 1.6408
1.1352 1.5939 0.3011 0.0000 1.6364
1.1374 1.5938 0.2995 0.0000 1.6343
1.1364 1.5968 0.2974 0.0000 1.6440
1.1365 1.5981 0.2955 0.0000 1.6359
1.1370 1.5982 0.2951 0.0000 1.6363
1.1363 1.5960 0.2979 0.0000 1.6366
1.1356 1.5966 0.2976 0.0000 1.6375
1.1351 1.5982 0.2967 0.0000 1.6371
1.1397 1.5967 0.2948 0.0000 1.6357
1.1448 1.5983 0.2905 0.0000 1.6355
1.1368 1.5994 0.2948 0.0000 1.6369
1.1404 1.5967 0.2955 0.0000 1.6347
1.1350 1.5967 0.2998 0.0000 1.6378
1.1355 1.5941 0.3020 0.0000 1.6334
1.1392 1.5957 0.2973 0.0000 1.6377
1.1353 1.5964 0.2991 0.0000 1.6355
1.1390 1.5955 0.2988 0.0000 1.6349
1.1383 1.5965 0.2972 0.0000 1.6358
1.1443 1.5945 0.2960 0.0000 1.6382
1.1377 1.5958 0.2983 0.0000 1.6348
1.1374 1.5972 0.2968 0.0000 1.6347
1.1359 1.5984 0.2965 0.0000 1.6371
1.1359 1.5980 0.2973 0.0000 1.6398
1.1416 1.5974 0.2937 0.0000 1.6414
1.1351 1.5989 0.2962 0.0000 1.6396
1.1380 1.5974 0.2957 0.0000 1.6386
1.1425 1.5966 0.2937 0.0000 1.6409
1.1381 1.5964 0.2966 0.0000 1.6360
1.1381 1.5949 0.2991 0.0000 1.6456
1.1345 1.5972 0.2984 0.0000 1.6375
1.1337 1.5955 0.3013 0.0000 1.6390
1.1339 1.5939 0.3022 0.0000 1.6329
1.1393 1.5906 0.3035 0.0000 1.6314
1.1330 1.5917 0.3054 0.0000 1.6300
1.1312 1.5876 0.3113 0.0000 1.6270
1.1340 1.5918 0.3048 0.0000 1.6311
1.1326 1.5915 0.3060 0.0000 1.6338
1.1346 1.5904 0.3060 0.0000 1.6317
1.1374 1.5900 0.3051 0.0000 1.6283
1.1397 1.5897 0.3043 0.0000 1.6317
1.1371 1.5890 0.3066 0.0000 1.6314
1.1289 1.5902 0.3105 0.0000 1.6310
1.1361 1.5887 0.3075 0.0000 1.6340
1.1307 1.5866 0.3140 0.0000 1.6353
1.1300 1.5866 0.3142 0.0000 1.6320
1.1300 1.5866 0.3142 0.0000 1.6305
1.1311 1.5855 0.3149 0.0000 1.6305
1.1323 1.5863 0.3131 0.0000 1.6278
1.1328 1.5858 0.3131 0.0000 1.6318
1.1306 1.5831 0.3174 0.0000 1.6338
1.1287 1.5827 0.3188 0.0000 1.6284
1.1266 1.5780 0.3260 0.0000 1.6248
1.1255 1.5775 0.3272 0.0000 1.6243
1.1264 1.5739 0.3319 0.0000 1.6236
1.1280 1.5696 0.3378 0.0000 1.6207
1.1269 1.5704 0.3367 0.0000 1.6228
1.1246 1.5693 0.3390 0.0000 1.6191
1.1227 1.5691 0.3396 0.0000 1.6179
1.1235 1.5702 0.3378 0.0000 1.6224
1.1228 1.5697 0.3387 0.0000 1.6205
1.1259 1.5703 0.3371 0.0000 1.6231
1.1226 1.5690 0.3398 0.0000 1.6188
1.1221 1.5694 0.3395 0.0000 1.6177
1.1241 1.5698 0.3383 0.0000 1.6195
1.1278 1.5701 0.3370 0.0000 1.6215
1.1228 1.5692 0.3394 0.0000 1.6201
1.1213 1.5688 0.3404 0.0000 1.6170
1.1213 1.5682 0.3411 0.0000 1.6173
1.1265 1.5674 0.3414 0.0000 1.6197
1.1217 1.5649 0.3461 0.0000 1.6157
1.1159 1.5662 0.3459 0.0000 1.6171
1.1221 1.5660 0.3442 0.0000 1.6182
1.1232 1.5653 0.3451 0.0000 1.6157
1.1223 1.5640 0.3471 0.0000 1.6157
1.1315 1.5651 0.3448 0.0000 1.6189
1.1244 1.5630 0.3484 0.0000 1.6170
1.1190 1.5604 0.3531 0.0000 1.6140
1.1278 1.5612 0.3510 0.0000 1.6193
1.1192 1.5593 0.3548 0.0000 1.6129
1.1175 1.5581 0.3568 0.0000 1.6131
1.1197 1.5588 0.3554 0.0000 1.6118
1.1177 1.5571 0.3581 0.0000 1.6142
1.1193 1.5561 0.3596 0.0000 1.6119
1.1187 1.5544 0.3620 0.0000 1.6094
1.1215 1.5533 0.3637 0.0000 1.6080
1.1202 1.5532 0.3637 0.0000 1.6107
1.1154 1.5531 0.3640 0.0000 1.6135
1.1161 1.5543 0.3621 0.0000 1.6143
1.1208 1.5530 0.3642 0.0000 1.6085
1.1158 1.5523 0.3654 0.0000 1.6086
1.1256 1.5544 0.3624 0.0000 1.6125
1.1164 1.5548 0.3615 0.0000 1.6151
1.1206 1.5552 0.3607 0.0000 1.6158
1.1190 1.5556 0.3602 0.0000 1.6142
1.1141 1.5542 0.3629 0.0000 1.6103
1.1131 1.5550 0.3620 0.0000 1.6108
1.1128 1.5544 0.3629 0.0000 1.6082
1.1183 1.5568 0.3586 0.0000 1.6164
1.1179 1.5573 0.3580 0.0000 1.6147
1.1131 1.5571 0.3592 0.0000 1.6103
1.1128 1.5578 0.3582 0.0000 1.6165
1.1093 1.5557 0.3619 0.0000 1.6084
1.1176 1.5572 0.3579 0.0000 1.6124
1.1146 1.5566 0.3593 0.0000 1.6102
1.1251 1.5579 0.3566 0.0000 1.6102
1.1132 1.5561 0.3602 0.0000 1.6072
1.1152 1.5554 0.3607 0.0000 1.6096
1.1097 1.5556 0.3614 0.0000 1.6030
1.1117 1.5583 0.3574 0.0000 1.6058
1.1095 1.5554 0.3620 0.0000 1.6058
1.1182 1.5584 0.3564 0.0000 1.6104
1.1084 1.5558 0.3617 0.0000 1.6053
1.1082 1.5577 0.3586 0.0000 1.6119
1.1224 1.5570 0.3582 0.0000 1.6054
1.1169 1.5569 0.3583 0.0000 1.6111
1.1055 1.5533 0.3653 0.0000 1.6016
1.1093 1.5537 0.3639 0.0000 1.6032
1.1173 1.5548 0.3618 0.0000 1.6049
1.1080 1.5538 0.3640 0.0000 1.6057
1.1112 1.5564 0.3600 0.0000 1.6037
1.1023 1.5556 0.3635 0.0000 1.6045
1.1164 1.5574 0.3577 0.0000 1.6110
1.1179 1.5566 0.3588 0.0000 1.6091
1.1101 1.5543 0.3631 0.0000 1.6043
1.1206 1.5555 0.3602 0.0000 1.6042
1.1126 1.5544 0.3626 0.0000 1.6059
1.1197 1.5558 0.3600 0.0000 1.6071
1.1209 1.5572 0.3577 0.0000 1.6126
1.1163 1.5552 0.3611 0.0000 1.6077
1.1191 1.5569 0.3582 0.0000 1.6108
1.1084 1.5546 0.3632 0.0000 1.6044
1.1134 1.5552 0.3615 0.0000 1.6070
1.1129 1.5512 0.3670 0.0000 1.6030
1.1109 1.5513 0.3672 0.0000 1.6018
1.1080 1.5535 0.3645 0.0000 1.6034
1.1091 1.5516 0.3670 0.0000 1.6005
1.1075 1.5512 0.3678 0.0000 1.6012
1.1101 1.5486 0.3715 0.0000 1.6009
1.1139 1.5481 0.3725 0.0000 1.5996
1.1075 1.5470 0.3740 0.0000 1.6009
1.1326 1.5524 0.3673 0.0000 1.6072
1.1134 1.5496 0.3696 0.0000 1.6053
1.1059 1.5463 0.3751 0.0000 1.6018
1.1207 1.5487 0.3718 0.0000 1.6034
1.1174 1.5475 0.3736 0.0000 1.6007
1.1141 1.5470 0.3741 0.0000 1.6013
1.1149 1.5467 0.3744 0.0000 1.5990
1.1205 1.5504 0.3690 0.0000 1.6030
1.1113 1.5496 0.3697 0.0000 1.6024
1.1257 1.5542 0.3626 0.0000 1.6105
1.1228 1.5548 0.3615 0.0000 1.6094
1.1206 1.5534 0.3636 0.0000 1.6082
1.1111 1.5496 0.3698 0.0000 1.6008
1.1176 1.5528 0.3646 0.0000 1.6053
1.1216 1.5532 0.3640 0.0000 1.6087
1.1118 1.5501 0.3691 0.0000 1.6015
1.1086 1.5498 0.3697 0.0000 1.6005
1.1127 1.5502 0.3686 0.0000 1.6035
1.1232 1.5518 0.3662 0.0000 1.6086
1.1175 1.5517 0.3663 0.0000 1.6034
1.1162 1.5513 0.3668 0.0000 1.6037
1.1258 1.5549 0.3612 0.0000 1.6146
1.1252 1.5551 0.3609 0.0000 1.6128
1.1314 1.5551 0.3618 0.0000 1.6118
1.1155 1.5516 0.3666 0.0000 1.6021
1.1264 1.5554 0.3606 0.0000 1.6109
1.1183 1.5522 0.3656 0.0000 1.6038
1.1274 1.5540 0.3634 0.0000 1.6056
1.1240 1.5555 0.3604 0.0000 1.6124
1.1199 1.5537 0.3631 0.0000 1.6090
1.1107 1.5526 0.3655 0.0000 1.6039
1.1143 1.5528 0.3648 0.0000 1.6061
1.1143 1.5526 0.3651 0.0000 1.6026
1.1155 1.5547 0.3617 0.0000 1.6130
1.1183 1.5514 0.3668 0.0000 1.6033
1.1138 1.5518 0.3663 0.0000 1.5997
1.1173 1.5515 0.3662 0.0000 1.6020
1.1337 1.5560 0.3602 0.0000 1.6038
1.1182 1.5519 0.3657 0.0000 1.6033
1.1124 1.5500 0.3687 0.0000 1.6008
1.1195 1.5507 0.3676 0.0000 1.6033
1.1183 1.5540 0.3626 0.0000 1.6044
1.1196 1.5529 0.3642 0.0000 1.6067
1.1269 1.5548 0.3617 0.0000 1.6044
1.1323 1.5565 0.3591 0.0000 1.6137
1.1168 1.5523 0.3653 0.0000 1.6016
1.1171 1.5520 0.3657 0.0000 1.6040
1.1271 1.5551 0.3611 0.0000 1.6086
1.1138 1.5518 0.3660 0.0000 1.6033
1.1213 1.5537 0.3630 0.0000 1.6070
1.1119 1.5538 0.3634 0.0000 1.6056
1.1209 1.5550 0.3607 0.0000 1.6042
1.1180 1.5561 0.3593 0.0000 1.6061
1.1125 1.5516 0.3662 0.0000 1.6038
1.1262 1.5575 0.3568 0.0000 1.6142
1.1304 1.5583 0.3557 0.0000 1.6141
1.1184 1.5520 0.3656 0.0000 1.6085
1.1223 1.5559 0.3597 0.0000 1.6157
1.1171 1.5536 0.3636 0.0000 1.6075
1.1102 1.5522 0.3660 0.0000 1.6125
1.1089 1.5557 0.3614 0.0000 1.6126
1.1162 1.5574 0.3579 0.0000 1.6135
1.1181 1.5552 0.3608 0.0000 1.6107
1.1158 1.5555 0.3608 0.0000 1.6112
1.1162 1.5551 0.3610 0.0000 1.6096
1.1181 1.5570 0.3582 0.0000 1.6097
1.1165 1.5566 0.3589 0.0000 1.6097
1.1176 1.5572 0.3580 0.0000 1.6140
1.1167 1.5551 0.3611 0.0000 1.6103
1.1195 1.5556 0.3601 0.0000 1.6152
1.1279 1.5585 0.3554 0.0000 1.6163
1.1150 1.5571 0.3584 0.0000 1.6120
1.1231 1.5577 0.3568 0.0000 1.6097
1.1248 1.5572 0.3576 0.0000 1.6124
1.1198 1.5547 0.3615 0.0000 1.6095
1.1183 1.5567 0.3585 0.0000 1.6157
1.1296 1.5589 0.3549 0.0000 1.6122
1.1178 1.5566 0.3588 0.0000 1.6117
1.1259 1.5559 0.3600 0.0000 1.6094
1.1264 1.5589 0.3549 0.0000 1.6098
1.1230 1.5566 0.3585 0.0000 1.6099
1.1306 1.5600 0.3532 0.0000 1.6160
1.1254 1.5565 0.3589 0.0000 1.6089
1.1269 1.5577 0.3571 0.0000 1.6113
1.1256 1.5571 0.3576 0.0000 1.6110
1.1209 1.5555 0.3600 0.0000 1.6143
1.1312 1.5569 0.3586 0.0000 1.6096
1.1202 1.5545 0.3618 0.0000 1.6085
1.1188 1.5548 0.3613 0.0000 1.6109
1.1275 1.5559 0.3598 0.0000 1.6097
1.1248 1.5541 0.3625 0.0000 1.6099
1.1250 1.5563 0.3591 0.0000 1.6125
1.1287 1.5574 0.3572 0.0000 1.6132
1.1326 1.5588 0.3553 0.0000 1.6154
1.1257 1.5575 0.3570 0.0000 1.6132
1.1219 1.5557 0.3599 0.0000 1.6099
1.1104 1.5547 0.3626 0.0000 1.6095
1.1196 1.5569 0.3581 0.0000 1.6126
1.1218 1.5574 0.3573 0.0000 1.6113
1.1220 1.5560 0.3597 0.0000 1.6095
1.1199 1.5558 0.3598 0.0000 1.6100
1.1274 1.5580 0.3564 0.0000 1.6135
1.1181 1.5519 0.3660 0.0000 1.6053
1.1318 1.5565 0.3600 0.0000 1.6118
1.1269 1.5562 0.3593 0.0000 1.6118
1.1296 1.5570 0.3582 0.0000 1.6118
1.1183 1.5526 0.3648 0.0000 1.6063
1.1223 1.5546 0.3616 0.0000 1.6093
1.1176 1.5561 0.3594 0.0000 1.6105
1.1200 1.5540 0.3628 0.0000 1.6100
1.1200 1.5544 0.3619 0.0000 1.6060
1.1208 1.5544 0.3620 0.0000 1.6067
1.1150 1.5553 0.3611 0.0000 1.6097
