0.7984 1.1726 0.3845 0.0003 1.3935
0.7983 1.1732 0.3858 0.0002 1.3818
0.8058 1.1824 0.3629 0.0006 1.3861
0.7991 1.1717 0.3918 0.0002 1.3801
0.7992 1.1734 0.3905 0.0002 1.3761
0.7996 1.1753 0.3888 0.0002 1.3723
0.7978 1.1754 0.3919 0.0002 1.3692
0.8003 1.1822 0.3822 0.0003 1.3718
0.7893 1.1637 0.4001 0.0001 1.3624
0.7942 1.1637 0.3978 0.0001 1.3624
0.7937 1.1646 0.3976 0.0002 1.3591
0.7929 1.1653 0.4003 0.0001 1.3567
0.8050 1.1609 0.3998 0.0001 1.3564
0.8068 1.1611 0.3995 0.0001 1.3553
0.7979 1.1581 0.4068 0.0001 1.3563
0.7971 1.1575 0.4082 0.0001 1.3529
0.7997 1.1575 0.4072 0.0001 1.3532
0.7927 1.1588 0.4071 0.0001 1.3585
0.7972 1.1585 0.4060 0.0001 1.3588
0.7936 1.1581 0.4078 0.0001 1.3606
0.7959 1.1559 0.4106 0.0001 1.3609
0.7983 1.1554 0.4107 0.0001 1.3601
0.8072 1.1622 0.3951 0.0002 1.3651
0.8064 1.1625 0.3951 0.0002 1.3620
0.8036 1.1631 0.3953 0.0002 1.3625
0.8035 1.1628 0.3962 0.0002 1.3584
0.7994 1.1593 0.4082 0.0001 1.3584
0.7948 1.1601 0.4109 0.0001 1.3620
0.7922 1.1608 0.4125 0.0001 1.3615
0.7905 1.1613 0.4133 0.0001 1.3587
0.7972 1.1532 0.4161 0.0001 1.3576
0.8048 1.1628 0.3978 0.0001 1.3589
0.8214 1.1693 0.3793 0.0003 1.3640
0.8264 1.1724 0.3724 0.0004 1.3660
0.8213 1.1706 0.3766 0.0004 1.3642
0.8257 1.1687 0.3793 0.0003 1.3642
0.8313 1.1661 0.3838 0.0003 1.3660
0.8352 1.1537 0.4080 0.0001 1.3606
0.8315 1.1554 0.4046 0.0001 1.3703
0.8301 1.1574 0.4005 0.0001 1.3687
0.8293 1.1579 0.3993 0.0001 1.3723
0.8288 1.1581 0.3988 0.0001 1.3675
0.8259 1.1557 0.4031 0.0001 1.3675
0.8239 1.1563 0.4020 0.0001 1.3655
0.8367 1.1586 0.3997 0.0001 1.3685
0.8330 1.1568 0.4021 0.0001 1.3667
0.8310 1.1560 0.4033 0.0001 1.3626
0.8333 1.1545 0.4062 0.0001 1.3607
0.8332 1.1532 0.4086 0.0001 1.3561
0.8358 1.1540 0.4074 0.0001 1.3541
0.8337 1.1535 0.4079 0.0001 1.3516
0.8318 1.1523 0.4098 0.0001 1.3479
0.8342 1.1511 0.4124 0.0001 1.3493
0.8380 1.1519 0.4119 0.0001 1.3512
0.8362 1.1514 0.4122 0.0001 1.3487
0.8414 1.1466 0.4232 0.0000 1.3459
0.8372 1.1436 0.4269 0.0000 1.3481
0.8347 1.1430 0.4272 0.0000 1.3471
0.8365 1.1447 0.4250 0.0000 1.3496
0.8367 1.1454 0.4239 0.0000 1.3478
0.8352 1.1450 0.4242 0.0000 1.3458
0.8366 1.1477 0.4192 0.0001 1.3488
0.8375 1.1459 0.4227 0.0001 1.3462
0.8358 1.1455 0.4228 0.0001 1.3448
0.8376 1.1473 0.4206 0.0001 1.3444
0.8342 1.1451 0.4233 0.0000 1.3449
0.8357 1.1477 0.4199 0.0001 1.3451
0.8339 1.1473 0.4196 0.0001 1.3468
0.8345 1.1481 0.4182 0.0001 1.3443
0.8318 1.1435 0.4252 0.0000 1.3435
0.8282 1.1423 0.4268 0.0000 1.3443
0.8311 1.1430 0.4258 0.0000 1.3430
0.8297 1.1430 0.4256 0.0000 1.3427
0.8281 1.1427 0.4259 0.0000 1.3424
0.8273 1.1426 0.4259 0.0000 1.3408
0.8262 1.1418 0.4272 0.0000 1.3389
0.8248 1.1384 0.4332 0.0000 1.3387
0.8250 1.1370 0.4356 0.0000 1.3359
0.8213 1.1371 0.4350 0.0000 1.3380
0.8226 1.1374 0.4349 0.0000 1.3355
0.8258 1.1391 0.4324 0.0000 1.3355
0.8273 1.1414 0.4291 0.0000 1.3350
0.8236 1.1377 0.4349 0.0000 1.3340
0.8243 1.1378 0.4350 0.0000 1.3318
0.8226 1.1369 0.4362 0.0000 1.3310
0.8197 1.1332 0.4417 0.0000 1.3301
0.8225 1.1354 0.4380 0.0000 1.3334
0.8231 1.1358 0.4375 0.0000 1.3306
0.8200 1.1347 0.4390 0.0000 1.3310
0.8181 1.1358 0.4372 0.0000 1.3297
0.8186 1.1356 0.4376 0.0000 1.3272
0.8165 1.1344 0.4394 0.0000 1.3275
0.8151 1.1341 0.4398 0.0000 1.3283
0.8152 1.1353 0.4378 0.0000 1.3284
0.8125 1.1339 0.4401 0.0000 1.3283
0.8161 1.1370 0.4351 0.0000 1.3293
0.8148 1.1372 0.4348 0.0000 1.3311
0.8158 1.1372 0.4349 0.0000 1.3313
0.8148 1.1350 0.4384 0.0000 1.3280
0.8141 1.1337 0.4406 0.0000 1.3277
0.8144 1.1377 0.4340 0.0000 1.3286
0.8163 1.1391 0.4320 0.0000 1.3301
0.8148 1.1365 0.4364 0.0000 1.3267
0.8137 1.1355 0.4378 0.0000 1.3274
0.8139 1.1353 0.4378 0.0000 1.3290
0.8135 1.1315 0.4443 0.0000 1.3287
0.8128 1.1313 0.4445 0.0000 1.3272
0.8138 1.1309 0.4453 0.0000 1.3255
0.8132 1.1313 0.4443 0.0000 1.3268
0.8130 1.1310 0.4448 0.0000 1.3249
0.8147 1.1312 0.4448 0.0000 1.3249
0.8130 1.1321 0.4433 0.0000 1.3277
0.8119 1.1309 0.4451 0.0000 1.3276
0.8139 1.1335 0.4409 0.0000 1.3276
0.8160 1.1355 0.4377 0.0000 1.3287
0.8153 1.1353 0.4379 0.0000 1.3275
0.8148 1.1353 0.4380 0.0000 1.3262
0.8149 1.1361 0.4366 0.0000 1.3249
0.8114 1.1331 0.4415 0.0000 1.3232
0.8113 1.1330 0.4416 0.0000 1.3212
0.8106 1.1329 0.4419 0.0000 1.3205
0.8121 1.1315 0.4443 0.0000 1.3213
0.8115 1.1309 0.4452 0.0000 1.3194
0.8106 1.1288 0.4489 0.0000 1.3173
0.8108 1.1299 0.4472 0.0000 1.3166
0.8116 1.1311 0.4453 0.0000 1.3160
0.8144 1.1330 0.4424 0.0000 1.3172
0.8142 1.1349 0.4391 0.0000 1.3189
0.8152 1.1379 0.4337 0.0000 1.3234
0.8154 1.1387 0.4324 0.0000 1.3227
0.8148 1.1378 0.4339 0.0000 1.3217
0.8141 1.1375 0.4343 0.0000 1.3212
0.8127 1.1361 0.4367 0.0000 1.3205
0.8126 1.1359 0.4370 0.0000 1.3191
0.8121 1.1358 0.4371 0.0000 1.3189
0.8121 1.1358 0.4371 0.0000 1.3177
0.8114 1.1350 0.4384 0.0000 1.3162
0.8111 1.1350 0.4384 0.0000 1.3162
0.8122 1.1356 0.4375 0.0000 1.3160
0.8115 1.1349 0.4386 0.0000 1.3159
0.8099 1.1289 0.4491 0.0000 1.3143
0.8094 1.1287 0.4493 0.0000 1.3147
0.8074 1.1257 0.4537 0.0000 1.3151
0.8076 1.1258 0.4535 0.0000 1.3146
0.8062 1.1246 0.4553 0.0000 1.3138
0.8064 1.1266 0.4521 0.0000 1.3153
0.8060 1.1282 0.4494 0.0000 1.3182
0.8020 1.1226 0.4589 0.0000 1.3153
0.8063 1.1213 0.4607 0.0000 1.3166
0.8056 1.1214 0.4606 0.0000 1.3163
0.8051 1.1211 0.4610 0.0000 1.3156
0.8050 1.1203 0.4623 0.0000 1.3144
0.8043 1.1204 0.4622 0.0000 1.3143
0.8047 1.1224 0.4590 0.0000 1.3168
0.8035 1.1218 0.4598 0.0000 1.3169
0.8029 1.1217 0.4601 0.0000 1.3168
0.8017 1.1203 0.4622 0.0000 1.3157
0.8019 1.1206 0.4619 0.0000 1.3148
0.8008 1.1199 0.4631 0.0000 1.3145
0.8014 1.1201 0.4627 0.0000 1.3133
0.8007 1.1204 0.4623 0.0000 1.3136
0.8038 1.1167 0.4679 0.0000 1.3122
0.8030 1.1189 0.4645 0.0000 1.3142
0.8033 1.1186 0.4650 0.0000 1.3131
0.8034 1.1194 0.4638 0.0000 1.3129
0.8027 1.1188 0.4646 0.0000 1.3126
0.8043 1.1200 0.4629 0.0000 1.3118
0.8028 1.1170 0.4685 0.0000 1.3109
0.8026 1.1163 0.4697 0.0000 1.3096
0.8021 1.1162 0.4699 0.0000 1.3094
0.8016 1.1167 0.4691 0.0000 1.3097
0.8012 1.1166 0.4693 0.0000 1.3095
0.8016 1.1164 0.4695 0.0000 1.3089
0.8016 1.1156 0.4709 0.0000 1.3080
0.8015 1.1164 0.4695 0.0000 1.3088
0.8014 1.1164 0.4694 0.0000 1.3087
0.8042 1.1182 0.4665 0.0000 1.3097
0.8056 1.1196 0.4643 0.0000 1.3109
0.8048 1.1194 0.4646 0.0000 1.3109
0.8060 1.1194 0.4646 0.0000 1.3095
0.8063 1.1197 0.4641 0.0000 1.3093
0.8084 1.1214 0.4615 0.0000 1.3103
0.8101 1.1234 0.4585 0.0000 1.3110
0.8096 1.1233 0.4584 0.0000 1.3112
0.8087 1.1227 0.4595 0.0000 1.3109
0.8081 1.1224 0.4598 0.0000 1.3109
0.8075 1.1223 0.4601 0.0000 1.3105
0.8067 1.1220 0.4605 0.0000 1.3104
0.8058 1.1226 0.4595 0.0000 1.3105
0.8060 1.1227 0.4591 0.0000 1.3101
0.8075 1.1238 0.4572 0.0000 1.3104
0.8069 1.1240 0.4569 0.0000 1.3107
0.8050 1.1229 0.4585 0.0000 1.3100
0.8062 1.1244 0.4562 0.0000 1.3099
0.8070 1.1251 0.4551 0.0000 1.3095
0.8066 1.1250 0.4553 0.0000 1.3095
0.8065 1.1257 0.4541 0.0000 1.3105
0.8062 1.1256 0.4543 0.0000 1.3106
0.8075 1.1249 0.4554 0.0000 1.3103
0.8058 1.1229 0.4586 0.0000 1.3088
0.8073 1.1240 0.4570 0.0000 1.3085
0.8088 1.1251 0.4552 0.0000 1.3090
0.8114 1.1276 0.4513 0.0000 1.3101
0.8110 1.1275 0.4514 0.0000 1.3101
0.8116 1.1274 0.4517 0.0000 1.3093
0.8105 1.1266 0.4528 0.0000 1.3091
0.8124 1.1290 0.4491 0.0000 1.3104
0.8120 1.1289 0.4492 0.0000 1.3104
0.8141 1.1334 0.4414 0.0000 1.3143
0.8144 1.1339 0.4406 0.0000 1.3145
0.8119 1.1305 0.4463 0.0000 1.3117
0.8115 1.1304 0.4464 0.0000 1.3119
0.8108 1.1314 0.4445 0.0000 1.3118
0.8086 1.1300 0.4467 0.0000 1.3114
0.8073 1.1295 0.4474 0.0000 1.3113
0.8081 1.1309 0.4451 0.0000 1.3122
0.8077 1.1307 0.4455 0.0000 1.3124
0.8069 1.1304 0.4461 0.0000 1.3127
0.8091 1.1328 0.4422 0.0000 1.3138
0.8088 1.1328 0.4422 0.0000 1.3141
0.8087 1.1328 0.4423 0.0000 1.3145
0.8084 1.1326 0.4426 0.0000 1.3144
0.8098 1.1336 0.4408 0.0000 1.3146
0.8094 1.1337 0.4408 0.0000 1.3150
0.8090 1.1333 0.4415 0.0000 1.3149
0.8082 1.1322 0.4432 0.0000 1.3142
0.8079 1.1325 0.4427 0.0000 1.3148
0.8068 1.1324 0.4430 0.0000 1.3149
0.8067 1.1325 0.4429 0.0000 1.3150
0.8064 1.1323 0.4432 0.0000 1.3151
0.8061 1.1322 0.4435 0.0000 1.3151
0.8069 1.1329 0.4423 0.0000 1.3144
0.8076 1.1344 0.4396 0.0000 1.3140
0.8087 1.1368 0.4355 0.0000 1.3159
0.8083 1.1364 0.4362 0.0000 1.3157
0.8078 1.1360 0.4370 0.0000 1.3157
0.8074 1.1357 0.4375 0.0000 1.3158
0.8048 1.1340 0.4404 0.0000 1.3157
0.8042 1.1342 0.4403 0.0000 1.3155
0.8046 1.1344 0.4398 0.0000 1.3152
0.8043 1.1344 0.4400 0.0000 1.3154
0.8041 1.1336 0.4410 0.0000 1.3143
0.8038 1.1335 0.4413 0.0000 1.3144
0.8036 1.1335 0.4413 0.0000 1.3148
0.8036 1.1335 0.4416 0.0000 1.3153
0.8033 1.1334 0.4417 0.0000 1.3155
0.8028 1.1329 0.4426 0.0000 1.3153
0.8026 1.1328 0.4428 0.0000 1.3154
0.8024 1.1327 0.4430 0.0000 1.3154
0.8032 1.1325 0.4429 0.0000 1.3137
0.8034 1.1334 0.4415 0.0000 1.3153
0.8044 1.1353 0.4386 0.0000 1.3167
0.8054 1.1368 0.4360 0.0000 1.3167
0.8050 1.1365 0.4364 0.0000 1.3166
0.8045 1.1367 0.4364 0.0000 1.3168
0.8033 1.1354 0.4387 0.0000 1.3162
0.8037 1.1354 0.4385 0.0000 1.3150
0.8036 1.1355 0.4385 0.0000 1.3158
0.8038 1.1362 0.4375 0.0000 1.3166
0.8035 1.1363 0.4374 0.0000 1.3170
0.8033 1.1360 0.4378 0.0000 1.3158
0.8051 1.1371 0.4358 0.0000 1.3161
0.8050 1.1369 0.4363 0.0000 1.3162
0.8043 1.1377 0.4351 0.0000 1.3167
0.8044 1.1383 0.4342 0.0000 1.3169
0.8040 1.1384 0.4343 0.0000 1.3174
0.8038 1.1383 0.4344 0.0000 1.3176
0.8026 1.1378 0.4355 0.0000 1.3166
0.8017 1.1375 0.4364 0.0000 1.3172
0.8016 1.1370 0.4372 0.0000 1.3170
0.8006 1.1366 0.4380 0.0000 1.3177
0.8004 1.1365 0.4384 0.0000 1.3183
0.8003 1.1366 0.4384 0.0000 1.3189
0.7998 1.1362 0.4394 0.0000 1.3190
0.8003 1.1315 0.4457 0.0000 1.3148
0.7997 1.1304 0.4473 0.0000 1.3137
0.7983 1.1280 0.4509 0.0000 1.3113
0.7978 1.1274 0.4519 0.0000 1.3107
0.7983 1.1275 0.4513 0.0000 1.3098
0.7985 1.1278 0.4508 0.0000 1.3092
0.7980 1.1278 0.4507 0.0000 1.3087
0.7968 1.1278 0.4508 0.0000 1.3089
0.7943 1.1239 0.4567 0.0000 1.3047
0.7947 1.1253 0.4547 0.0000 1.3066
0.7958 1.1268 0.4521 0.0000 1.3052
0.7969 1.1275 0.4507 0.0000 1.3034
0.7971 1.1283 0.4496 0.0000 1.3042
0.7975 1.1294 0.4479 0.0000 1.3049
0.8011 1.1314 0.4443 0.0000 1.3061
0.8010 1.1314 0.4443 0.0000 1.3064
0.8020 1.1313 0.4445 0.0000 1.3039
0.8003 1.1313 0.4445 0.0000 1.3074
0.8010 1.1322 0.4431 0.0000 1.3074
0.8012 1.1326 0.4424 0.0000 1.3076
0.8006 1.1325 0.4425 0.0000 1.3077
0.8004 1.1325 0.4426 0.0000 1.3068
0.8006 1.1328 0.4421 0.0000 1.3069
0.8002 1.1338 0.4405 0.0000 1.3080
0.8003 1.1339 0.4403 0.0000 1.3085
0.8000 1.1337 0.4407 0.0000 1.3087
0.7997 1.1335 0.4411 0.0000 1.3084
0.7996 1.1336 0.4410 0.0000 1.3090
0.7994 1.1336 0.4410 0.0000 1.3096
0.7991 1.1334 0.4414 0.0000 1.3097
0.7989 1.1332 0.4416 0.0000 1.3094
0.7980 1.1318 0.4440 0.0000 1.3080
0.7980 1.1319 0.4438 0.0000 1.3081
0.7983 1.1324 0.4429 0.0000 1.3079
0.7984 1.1326 0.4427 0.0000 1.3080
0.7998 1.1356 0.4375 0.0000 1.3099
0.7994 1.1351 0.4384 0.0000 1.3093
0.8003 1.1361 0.4366 0.0000 1.3096
0.8003 1.1359 0.4370 0.0000 1.3089
0.8002 1.1360 0.4368 0.0000 1.3095
0.8010 1.1371 0.4350 0.0000 1.3103
0.8011 1.1372 0.4349 0.0000 1.3105
0.8006 1.1363 0.4363 0.0000 1.3096
0.8001 1.1361 0.4366 0.0000 1.3100
0.7999 1.1359 0.4369 0.0000 1.3101
0.7990 1.1349 0.4386 0.0000 1.3093
0.7992 1.1359 0.4371 0.0000 1.3102
0.7981 1.1346 0.4391 0.0000 1.3093
0.7967 1.1345 0.4392 0.0000 1.3096
0.7970 1.1340 0.4400 0.0000 1.3078
0.7967 1.1341 0.4400 0.0000 1.3069
0.7965 1.1340 0.4401 0.0000 1.3069
0.7967 1.1345 0.4394 0.0000 1.3068
0.7961 1.1342 0.4398 0.0000 1.3071
0.7970 1.1357 0.4372 0.0000 1.3086
0.7966 1.1355 0.4376 0.0000 1.3084
0.7960 1.1351 0.4383 0.0000 1.3084
0.7961 1.1352 0.4382 0.0000 1.3087
0.7967 1.1360 0.4368 0.0000 1.3083
0.7995 1.1378 0.4340 0.0000 1.3045
0.7991 1.1375 0.4346 0.0000 1.3041
0.7986 1.1374 0.4346 0.0000 1.3042
0.7986 1.1372 0.4349 0.0000 1.3037
0.7982 1.1372 0.4349 0.0000 1.3040
0.7981 1.1371 0.4351 0.0000 1.3041
0.7983 1.1375 0.4346 0.0000 1.3029
0.7980 1.1374 0.4346 0.0000 1.3034
0.7954 1.1342 0.4397 0.0000 1.2997
0.7959 1.1351 0.4383 0.0000 1.2999
0.7988 1.1375 0.4344 0.0000 1.3015
0.7984 1.1359 0.4370 0.0000 1.3008
0.7985 1.1359 0.4371 0.0000 1.3009
0.7983 1.1353 0.4380 0.0000 1.3005
0.7981 1.1357 0.4373 0.0000 1.3007
0.7978 1.1314 0.4450 0.0000 1.2986
0.7989 1.1330 0.4422 0.0000 1.2995
0.7989 1.1321 0.4440 0.0000 1.2988
0.7997 1.1326 0.4433 0.0000 1.2990
0.8004 1.1338 0.4413 0.0000 1.2990
0.8005 1.1336 0.4415 0.0000 1.2989
0.8003 1.1335 0.4417 0.0000 1.2990
0.7997 1.1336 0.4412 0.0000 1.2989
0.8003 1.1348 0.4391 0.0000 1.3001
0.8009 1.1352 0.4385 0.0000 1.3002
0.8011 1.1355 0.4379 0.0000 1.3008
0.8031 1.1382 0.4340 0.0000 1.3025
0.8033 1.1379 0.4342 0.0000 1.3024
0.8045 1.1394 0.4316 0.0000 1.3034
0.8041 1.1390 0.4321 0.0000 1.3034
0.8044 1.1388 0.4326 0.0000 1.3031
0.8015 1.1382 0.4335 0.0000 1.3018
0.8016 1.1384 0.4332 0.0000 1.3015
0.8015 1.1384 0.4331 0.0000 1.3017
0.8014 1.1384 0.4332 0.0000 1.3018
0.8012 1.1380 0.4337 0.0000 1.3018
0.8013 1.1386 0.4327 0.0000 1.3026
0.8011 1.1385 0.4329 0.0000 1.3028
0.8013 1.1388 0.4324 0.0000 1.3034
0.8015 1.1391 0.4319 0.0000 1.3037
0.8013 1.1390 0.4320 0.0000 1.3039
0.8007 1.1382 0.4333 0.0000 1.3035
0.8011 1.1388 0.4322 0.0000 1.3044
0.8009 1.1388 0.4323 0.0000 1.3046
0.8012 1.1392 0.4315 0.0000 1.3038
0.8006 1.1388 0.4322 0.0000 1.3033
0.8002 1.1396 0.4310 0.0000 1.3024
0.8000 1.1395 0.4311 0.0000 1.3025
0.8005 1.1400 0.4303 0.0000 1.3030
0.8025 1.1413 0.4287 0.0000 1.3038
0.8023 1.1407 0.4295 0.0000 1.3037
0.8018 1.1404 0.4301 0.0000 1.3037
0.8016 1.1402 0.4303 0.0000 1.3038
0.8013 1.1402 0.4305 0.0000 1.3037
0.8011 1.1410 0.4289 0.0000 1.3052
0.8019 1.1414 0.4283 0.0000 1.3047
0.8020 1.1414 0.4283 0.0000 1.3050
0.8018 1.1413 0.4285 0.0000 1.3051
0.8014 1.1408 0.4293 0.0000 1.3050
0.8011 1.1405 0.4297 0.0000 1.3050
0.8016 1.1413 0.4284 0.0000 1.3056
0.8038 1.1425 0.4267 0.0000 1.3060
0.8060 1.1436 0.4251 0.0000 1.3059
0.8068 1.1440 0.4245 0.0000 1.3061
0.8062 1.1435 0.4253 0.0000 1.3057
0.8062 1.1431 0.4258 0.0000 1.3048
0.8059 1.1432 0.4256 0.0000 1.3046
0.8058 1.1429 0.4260 0.0000 1.3046
0.8057 1.1429 0.4260 0.0000 1.3051
0.8056 1.1430 0.4258 0.0000 1.3052
0.8054 1.1429 0.4259 0.0000 1.3054
0.8066 1.1431 0.4258 0.0000 1.3053
0.8064 1.1429 0.4260 0.0000 1.3054
0.8071 1.1433 0.4254 0.0000 1.3051
0.8070 1.1432 0.4256 0.0000 1.3053
0.8069 1.1435 0.4251 0.0000 1.3058
0.8067 1.1434 0.4252 0.0000 1.3059
0.8060 1.1427 0.4263 0.0000 1.3058
0.8059 1.1425 0.4266 0.0000 1.3058
0.8053 1.1413 0.4286 0.0000 1.3050
0.8052 1.1413 0.4287 0.0000 1.3052
0.8046 1.1405 0.4305 0.0000 1.3047
0.8043 1.1403 0.4307 0.0000 1.3048
0.8041 1.1404 0.4305 0.0000 1.3049
0.8042 1.1405 0.4302 0.0000 1.3053
0.8041 1.1406 0.4301 0.0000 1.3055
0.8040 1.1407 0.4299 0.0000 1.3059
0.8036 1.1404 0.4304 0.0000 1.3057
0.8035 1.1409 0.4295 0.0000 1.3055
0.8033 1.1408 0.4297 0.0000 1.3057
0.8029 1.1404 0.4304 0.0000 1.3056
0.8027 1.1402 0.4306 0.0000 1.3058
0.8018 1.1392 0.4321 0.0000 1.3048
0.8060 1.1433 0.4272 0.0000 1.3062
0.8063 1.1439 0.4261 0.0000 1.3065
0.8054 1.1435 0.4269 0.0000 1.3061
0.8054 1.1435 0.4269 0.0000 1.3062
0.8046 1.1412 0.4316 0.0000 1.3065
0.8035 1.1388 0.4360 0.0000 1.3051
0.8040 1.1393 0.4355 0.0000 1.3052
0.8036 1.1394 0.4351 0.0000 1.3054
0.8036 1.1393 0.4354 0.0000 1.3054
0.8044 1.1398 0.4352 0.0000 1.3049
0.8041 1.1397 0.4354 0.0000 1.3051
0.8036 1.1389 0.4372 0.0000 1.3046
0.8038 1.1397 0.4354 0.0000 1.3044
0.8040 1.1410 0.4328 0.0000 1.3048
0.8050 1.1412 0.4330 0.0000 1.3048
0.8049 1.1412 0.4329 0.0000 1.3050
0.8040 1.1410 0.4327 0.0000 1.3045
0.8038 1.1411 0.4324 0.0000 1.3042
0.8035 1.1409 0.4326 0.0000 1.3043
0.8033 1.1408 0.4323 0.0000 1.3025
0.8029 1.1404 0.4327 0.0000 1.3023
0.8033 1.1416 0.4307 0.0000 1.3030
0.8041 1.1405 0.4329 0.0000 1.3022
0.8042 1.1400 0.4341 0.0000 1.3017
0.8038 1.1393 0.4348 0.0000 1.3020
0.8036 1.1392 0.4349 0.0000 1.3021
0.8033 1.1392 0.4347 0.0000 1.3010
0.8030 1.1394 0.4343 0.0000 1.3013
0.8030 1.1393 0.4345 0.0000 1.3012
0.8024 1.1392 0.4346 0.0000 1.3015
0.8016 1.1385 0.4355 0.0000 1.3012
0.8029 1.1411 0.4313 0.0000 1.3011
0.8028 1.1403 0.4326 0.0000 1.3002
0.8032 1.1406 0.4319 0.0000 1.3009
0.8032 1.1407 0.4318 0.0000 1.3010
0.8034 1.1410 0.4312 0.0000 1.3015
0.8033 1.1411 0.4310 0.0000 1.3020
0.8031 1.1409 0.4313 0.0000 1.3021
0.8031 1.1412 0.4309 0.0000 1.3022
0.8038 1.1413 0.4309 0.0000 1.3012
0.8044 1.1416 0.4305 0.0000 1.3014
0.8039 1.1406 0.4320 0.0000 1.3002
0.8039 1.1405 0.4320 0.0000 1.3006
0.8025 1.1407 0.4320 0.0000 1.2987
0.8023 1.1403 0.4327 0.0000 1.2979
0.8022 1.1402 0.4328 0.0000 1.2981
0.8024 1.1398 0.4338 0.0000 1.2969
0.8024 1.1397 0.4338 0.0000 1.2971
0.8027 1.1386 0.4353 0.0000 1.2972
0.8052 1.1423 0.4298 0.0000 1.2986
0.8055 1.1429 0.4290 0.0000 1.2988
0.8053 1.1427 0.4292 0.0000 1.2989
0.8050 1.1422 0.4300 0.0000 1.2987
0.8046 1.1421 0.4304 0.0000 1.2983
0.8045 1.1421 0.4303 0.0000 1.2986
0.8043 1.1421 0.4303 0.0000 1.2987
0.8040 1.1406 0.4324 0.0000 1.2979
0.8036 1.1410 0.4318 0.0000 1.2983
0.8040 1.1412 0.4314 0.0000 1.2988
0.8041 1.1414 0.4309 0.0000 1.2990
0.8041 1.1417 0.4302 0.0000 1.2994
0.8040 1.1417 0.4302 0.0000 1.2998
0.8039 1.1423 0.4292 0.0000 1.2997
0.8036 1.1421 0.4296 0.0000 1.2997
0.8034 1.1423 0.4292 0.0000 1.2996
0.8035 1.1430 0.4285 0.0000 1.2991
0.8031 1.1426 0.4296 0.0000 1.2985
0.8030 1.1425 0.4296 0.0000 1.2987
0.8029 1.1423 0.4299 0.0000 1.2992
0.8028 1.1422 0.4300 0.0000 1.2992
0.8014 1.1404 0.4332 0.0000 1.2970
0.8012 1.1410 0.4323 0.0000 1.2967
0.8012 1.1409 0.4325 0.0000 1.2971
0.8010 1.1408 0.4328 0.0000 1.2969
0.8011 1.1412 0.4321 0.0000 1.2976
0.8010 1.1417 0.4316 0.0000 1.2980
0.8019 1.1436 0.4293 0.0000 1.2978
0.8016 1.1430 0.4301 0.0000 1.2978
0.8021 1.1437 0.4286 0.0000 1.2984
0.8027 1.1442 0.4279 0.0000 1.2986
0.8016 1.1454 0.4258 0.0000 1.2992
0.8013 1.1453 0.4260 0.0000 1.2989
0.8013 1.1450 0.4264 0.0000 1.2987
0.8010 1.1449 0.4264 0.0000 1.2984
0.8009 1.1449 0.4264 0.0000 1.2985
0.8009 1.1449 0.4265 0.0000 1.2987
0.8010 1.1456 0.4257 0.0000 1.2996
0.8010 1.1457 0.4254 0.0000 1.2998
0.8005 1.1458 0.4255 0.0000 1.2999
0.8009 1.1462 0.4254 0.0000 1.3000
0.8000 1.1467 0.4247 0.0000 1.2987
0.8000 1.1473 0.4239 0.0000 1.2995
0.7997 1.1470 0.4243 0.0000 1.2986
0.7991 1.1466 0.4247 0.0000 1.2980
0.8001 1.1477 0.4223 0.0001 1.2989
0.8004 1.1467 0.4228 0.0001 1.2999
0.7997 1.1458 0.4240 0.0000 1.2998
0.7998 1.1462 0.4233 0.0000 1.2996
0.7997 1.1462 0.4232 0.0000 1.2998
0.7999 1.1451 0.4246 0.0000 1.2989
0.7993 1.1451 0.4248 0.0000 1.2993
0.8008 1.1471 0.4220 0.0001 1.3001
0.8005 1.1472 0.4219 0.0001 1.3003
0.8013 1.1472 0.4219 0.0001 1.3004
0.8020 1.1472 0.4215 0.0001 1.3010
0.8017 1.1472 0.4218 0.0001 1.3009
0.8016 1.1471 0.4219 0.0001 1.3011
0.8013 1.1471 0.4217 0.0001 1.3009
0.8024 1.1467 0.4219 0.0001 1.3012
0.8049 1.1466 0.4221 0.0001 1.3011
0.8040 1.1470 0.4217 0.0001 1.3012
0.8037 1.1469 0.4219 0.0001 1.3012
0.8034 1.1466 0.4223 0.0001 1.3008
0.8033 1.1460 0.4230 0.0000 1.3004
0.8045 1.1472 0.4211 0.0001 1.3010
0.8045 1.1473 0.4210 0.0001 1.3012
0.8052 1.1473 0.4209 0.0001 1.3011
0.8049 1.1474 0.4208 0.0001 1.3009
0.8050 1.1477 0.4203 0.0001 1.3013
0.8051 1.1472 0.4212 0.0001 1.3009
0.8047 1.1460 0.4232 0.0000 1.3007
0.8042 1.1455 0.4240 0.0000 1.3002
0.8049 1.1468 0.4219 0.0001 1.3010
0.8049 1.1471 0.4217 0.0001 1.3007
0.8046 1.1470 0.4220 0.0001 1.3007
0.8042 1.1449 0.4251 0.0000 1.2999
0.8040 1.1445 0.4258 0.0000 1.2995
0.8037 1.1450 0.4252 0.0000 1.2996
0.8042 1.1453 0.4247 0.0000 1.2996
0.8038 1.1453 0.4248 0.0000 1.2996
0.8046 1.1476 0.4215 0.0001 1.3006
0.8045 1.1476 0.4215 0.0001 1.3008
0.8045 1.1471 0.4220 0.0001 1.3008
0.8044 1.1472 0.4220 0.0001 1.3010
0.8022 1.1433 0.4280 0.0000 1.2984
0.8016 1.1426 0.4290 0.0000 1.2982
0.8017 1.1425 0.4292 0.0000 1.2983
0.8014 1.1424 0.4294 0.0000 1.2984
0.8013 1.1424 0.4293 0.0000 1.2985
0.8013 1.1424 0.4293 0.0000 1.2987
0.8009 1.1420 0.4299 0.0000 1.2985
0.8008 1.1420 0.4299 0.0000 1.2987
0.8007 1.1425 0.4293 0.0000 1.2982
0.8019 1.1432 0.4282 0.0000 1.2980
0.8017 1.1435 0.4277 0.0000 1.2984
0.8022 1.1432 0.4278 0.0000 1.2993
0.8026 1.1438 0.4270 0.0000 1.2995
0.8020 1.1427 0.4285 0.0000 1.2992
0.8001 1.1406 0.4316 0.0000 1.2989
0.8012 1.1414 0.4303 0.0000 1.2994
0.8020 1.1410 0.4307 0.0000 1.3000
0.7977 1.1375 0.4364 0.0000 1.2961
0.7986 1.1394 0.4333 0.0000 1.2966
0.7988 1.1400 0.4325 0.0000 1.2973
0.7987 1.1399 0.4327 0.0000 1.2974
0.7993 1.1403 0.4321 0.0000 1.2978
0.7996 1.1410 0.4308 0.0000 1.2987
0.8016 1.1420 0.4293 0.0000 1.2996
0.8022 1.1427 0.4280 0.0000 1.3003
0.8030 1.1432 0.4274 0.0000 1.3003
0.8040 1.1434 0.4273 0.0000 1.3006
0.8039 1.1436 0.4268 0.0000 1.3008
0.8040 1.1435 0.4268 0.0000 1.3011
0.8040 1.1438 0.4266 0.0000 1.3012
0.8044 1.1438 0.4267 0.0000 1.3008
0.8044 1.1430 0.4279 0.0000 1.3004
0.8027 1.1425 0.4288 0.0000 1.2995
0.8026 1.1424 0.4290 0.0000 1.2995
0.8024 1.1423 0.4291 0.0000 1.2995
0.8019 1.1415 0.4306 0.0000 1.2989
0.8015 1.1405 0.4325 0.0000 1.2982
0.8014 1.1405 0.4325 0.0000 1.2984
0.8014 1.1401 0.4326 0.0000 1.2984
0.8006 1.1382 0.4357 0.0000 1.2963
0.8014 1.1378 0.4369 0.0000 1.2963
0.8011 1.1373 0.4377 0.0000 1.2963
0.8010 1.1373 0.4376 0.0000 1.2963
0.8011 1.1374 0.4375 0.0000 1.2965
0.8011 1.1376 0.4369 0.0000 1.2960
0.8010 1.1376 0.4370 0.0000 1.2961
0.8002 1.1381 0.4360 0.0000 1.2964
0.8001 1.1380 0.4362 0.0000 1.2964
0.7997 1.1385 0.4354 0.0000 1.2963
0.7989 1.1381 0.4361 0.0000 1.2959
0.8000 1.1397 0.4334 0.0000 1.2970
0.7994 1.1391 0.4344 0.0000 1.2966
0.7992 1.1391 0.4343 0.0000 1.2965
0.7993 1.1389 0.4344 0.0000 1.2963
0.7991 1.1388 0.4348 0.0000 1.2958
0.7992 1.1389 0.4347 0.0000 1.2960
0.7989 1.1387 0.4350 0.0000 1.2959
0.7991 1.1391 0.4340 0.0000 1.2955
0.7991 1.1392 0.4339 0.0000 1.2957
0.8006 1.1403 0.4323 0.0000 1.2965
0.8006 1.1404 0.4321 0.0000 1.2967
0.8009 1.1410 0.4308 0.0000 1.2976
0.8010 1.1411 0.4306 0.0000 1.2977
0.8010 1.1410 0.4307 0.0000 1.2978
0.8008 1.1409 0.4308 0.0000 1.2979
0.8009 1.1403 0.4319 0.0000 1.2974
0.8006 1.1404 0.4317 0.0000 1.2975
0.8002 1.1404 0.4317 0.0000 1.2980
0.8003 1.1411 0.4304 0.0000 1.2980
0.8005 1.1421 0.4289 0.0000 1.2984
0.7998 1.1414 0.4299 0.0000 1.2979
0.7997 1.1412 0.4302 0.0000 1.2980
0.7997 1.1414 0.4296 0.0000 1.2977
0.7994 1.1405 0.4314 0.0000 1.2976
0.7997 1.1413 0.4300 0.0000 1.2982
0.7998 1.1414 0.4297 0.0000 1.2984
0.8006 1.1424 0.4281 0.0000 1.2990
0.8010 1.1432 0.4268 0.0000 1.2999
0.8010 1.1432 0.4268 0.0000 1.3000
0.8005 1.1426 0.4278 0.0000 1.2997
0.8004 1.1426 0.4278 0.0000 1.2998
0.8005 1.1424 0.4282 0.0000 1.2995
0.8004 1.1423 0.4283 0.0000 1.2996
0.8005 1.1418 0.4291 0.0000 1.2994
0.8011 1.1431 0.4267 0.0000 1.3001
0.8010 1.1432 0.4266 0.0000 1.3003
0.8012 1.1433 0.4264 0.0000 1.3004
0.8008 1.1430 0.4269 0.0000 1.3001
0.8009 1.1433 0.4264 0.0000 1.3003
0.8008 1.1433 0.4263 0.0000 1.3006
0.8007 1.1431 0.4266 0.0000 1.3007
0.8012 1.1427 0.4277 0.0000 1.3007
0.8011 1.1427 0.4277 0.0000 1.3008
0.8003 1.1418 0.4291 0.0000 1.2998
0.8006 1.1423 0.4283 0.0000 1.3003
0.8006 1.1427 0.4274 0.0000 1.3001
0.8012 1.1435 0.4261 0.0000 1.3008
0.8004 1.1423 0.4284 0.0000 1.3000
0.8003 1.1424 0.4283 0.0000 1.3001
0.8001 1.1422 0.4285 0.0000 1.3000
0.8000 1.1417 0.4294 0.0000 1.2998
0.8003 1.1425 0.4280 0.0000 1.3000
0.8001 1.1424 0.4282 0.0000 1.3003
0.8001 1.1424 0.4281 0.0000 1.3004
0.8005 1.1421 0.4286 0.0000 1.3007
0.7996 1.1402 0.4321 0.0000 1.3001
0.7997 1.1395 0.4334 0.0000 1.3003
0.7997 1.1398 0.4330 0.0000 1.3005
0.7985 1.1380 0.4359 0.0000 1.2990
0.7985 1.1379 0.4361 0.0000 1.2990
0.7979 1.1374 0.4368 0.0000 1.2988
0.7986 1.1381 0.4355 0.0000 1.2992
0.7979 1.1360 0.4401 0.0000 1.2998
0.7979 1.1362 0.4396 0.0000 1.3000
0.7980 1.1370 0.4381 0.0000 1.3002
0.7980 1.1367 0.4389 0.0000 1.2998
0.7985 1.1375 0.4374 0.0000 1.3005
0.7986 1.1375 0.4373 0.0000 1.3007
0.7986 1.1376 0.4371 0.0000 1.3008
0.7996 1.1392 0.4342 0.0000 1.3017
0.7995 1.1390 0.4344 0.0000 1.3017
0.7994 1.1390 0.4344 0.0000 1.3019
0.7994 1.1390 0.4343 0.0000 1.3020
0.7993 1.1392 0.4340 0.0000 1.3020
0.7998 1.1396 0.4335 0.0000 1.3021
0.7996 1.1396 0.4334 0.0000 1.3020
0.8003 1.1400 0.4331 0.0000 1.3023
0.8008 1.1407 0.4322 0.0000 1.3033
0.8012 1.1420 0.4297 0.0000 1.3036
0.8003 1.1411 0.4311 0.0000 1.3028
0.8002 1.1411 0.4312 0.0000 1.3029
0.8001 1.1408 0.4315 0.0000 1.3032
0.8002 1.1409 0.4315 0.0000 1.3033
0.8004 1.1412 0.4308 0.0000 1.3037
0.8003 1.1413 0.4307 0.0000 1.3037
0.8005 1.1412 0.4307 0.0000 1.3040
0.8011 1.1419 0.4297 0.0000 1.3046
0.8012 1.1420 0.4294 0.0000 1.3048
0.8017 1.1422 0.4291 0.0000 1.3055
0.8013 1.1422 0.4289 0.0000 1.3044
0.8014 1.1424 0.4286 0.0000 1.3054
0.8014 1.1427 0.4279 0.0000 1.3055
0.8014 1.1427 0.4279 0.0000 1.3057
0.8014 1.1427 0.4278 0.0000 1.3059
0.8006 1.1413 0.4305 0.0000 1.3049
0.8006 1.1413 0.4304 0.0000 1.3050
0.8006 1.1413 0.4305 0.0000 1.3060
0.8010 1.1418 0.4294 0.0000 1.3059
0.8007 1.1413 0.4303 0.0000 1.3058
0.8006 1.1412 0.4305 0.0000 1.3059
0.8010 1.1420 0.4289 0.0000 1.3063
0.8007 1.1419 0.4293 0.0000 1.3062
0.8001 1.1416 0.4297 0.0000 1.3056
0.8000 1.1416 0.4297 0.0000 1.3058
0.7997 1.1414 0.4302 0.0000 1.3057
0.7988 1.1396 0.4335 0.0000 1.3050
0.7988 1.1397 0.4334 0.0000 1.3051
0.7995 1.1408 0.4319 0.0000 1.3050
0.7997 1.1389 0.4359 0.0000 1.3036
0.8006 1.1393 0.4353 0.0000 1.3042
0.8004 1.1391 0.4356 0.0000 1.3042
0.8004 1.1391 0.4356 0.0000 1.3043
0.8003 1.1390 0.4356 0.0000 1.3044
