0.4976 0.6611 0.3331 0.0000 1.0333
0.5153 0.6847 0.2537 0.0000 1.0331
0.5123 0.6753 0.2856 0.0000 269.1991
0.4974 0.6600 0.3394 0.0000 2.1236
0.5213 0.6989 0.1359 0.0317 5.9135
0.5072 0.6675 0.2694 0.0000 0.9782
0.5098 0.6706 0.2652 0.0000 0.9930
0.4997 0.6498 0.3147 0.0000 0.9179
0.5001 0.6718 0.3374 0.0000 0.8673
0.5159 0.6921 0.2623 0.0000 0.9687
0.5171 0.6924 0.2468 0.0001 0.9825
0.5042 0.6713 0.2884 0.0000 0.9238
0.4994 0.6671 0.3336 0.0000 0.9348
0.5059 0.6732 0.2772 0.0000 0.9211
0.5181 0.6892 0.2397 0.0001 0.9560
0.5168 0.6904 0.2492 0.0001 0.9240
0.5064 0.6729 0.2831 0.0000 0.9121
0.5030 0.6683 0.2952 0.0000 0.9192
0.5116 0.6845 0.2631 0.0000 0.9743
0.5168 0.6951 0.2616 0.0000 0.9543
0.5224 0.6980 0.2433 0.0001 0.9751
0.5178 0.6903 0.2518 0.0001 0.9701
0.5187 0.6938 0.2573 0.0000 0.9647
0.5170 0.6897 0.2651 0.0000 0.9647
0.5097 0.6830 0.2855 0.0000 0.9361
0.4927 0.6467 0.3688 0.0000 0.8575
0.4940 0.6497 0.3697 0.0000 0.8668
0.5170 0.6894 0.2525 0.0001 0.9462
0.5022 0.6700 0.3007 0.0000 0.8886
0.4998 0.6631 0.3075 0.0000 0.8710
0.4985 0.6614 0.3180 0.0000 0.8743
0.4971 0.6528 0.3282 0.0000 0.8622
0.5187 0.6779 0.0434 0.4946 0.9269
0.4947 0.6426 0.3449 0.0000 0.8544
0.4920 0.6394 0.3624 0.0000 0.8563
0.4939 0.6392 0.3520 0.0000 0.8677
0.4923 0.6357 0.3614 0.0000 0.8486
0.4919 0.6368 0.3576 0.0000 0.8610
0.4924 0.6365 0.3617 0.0000 0.8753
0.4961 0.6392 0.3381 0.0000 0.8579
0.4982 0.6373 0.3483 0.0000 0.8738
0.4969 0.6372 0.3501 0.0000 0.8571
0.4927 0.6355 0.3542 0.0000 0.8380
0.4961 0.6379 0.3507 0.0000 0.8607
0.4941 0.6357 0.3562 0.0000 0.8317
0.5000 0.6418 0.3261 0.0000 0.8530
0.4993 0.6413 0.3343 0.0000 0.8367
0.4966 0.6392 0.3478 0.0000 0.8405
0.4943 0.6357 0.3555 0.0000 0.8463
0.4956 0.6355 0.3515 0.0000 0.8419
0.4954 0.6371 0.3530 0.0000 0.8291
0.5045 0.6497 0.3193 0.0000 0.8599
0.4966 0.6413 0.3298 0.0000 0.8311
0.4982 0.6441 0.3580 0.0000 0.8505
0.4991 0.6445 0.3548 0.0000 0.8469
0.4985 0.6427 0.3478 0.0000 0.8461
0.4988 0.6432 0.3451 0.0000 0.8471
0.5010 0.6449 0.3401 0.0000 0.8515
0.5058 0.6497 0.3061 0.0000 0.8390
0.4972 0.6463 0.3348 0.0000 0.8302
0.4980 0.6461 0.3426 0.0000 0.8381
0.4988 0.6501 0.3457 0.0000 0.8293
0.4987 0.6460 0.3432 0.0000 0.8472
0.4959 0.6415 0.3465 0.0000 0.8390
0.5013 0.6483 0.3333 0.0000 0.8615
0.4992 0.6468 0.3435 0.0000 0.8644
0.4987 0.6456 0.3465 0.0000 0.8715
0.5002 0.6472 0.3414 0.0000 0.8593
0.4948 0.6429 0.3473 0.0000 0.8599
0.4976 0.6485 0.3481 0.0000 0.8456
0.4961 0.6496 0.3421 0.0000 0.8433
0.4960 0.6531 0.3469 0.0000 0.8484
0.4979 0.6524 0.3449 0.0000 0.8460
0.4976 0.6530 0.3463 0.0000 0.8435
0.5188 0.6816 0.0340 0.5926 0.8809
0.4957 0.6562 0.3496 0.0000 0.8359
0.4954 0.6540 0.3532 0.0000 0.8369
0.4958 0.6526 0.3506 0.0000 0.8527
0.4968 0.6569 0.3509 0.0000 0.8442
0.4961 0.6539 0.3481 0.0000 0.8407
0.4962 0.6565 0.3480 0.0000 0.8396
0.4966 0.6570 0.3458 0.0000 0.8444
0.4961 0.6524 0.3479 0.0000 0.8357
0.4982 0.6556 0.3377 0.0000 0.8453
0.4966 0.6559 0.3449 0.0000 0.8245
0.4977 0.6577 0.3426 0.0000 0.8184
0.4987 0.6580 0.3406 0.0000 0.8340
0.4971 0.6546 0.3480 0.0000 0.8272
0.4969 0.6545 0.3497 0.0000 0.8231
0.4961 0.6561 0.3476 0.0000 0.8281
0.4982 0.6574 0.3367 0.0000 0.8275
0.4962 0.6580 0.3558 0.0000 0.8198
0.4966 0.6602 0.3543 0.0000 0.8218
0.4974 0.6621 0.3573 0.0000 0.8222
0.4970 0.6603 0.3555 0.0000 0.8218
0.4977 0.6618 0.3561 0.0000 0.8199
0.4981 0.6634 0.3536 0.0000 0.8219
0.4984 0.6635 0.3494 0.0000 0.8172
0.4992 0.6638 0.3400 0.0000 0.8226
0.4977 0.6632 0.3480 0.0000 0.8137
0.5005 0.6638 0.3380 0.0000 0.8116
0.4975 0.6592 0.3450 0.0000 0.8058
0.4997 0.6628 0.3444 0.0000 0.8170
0.4971 0.6618 0.3515 0.0000 0.8122
0.4972 0.6591 0.3540 0.0000 0.8141
0.4964 0.6597 0.3525 0.0000 0.8166
0.4962 0.6588 0.3565 0.0000 0.8114
0.4982 0.6583 0.3557 0.0000 0.8076
0.4959 0.6566 0.3625 0.0000 0.8024
0.4960 0.6565 0.3606 0.0000 0.8035
0.4956 0.6575 0.3581 0.0000 0.8120
0.4983 0.6642 0.3538 0.0000 0.8245
0.4951 0.6567 0.3673 0.0000 0.8109
0.4961 0.6596 0.3662 0.0000 0.8126
0.4964 0.6608 0.3618 0.0000 0.8063
0.4955 0.6564 0.3632 0.0000 0.8028
0.4959 0.6569 0.3685 0.0000 0.8078
0.4960 0.6595 0.3623 0.0000 0.8067
0.4953 0.6565 0.3637 0.0000 0.7998
0.4968 0.6603 0.3637 0.0000 0.8101
0.4974 0.6585 0.3500 0.0000 0.8456
0.4954 0.6580 0.3695 0.0000 0.7988
0.4958 0.6563 0.3594 0.0000 0.8202
0.4968 0.6564 0.3457 0.0000 0.8128
0.4988 0.6574 0.3506 0.0000 0.8124
0.4963 0.6519 0.3635 0.0000 0.8089
0.5015 0.6570 0.3375 0.0000 0.8120
0.4956 0.6521 0.3467 0.0000 0.8004
0.4968 0.6520 0.3592 0.0000 0.8126
0.5000 0.6539 0.3429 0.0000 0.8086
0.4965 0.6493 0.3604 0.0000 0.8065
0.4956 0.6479 0.3657 0.0000 0.8069
0.4944 0.6462 0.3589 0.0000 0.7977
0.4945 0.6434 0.3568 0.0000 0.7792
0.4945 0.6435 0.3495 0.0000 0.7924
0.4980 0.6461 0.3464 0.0000 0.8035
0.4955 0.6452 0.3578 0.0000 0.8127
0.4945 0.6441 0.3528 0.0000 0.7992
0.4948 0.6463 0.3579 0.0000 0.7968
0.4947 0.6431 0.3610 0.0000 0.8093
0.4955 0.6467 0.3601 0.0000 0.8124
0.4966 0.6459 0.3570 0.0000 0.8069
0.4939 0.6427 0.3578 0.0000 0.8137
0.4972 0.6466 0.3560 0.0000 0.8001
0.4935 0.6419 0.3548 0.0000 0.7831
0.4975 0.6471 0.3478 0.0000 0.8108
0.4944 0.6473 0.3605 0.0000 0.8017
0.4945 0.6457 0.3595 0.0000 0.7999
0.4953 0.6436 0.3580 0.0000 0.8002
0.4950 0.6460 0.3556 0.0000 0.8011
0.4943 0.6459 0.3580 0.0000 0.7954
0.4954 0.6449 0.3558 0.0000 0.8039
0.4962 0.6448 0.3490 0.0000 0.8193
0.4945 0.6438 0.3572 0.0000 0.8087
0.4943 0.6435 0.3560 0.0000 0.8018
0.4953 0.6460 0.3506 0.0000 0.8080
0.4947 0.6453 0.3559 0.0000 0.8052
0.4950 0.6482 0.3553 0.0000 0.8018
0.4951 0.6467 0.3547 0.0000 0.8020
0.4952 0.6485 0.3528 0.0000 0.7998
0.4959 0.6506 0.3488 0.0000 0.8158
0.4952 0.6472 0.3501 0.0000 0.7980
0.4952 0.6491 0.3570 0.0000 0.8144
0.4956 0.6492 0.3503 0.0000 0.8001
0.4948 0.6477 0.3572 0.0000 0.8038
0.4950 0.6474 0.3550 0.0000 0.8058
0.4958 0.6513 0.3473 0.0000 0.8019
0.4959 0.6506 0.3479 0.0000 0.8131
0.4959 0.6508 0.3475 0.0000 0.7962
0.4967 0.6485 0.3469 0.0000 0.7978
0.4955 0.6502 0.3477 0.0000 0.8084
0.4947 0.6479 0.3542 0.0000 0.7950
0.4946 0.6443 0.3564 0.0000 0.7946
0.4955 0.6479 0.3472 0.0000 0.7917
0.4947 0.6487 0.3502 0.0000 0.7966
0.4940 0.6456 0.3550 0.0000 0.7987
0.4932 0.6442 0.3559 0.0000 0.7945
0.4939 0.6445 0.3553 0.0000 0.8009
0.4935 0.6457 0.3546 0.0000 0.8064
0.4969 0.6481 0.3497 0.0000 0.8005
0.4937 0.6469 0.3585 0.0000 0.7871
0.4934 0.6451 0.3584 0.0000 0.7992
0.4936 0.6453 0.3562 0.0000 0.7937
0.4939 0.6476 0.3552 0.0000 0.8067
0.4936 0.6476 0.3541 0.0000 0.7887
0.4943 0.6497 0.3524 0.0000 0.7982
0.4931 0.6427 0.3604 0.0000 0.8019
0.4930 0.6455 0.3568 0.0000 0.7953
0.4928 0.6448 0.3625 0.0000 0.7971
0.4926 0.6446 0.3637 0.0000 0.7923
0.4931 0.6460 0.3602 0.0000 0.7924
0.4936 0.6472 0.3569 0.0000 0.7993
0.4949 0.6469 0.3503 0.0000 0.7987
0.4932 0.6455 0.3586 0.0000 0.7969
0.4935 0.6458 0.3577 0.0000 0.7991
0.4940 0.6481 0.3565 0.0000 0.7958
0.4939 0.6473 0.3573 0.0000 0.7976
0.4947 0.6488 0.3528 0.0000 0.8007
0.4946 0.6487 0.3517 0.0000 0.7993
0.4957 0.6509 0.3459 0.0000 0.7910
0.4959 0.6500 0.3451 0.0000 0.8018
0.4950 0.6486 0.3476 0.0000 0.7948
0.4958 0.6496 0.3449 0.0000 0.7952
0.4951 0.6480 0.3483 0.0000 0.7963
0.4961 0.6482 0.3429 0.0000 0.7960
0.4964 0.6500 0.3413 0.0000 0.8057
0.4958 0.6489 0.3448 0.0000 0.7951
0.4955 0.6485 0.3466 0.0000 0.8009
0.5015 0.6565 0.3105 0.0000 0.8067
0.4957 0.6486 0.3443 0.0000 0.7972
0.4959 0.6480 0.3431 0.0000 0.7947
0.4961 0.6492 0.3416 0.0000 0.7856
0.4960 0.6464 0.3418 0.0000 0.7842
0.4963 0.6504 0.3421 0.0000 0.7934
0.4960 0.6496 0.3434 0.0000 0.7925
0.4961 0.6504 0.3466 0.0000 0.7975
0.4966 0.6517 0.3463 0.0000 0.7944
0.4951 0.6507 0.3503 0.0000 0.7999
0.4973 0.6518 0.3441 0.0000 0.8010
0.4972 0.6515 0.3423 0.0000 0.7984
0.4969 0.6512 0.3430 0.0000 0.7977
0.4974 0.6525 0.3377 0.0000 0.7834
0.4966 0.6527 0.3448 0.0000 0.7883
0.4962 0.6526 0.3475 0.0000 0.7908
0.4960 0.6506 0.3464 0.0000 0.7919
0.4976 0.6549 0.3400 0.0000 0.7935
0.4971 0.6539 0.3413 0.0000 0.7940
0.4972 0.6543 0.3431 0.0000 0.7888
0.4971 0.6544 0.3434 0.0000 0.7901
0.4970 0.6551 0.3414 0.0000 0.7873
0.4974 0.6552 0.3454 0.0000 0.7913
0.4971 0.6541 0.3455 0.0000 0.7911
0.4968 0.6554 0.3475 0.0000 0.7904
0.4970 0.6565 0.3432 0.0000 0.7710
0.4966 0.6515 0.3432 0.0000 0.7795
0.4972 0.6580 0.3434 0.0000 0.7856
0.4972 0.6549 0.3406 0.0000 0.7725
0.4971 0.6566 0.3419 0.0000 0.7862
0.4963 0.6573 0.3429 0.0000 0.7914
0.4974 0.6566 0.3396 0.0000 0.7938
0.4980 0.6575 0.3374 0.0000 0.7985
0.4984 0.6580 0.3346 0.0000 0.7972
0.4976 0.6567 0.3373 0.0000 0.7890
0.4974 0.6552 0.3361 0.0000 0.7899
0.4976 0.6550 0.3366 0.0000 0.7874
0.4981 0.6565 0.3359 0.0000 0.7889
0.4962 0.6546 0.3347 0.0000 0.7929
0.4977 0.6546 0.3370 0.0000 0.7912
0.4985 0.6562 0.3228 0.0000 0.7938
0.4976 0.6538 0.3329 0.0000 0.7863
0.4972 0.6534 0.3307 0.0000 0.7821
0.4979 0.6526 0.3314 0.0000 0.7883
0.4973 0.6520 0.3320 0.0000 0.7810
0.4977 0.6539 0.3309 0.0000 0.7881
0.4979 0.6537 0.3282 0.0000 0.7905
0.4970 0.6518 0.3267 0.0000 0.7615
0.4968 0.6529 0.3282 0.0000 0.7820
0.4972 0.6525 0.3285 0.0000 0.7772
0.4977 0.6527 0.3285 0.0000 0.7861
0.4978 0.6501 0.3274 0.0000 0.7748
0.4968 0.6517 0.3320 0.0000 0.7793
0.4978 0.6543 0.3250 0.0000 0.7801
0.4972 0.6522 0.3281 0.0000 0.7796
0.4974 0.6514 0.3283 0.0000 0.7840
0.4977 0.6521 0.3284 0.0000 0.7847
0.5002 0.6562 0.3090 0.0000 0.7971
0.4975 0.6521 0.3238 0.0000 0.7822
0.4977 0.6518 0.3225 0.0000 0.7835
0.4975 0.6519 0.3250 0.0000 0.7773
0.4972 0.6530 0.3275 0.0000 0.7798
0.4970 0.6519 0.3316 0.0000 0.7755
0.4964 0.6507 0.3316 0.0000 0.7770
0.4966 0.6503 0.3327 0.0000 0.7785
0.4961 0.6492 0.3322 0.0000 0.7597
0.4966 0.6512 0.3342 0.0000 0.7756
0.4967 0.6507 0.3342 0.0000 0.7742
0.4970 0.6501 0.3312 0.0000 0.7766
0.4969 0.6508 0.3309 0.0000 0.7758
0.4969 0.6528 0.3324 0.0000 0.7740
0.4969 0.6507 0.3323 0.0000 0.7765
0.4965 0.6514 0.3295 0.0000 0.7746
0.4966 0.6501 0.3322 0.0000 0.7779
0.4970 0.6517 0.3323 0.0000 0.7729
0.4961 0.6487 0.3351 0.0000 0.7705
0.4974 0.6517 0.3304 0.0000 0.7706
0.4966 0.6502 0.3310 0.0000 0.7714
0.4965 0.6507 0.3338 0.0000 0.7754
0.4961 0.6518 0.3323 0.0000 0.7724
0.4965 0.6517 0.3323 0.0000 0.7750
0.4967 0.6525 0.3325 0.0000 0.7754
0.4972 0.6520 0.3271 0.0000 0.7711
0.4973 0.6519 0.3276 0.0000 0.7758
0.4977 0.6524 0.3229 0.0000 0.7785
0.4974 0.6507 0.3270 0.0000 0.7677
0.4972 0.6510 0.3277 0.0000 0.7772
0.4965 0.6505 0.3280 0.0000 0.7763
0.4964 0.6495 0.3260 0.0000 0.7749
0.4968 0.6499 0.3273 0.0000 0.7785
0.4961 0.6502 0.3267 0.0000 0.7720
0.4966 0.6511 0.3226 0.0000 0.7748
0.4967 0.6517 0.3264 0.0000 0.7722
0.4963 0.6491 0.3270 0.0000 0.7687
0.4964 0.6513 0.3285 0.0000 0.7762
0.4963 0.6512 0.3276 0.0000 0.7740
0.4960 0.6503 0.3293 0.0000 0.7735
0.4962 0.6507 0.3256 0.0000 0.7600
0.4964 0.6512 0.3297 0.0000 0.7753
0.4966 0.6516 0.3272 0.0000 0.7782
0.4965 0.6501 0.3264 0.0000 0.7788
0.4970 0.6521 0.3242 0.0000 0.7776
0.4961 0.6522 0.3244 0.0000 0.7751
0.4965 0.6514 0.3261 0.0000 0.7772
0.4964 0.6519 0.3255 0.0000 0.7770
0.4964 0.6519 0.3222 0.0000 0.7592
0.4966 0.6533 0.3213 0.0000 0.7599
0.4963 0.6528 0.3258 0.0000 0.7786
0.4964 0.6543 0.3259 0.0000 0.7731
0.4969 0.6527 0.3233 0.0000 0.7763
0.4966 0.6547 0.3256 0.0000 0.7793
0.4967 0.6526 0.3249 0.0000 0.7671
0.4972 0.6558 0.3250 0.0000 0.7813
0.4970 0.6545 0.3265 0.0000 0.7779
0.4972 0.6554 0.3252 0.0000 0.7780
0.4978 0.6571 0.3227 0.0000 0.7853
0.4979 0.6566 0.3220 0.0000 0.7852
0.4971 0.6538 0.3262 0.0000 0.7664
0.4973 0.6561 0.3242 0.0000 0.7822
0.4970 0.6565 0.3213 0.0000 0.7634
0.4973 0.6578 0.3263 0.0000 0.7845
0.4973 0.6565 0.3217 0.0000 0.7766
0.4978 0.6579 0.3199 0.0000 0.7791
0.4975 0.6570 0.3157 0.0000 0.7787
0.4979 0.6577 0.3212 0.0000 0.7836
0.4977 0.6573 0.3211 0.0000 0.7785
0.4979 0.6580 0.3233 0.0000 0.7877
0.4983 0.6607 0.3204 0.0000 0.7842
0.4971 0.6577 0.3191 0.0000 0.7713
0.4977 0.6576 0.3260 0.0000 0.7848
0.4977 0.6580 0.3247 0.0000 0.7863
0.4971 0.6582 0.3227 0.0000 0.7813
0.4975 0.6571 0.3250 0.0000 0.7808
0.4974 0.6558 0.3238 0.0000 0.7699
0.4979 0.6575 0.3248 0.0000 0.7866
0.4976 0.6583 0.3236 0.0000 0.7788
0.4978 0.6585 0.3197 0.0000 0.7727
0.4976 0.6584 0.3272 0.0000 0.7847
0.4982 0.6595 0.3269 0.0000 0.7830
0.4985 0.6600 0.3249 0.0000 0.7840
0.4973 0.6584 0.3284 0.0000 0.7854
0.4981 0.6588 0.3286 0.0000 0.7839
0.4975 0.6571 0.3281 0.0000 0.7734
0.4974 0.6582 0.3308 0.0000 0.7844
0.4983 0.6583 0.3264 0.0000 0.7797
0.4985 0.6593 0.3259 0.0000 0.7737
0.4978 0.6597 0.3263 0.0000 0.7831
0.4988 0.6592 0.3285 0.0000 0.7891
0.4980 0.6605 0.3276 0.0000 0.7837
0.4974 0.6591 0.3226 0.0000 0.7707
0.4976 0.6585 0.3237 0.0000 0.7736
0.4983 0.6588 0.3288 0.0000 0.7879
0.4981 0.6585 0.3273 0.0000 0.7601
0.4980 0.6589 0.3274 0.0000 0.7772
0.4974 0.6579 0.3278 0.0000 0.7870
0.4981 0.6581 0.3285 0.0000 0.7870
0.4975 0.6589 0.3271 0.0000 0.7800
0.4985 0.6601 0.3253 0.0000 0.7804
0.4981 0.6582 0.3270 0.0000 0.7872
0.4978 0.6590 0.3262 0.0000 0.7826
0.4967 0.6570 0.3291 0.0000 0.7713
0.4974 0.6576 0.3278 0.0000 0.7708
0.4970 0.6578 0.3293 0.0000 0.7801
0.4968 0.6566 0.3246 0.0000 0.7669
0.4973 0.6555 0.3286 0.0000 0.7685
0.4976 0.6578 0.3245 0.0000 0.7695
0.4974 0.6561 0.3270 0.0000 0.7748
0.4985 0.6603 0.3307 0.0000 0.7881
0.4986 0.6583 0.3311 0.0000 0.7838
0.4982 0.6587 0.3290 0.0000 0.7778
0.4977 0.6585 0.3246 0.0000 0.7793
0.4975 0.6567 0.3313 0.0000 0.7755
0.4977 0.6586 0.3289 0.0000 0.7799
0.4975 0.6550 0.3315 0.0000 0.7791
0.4973 0.6556 0.3322 0.0000 0.7594
0.4972 0.6570 0.3330 0.0000 0.7749
0.4978 0.6575 0.3367 0.0000 0.7730
0.4974 0.6557 0.3347 0.0000 0.7864
0.4969 0.6548 0.3340 0.0000 0.7588
0.4977 0.6568 0.3349 0.0000 0.7843
0.4972 0.6560 0.3351 0.0000 0.7753
0.4973 0.6546 0.3348 0.0000 0.7673
0.4972 0.6566 0.3275 0.0000 0.7731
0.4977 0.6571 0.3358 0.0000 0.7787
0.4972 0.6552 0.3359 0.0000 0.7781
0.4973 0.6585 0.3355 0.0000 0.7820
0.4972 0.6567 0.3335 0.0000 0.7651
0.4971 0.6573 0.3393 0.0000 0.7798
0.4974 0.6572 0.3404 0.0000 0.7798
0.4971 0.6564 0.3403 0.0000 0.7747
0.4967 0.6559 0.3412 0.0000 0.7768
0.4970 0.6575 0.3402 0.0000 0.7812
0.4967 0.6583 0.3381 0.0000 0.7788
0.4977 0.6585 0.3389 0.0000 0.7785
0.4971 0.6598 0.3355 0.0000 0.7845
0.4964 0.6575 0.3353 0.0000 0.7834
0.4977 0.6585 0.3350 0.0000 0.7792
0.4969 0.6576 0.3395 0.0000 0.7840
0.4966 0.6594 0.3345 0.0000 0.7817
0.4975 0.6589 0.3374 0.0000 0.7829
0.4977 0.6597 0.3333 0.0000 0.7823
0.4964 0.6574 0.3352 0.0000 0.7756
0.4969 0.6591 0.3377 0.0000 0.7776
0.4974 0.6601 0.3408 0.0000 0.7850
0.4972 0.6587 0.3400 0.0000 0.7816
0.4974 0.6588 0.3398 0.0000 0.7875
0.4976 0.6593 0.3361 0.0000 0.7607
0.4969 0.6567 0.3356 0.0000 0.7654
0.4967 0.6557 0.3397 0.0000 0.7773
0.4970 0.6568 0.3353 0.0000 0.7749
0.4972 0.6579 0.3379 0.0000 0.7809
0.4975 0.6579 0.3381 0.0000 0.7826
0.4974 0.6576 0.3399 0.0000 0.7860
0.4978 0.6586 0.3375 0.0000 0.7829
0.4977 0.6585 0.3363 0.0000 0.7859
0.4978 0.6592 0.3360 0.0000 0.7873
0.4972 0.6565 0.3364 0.0000 0.7834
0.4969 0.6584 0.3326 0.0000 0.7818
0.4979 0.6590 0.3357 0.0000 0.7840
0.4973 0.6568 0.3352 0.0000 0.7780
0.4967 0.6559 0.3397 0.0000 0.7716
0.4974 0.6586 0.3375 0.0000 0.7832
0.4979 0.6591 0.3340 0.0000 0.7850
0.4975 0.6582 0.3372 0.0000 0.7853
0.4983 0.6595 0.3315 0.0000 0.7797
0.4979 0.6595 0.3342 0.0000 0.7928
0.4980 0.6590 0.3307 0.0000 0.7829
0.4979 0.6585 0.3334 0.0000 0.7901
0.4973 0.6566 0.3354 0.0000 0.7778
0.4967 0.6548 0.3348 0.0000 0.7683
0.4979 0.6587 0.3305 0.0000 0.7908
0.4978 0.6586 0.3310 0.0000 0.7833
0.4966 0.6576 0.3272 0.0000 0.7766
0.4977 0.6583 0.3332 0.0000 0.7831
0.4974 0.6576 0.3358 0.0000 0.7779
0.4970 0.6552 0.3368 0.0000 0.7789
0.4974 0.6566 0.3362 0.0000 0.7815
0.4973 0.6571 0.3351 0.0000 0.7793
0.4974 0.6576 0.3374 0.0000 0.7875
0.4974 0.6576 0.3364 0.0000 0.7843
0.4976 0.6580 0.3320 0.0000 0.7743
0.4971 0.6569 0.3327 0.0000 0.7618
0.4970 0.6558 0.3342 0.0000 0.7734
