1.2998 1.7867 0.2212 0.0002 2.0368
1.2907 1.7802 0.2219 0.0002 2.0328
1.2823 1.7746 0.2234 0.0002 2.0297
1.2769 1.7673 0.2236 0.0001 2.0248
1.2729 1.7605 0.2222 0.0002 2.0195
1.2712 1.7565 0.2210 0.0002 2.0171
1.2613 1.7369 0.2324 0.0001 2.0032
1.2615 1.7357 0.2270 0.0001 2.0031
1.2616 1.7389 0.2222 0.0002 2.0064
1.2592 1.7363 0.2210 0.0002 2.0073
1.2573 1.7334 0.2205 0.0002 2.0072
1.2602 1.7375 0.2181 0.0002 2.0142
1.2571 1.7344 0.2199 0.0002 2.0132
1.2532 1.7301 0.2200 0.0002 2.0123
1.2507 1.7267 0.2221 0.0002 2.0121
1.2484 1.7216 0.2256 0.0001 2.0107
1.2713 1.7502 0.2136 0.0003 2.0234
1.2666 1.7411 0.2159 0.0003 2.0140
1.2658 1.7409 0.2206 0.0002 2.0168
1.2553 1.7282 0.2301 0.0001 2.0041
1.2442 1.7169 0.2311 0.0001 1.9946
1.2437 1.7116 0.2360 0.0001 1.9922
1.2473 1.7156 0.2309 0.0001 1.9946
1.2462 1.7142 0.2329 0.0001 1.9962
1.2440 1.7103 0.2312 0.0001 1.9951
1.2428 1.7088 0.2319 0.0001 1.9967
1.2119 1.6758 0.2356 0.0001 1.9549
1.2118 1.6755 0.2353 0.0001 1.9567
1.1936 1.6542 0.2465 0.0000 1.9358
1.2035 1.6590 0.2316 0.0001 1.9363
1.2018 1.6568 0.2318 0.0001 1.9360
1.1998 1.6538 0.2326 0.0001 1.9346
1.1997 1.6496 0.2315 0.0001 1.9308
1.1999 1.6518 0.2254 0.0001 1.9309
1.2004 1.6525 0.2250 0.0001 1.9325
1.2001 1.6519 0.2250 0.0001 1.9334
1.1953 1.6465 0.2273 0.0001 1.9300
1.1955 1.6512 0.2220 0.0002 1.9348
1.2000 1.6575 0.2213 0.0002 1.9427
1.1997 1.6570 0.2214 0.0002 1.9440
1.1923 1.6445 0.2387 0.0000 1.9278
1.1920 1.6449 0.2401 0.0000 1.9293
1.1936 1.6490 0.2388 0.0000 1.9337
1.1926 1.6440 0.2436 0.0000 1.9300
1.1928 1.6453 0.2438 0.0000 1.9324
1.1783 1.6320 0.2506 0.0000 1.9187
1.1799 1.6336 0.2499 0.0000 1.9211
1.1810 1.6350 0.2494 0.0000 1.9241
1.1809 1.6347 0.2503 0.0000 1.9248
1.1801 1.6344 0.2503 0.0000 1.9258
1.1800 1.6347 0.2493 0.0000 1.9270
1.1804 1.6357 0.2464 0.0000 1.9282
1.1786 1.6341 0.2478 0.0000 1.9280
1.1709 1.6228 0.2520 0.0000 1.9157
1.1684 1.6212 0.2556 0.0000 1.9148
1.1680 1.6206 0.2568 0.0000 1.9157
1.1675 1.6201 0.2577 0.0000 1.9165
1.1598 1.6107 0.2680 0.0000 1.9056
1.1592 1.6108 0.2689 0.0000 1.9068
1.1556 1.6077 0.2716 0.0000 1.9034
1.1556 1.6078 0.2715 0.0000 1.9046
1.1555 1.6057 0.2739 0.0000 1.9018
1.1553 1.6058 0.2739 0.0000 1.9030
1.1547 1.6063 0.2734 0.0000 1.9045
1.1751 1.6083 0.2695 0.0000 1.8982
1.1721 1.6067 0.2735 0.0000 1.8975
1.1722 1.6074 0.2715 0.0000 1.8987
1.1727 1.6073 0.2747 0.0000 1.8987
1.1700 1.6030 0.2849 0.0000 1.8956
1.1690 1.6026 0.2851 0.0000 1.8960
1.1671 1.6020 0.2873 0.0000 1.8956
1.1664 1.6016 0.2892 0.0000 1.8958
1.1634 1.6001 0.2920 0.0000 1.8954
1.1624 1.6030 0.2895 0.0000 1.8968
1.1726 1.6014 0.2969 0.0000 1.8923
1.1765 1.6043 0.2785 0.0000 1.8930
1.1778 1.6049 0.2782 0.0000 1.8935
1.1778 1.6052 0.2774 0.0000 1.8940
1.1770 1.6058 0.2760 0.0000 1.8944
1.1799 1.6068 0.2750 0.0000 1.8952
1.1767 1.6059 0.2809 0.0000 1.8945
1.1857 1.6099 0.2750 0.0000 1.8969
1.1856 1.6096 0.2820 0.0000 1.8963
1.1867 1.6090 0.2861 0.0000 1.8959
1.1864 1.6073 0.2884 0.0000 1.8951
1.1847 1.6073 0.2905 0.0000 1.8950
1.1837 1.6062 0.2887 0.0000 1.8947
1.1812 1.6047 0.2876 0.0000 1.8942
1.1864 1.6081 0.2853 0.0000 1.8964
1.1871 1.6090 0.2853 0.0000 1.8973
1.1940 1.6142 0.2909 0.0000 1.9000
1.1971 1.6145 0.2918 0.0000 1.9002
1.1967 1.6140 0.2918 0.0000 1.9003
1.1969 1.6140 0.2914 0.0000 1.9007
1.1905 1.6078 0.2991 0.0000 1.8967
1.1901 1.6083 0.2998 0.0000 1.8972
1.1904 1.6061 0.3037 0.0000 1.8959
1.1907 1.6060 0.2995 0.0000 1.8962
1.1891 1.6032 0.3026 0.0000 1.8944
1.1942 1.6082 0.3055 0.0000 1.8972
1.2020 1.6119 0.3102 0.0000 1.8993
1.1972 1.6055 0.3093 0.0000 1.8941
1.2019 1.6093 0.3050 0.0000 1.8967
1.2009 1.6089 0.3052 0.0000 1.8966
1.2077 1.6097 0.2881 0.0000 1.8953
1.2057 1.6091 0.2872 0.0000 1.8949
1.2060 1.6092 0.2871 0.0000 1.8949
1.2107 1.6122 0.2858 0.0000 1.8968
1.2100 1.6118 0.2858 0.0000 1.8965
1.2105 1.6130 0.2822 0.0000 1.8972
1.2009 1.6084 0.2845 0.0000 1.8944
1.2029 1.6111 0.2853 0.0000 1.8961
1.2026 1.6110 0.2859 0.0000 1.8960
1.2026 1.6114 0.2849 0.0000 1.8963
1.2012 1.6099 0.2851 0.0000 1.8954
1.1967 1.6068 0.2871 0.0000 1.8935
1.1963 1.6070 0.2859 0.0000 1.8937
1.1954 1.6066 0.2863 0.0000 1.8935
1.1878 1.6038 0.2883 0.0000 1.8918
1.1889 1.6042 0.2880 0.0000 1.8921
1.1884 1.6039 0.2882 0.0000 1.8921
1.1929 1.6027 0.2935 0.0000 1.8908
1.1926 1.6022 0.2945 0.0000 1.8906
1.1840 1.5973 0.2972 0.0000 1.8874
1.1860 1.5981 0.2967 0.0000 1.8879
1.1852 1.5973 0.2980 0.0000 1.8875
1.1844 1.5972 0.2982 0.0000 1.8875
1.1814 1.5958 0.2993 0.0000 1.8866
1.1804 1.5957 0.2997 0.0000 1.8866
1.1811 1.5966 0.2977 0.0000 1.8873
1.1793 1.5964 0.2970 0.0000 1.8873
1.1785 1.5969 0.2949 0.0000 1.8877
1.1784 1.5969 0.2952 0.0000 1.8878
1.1783 1.5969 0.2952 0.0000 1.8879
1.1785 1.5968 0.2957 0.0000 1.8880
1.1790 1.5962 0.2974 0.0000 1.8878
1.1806 1.5966 0.2967 0.0000 1.8882
1.1902 1.5989 0.2908 0.0000 1.8883
1.1904 1.5990 0.2907 0.0000 1.8884
1.1882 1.5995 0.2883 0.0000 1.8888
1.1893 1.5997 0.2887 0.0000 1.8889
1.1874 1.5990 0.2892 0.0000 1.8885
1.1882 1.5997 0.2880 0.0000 1.8890
1.1881 1.5997 0.2881 0.0000 1.8891
1.1880 1.5996 0.2883 0.0000 1.8891
1.1887 1.6030 0.2790 0.0000 1.8911
1.1896 1.6032 0.2788 0.0000 1.8913
1.1893 1.6034 0.2781 0.0000 1.8916
1.1888 1.6034 0.2784 0.0000 1.8915
1.1867 1.6022 0.2801 0.0000 1.8908
1.1855 1.6024 0.2794 0.0000 1.8908
1.1853 1.6030 0.2787 0.0000 1.8912
1.1842 1.6028 0.2789 0.0000 1.8912
1.1841 1.6033 0.2779 0.0000 1.8917
1.1839 1.6032 0.2780 0.0000 1.8918
1.1863 1.6054 0.2726 0.0000 1.8931
1.1838 1.6052 0.2714 0.0000 1.8927
1.1841 1.6038 0.2747 0.0000 1.8917
1.1775 1.6023 0.2769 0.0000 1.8907
1.1782 1.6038 0.2735 0.0000 1.8917
1.1855 1.6078 0.2680 0.0000 1.8940
1.1858 1.6076 0.2684 0.0000 1.8939
1.1871 1.6076 0.2686 0.0000 1.8938
1.1856 1.6071 0.2695 0.0000 1.8934
1.1887 1.6049 0.2758 0.0000 1.8923
1.1873 1.6031 0.2789 0.0000 1.8913
1.1846 1.6039 0.2766 0.0000 1.8917
1.1845 1.6051 0.2736 0.0000 1.8924
1.1830 1.6049 0.2739 0.0000 1.8922
1.1829 1.6049 0.2738 0.0000 1.8921
1.1848 1.6051 0.2738 0.0000 1.8923
1.1929 1.6036 0.2792 0.0000 1.8916
1.1899 1.6007 0.2839 0.0000 1.8903
1.1864 1.5997 0.2847 0.0000 1.8896
1.1850 1.5989 0.2861 0.0000 1.8890
1.1842 1.5989 0.2858 0.0000 1.8888
1.1856 1.6008 0.2817 0.0000 1.8899
1.1857 1.6005 0.2824 0.0000 1.8897
1.1856 1.6003 0.2829 0.0000 1.8896
1.1877 1.6024 0.2792 0.0000 1.8909
1.1878 1.6024 0.2791 0.0000 1.8908
1.1875 1.6019 0.2803 0.0000 1.8905
1.1829 1.5992 0.2864 0.0000 1.8901
1.1799 1.5988 0.2868 0.0000 1.8897
1.1789 1.5988 0.2865 0.0000 1.8896
1.1827 1.5999 0.2857 0.0000 1.8905
1.1809 1.6001 0.2847 0.0000 1.8905
1.1823 1.5997 0.2863 0.0000 1.8903
1.1802 1.5983 0.2879 0.0000 1.8896
1.1801 1.5983 0.2879 0.0000 1.8894
1.1796 1.5972 0.2900 0.0000 1.8887
1.1784 1.5970 0.2903 0.0000 1.8884
1.1790 1.5970 0.2899 0.0000 1.8883
1.1811 1.5978 0.2889 0.0000 1.8887
1.1845 1.5988 0.2875 0.0000 1.8892
1.1824 1.5981 0.2883 0.0000 1.8887
1.1826 1.5975 0.2901 0.0000 1.8882
1.1841 1.5952 0.2951 0.0000 1.8872
1.1868 1.5955 0.2956 0.0000 1.8874
1.2148 1.6083 0.2792 0.0000 1.8977
1.2117 1.6068 0.2805 0.0000 1.8968
1.2119 1.6062 0.2820 0.0000 1.8967
1.2132 1.6065 0.2822 0.0000 1.8967
1.2152 1.6074 0.2815 0.0000 1.8970
1.2139 1.6062 0.2836 0.0000 1.8962
1.2153 1.6083 0.2783 0.0000 1.8973
1.2125 1.6078 0.2767 0.0000 1.8971
1.2092 1.6067 0.2774 0.0000 1.8965
1.2091 1.6066 0.2774 0.0000 1.8962
1.2077 1.6062 0.2775 0.0000 1.8958
1.2056 1.6051 0.2788 0.0000 1.8952
1.2022 1.6038 0.2805 0.0000 1.8943
1.2018 1.6046 0.2782 0.0000 1.8947
1.2018 1.6045 0.2783 0.0000 1.8945
1.2043 1.6052 0.2783 0.0000 1.8950
1.2032 1.6038 0.2814 0.0000 1.8943
1.2011 1.6031 0.2820 0.0000 1.8936
1.2012 1.6029 0.2826 0.0000 1.8933
1.2030 1.6027 0.2845 0.0000 1.8932
1.2035 1.6030 0.2840 0.0000 1.8932
1.2031 1.6029 0.2841 0.0000 1.8929
1.2020 1.6025 0.2845 0.0000 1.8925
1.1952 1.6001 0.2869 0.0000 1.8911
1.1947 1.6005 0.2857 0.0000 1.8912
1.1941 1.6006 0.2850 0.0000 1.8912
1.1933 1.6007 0.2845 0.0000 1.8911
1.1929 1.6008 0.2839 0.0000 1.8911
1.1926 1.5994 0.2872 0.0000 1.8902
1.1907 1.5986 0.2886 0.0000 1.8896
1.1992 1.5964 0.3006 0.0000 1.8896
1.1983 1.5959 0.3011 0.0000 1.8892
1.1990 1.5962 0.3007 0.0000 1.8892
1.1994 1.5964 0.3007 0.0000 1.8891
1.1957 1.5949 0.3018 0.0000 1.8881
1.1933 1.5933 0.3044 0.0000 1.8873
1.1935 1.5934 0.3047 0.0000 1.8876
1.1916 1.5924 0.3063 0.0000 1.8869
1.1923 1.5926 0.3063 0.0000 1.8869
1.1913 1.5924 0.3062 0.0000 1.8865
1.1895 1.5910 0.3083 0.0000 1.8858
1.1895 1.5904 0.3099 0.0000 1.8853
1.1869 1.5895 0.3101 0.0000 1.8847
1.1864 1.5893 0.3104 0.0000 1.8844
1.1876 1.5896 0.3100 0.0000 1.8844
1.1881 1.5897 0.3102 0.0000 1.8844
1.1837 1.5874 0.3129 0.0000 1.8829
1.1843 1.5887 0.3104 0.0000 1.8837
1.1835 1.5885 0.3104 0.0000 1.8834
1.1832 1.5879 0.3123 0.0000 1.8832
1.1821 1.5876 0.3123 0.0000 1.8828
1.1808 1.5871 0.3130 0.0000 1.8826
1.1811 1.5870 0.3132 0.0000 1.8824
1.1807 1.5872 0.3126 0.0000 1.8824
1.1813 1.5867 0.3131 0.0000 1.8821
1.1802 1.5869 0.3122 0.0000 1.8822
1.1796 1.5872 0.3113 0.0000 1.8823
1.1795 1.5872 0.3113 0.0000 1.8821
1.1796 1.5874 0.3115 0.0000 1.8823
1.1825 1.5885 0.3108 0.0000 1.8829
1.1822 1.5883 0.3112 0.0000 1.8827
1.1860 1.5887 0.3096 0.0000 1.8849
1.1860 1.5887 0.3097 0.0000 1.8847
1.1844 1.5877 0.3112 0.0000 1.8840
1.1849 1.5877 0.3111 0.0000 1.8839
1.1849 1.5876 0.3114 0.0000 1.8837
1.1833 1.5877 0.3104 0.0000 1.8836
1.1838 1.5884 0.3100 0.0000 1.8843
1.1840 1.5884 0.3099 0.0000 1.8842
1.1823 1.5886 0.3084 0.0000 1.8842
1.1815 1.5870 0.3121 0.0000 1.8832
1.1829 1.5867 0.3135 0.0000 1.8833
1.1826 1.5864 0.3140 0.0000 1.8830
1.1800 1.5847 0.3176 0.0000 1.8822
1.1799 1.5847 0.3177 0.0000 1.8820
1.1796 1.5848 0.3171 0.0000 1.8819
1.1819 1.5844 0.3199 0.0000 1.8817
1.1814 1.5838 0.3211 0.0000 1.8813
1.1808 1.5838 0.3205 0.0000 1.8811
1.1801 1.5840 0.3200 0.0000 1.8811
1.1787 1.5836 0.3207 0.0000 1.8811
1.1746 1.5821 0.3219 0.0000 1.8801
1.1734 1.5819 0.3218 0.0000 1.8799
1.1791 1.5850 0.3164 0.0000 1.8821
1.1777 1.5856 0.3138 0.0000 1.8824
1.1800 1.5864 0.3131 0.0000 1.8828
1.1816 1.5832 0.3215 0.0000 1.8819
1.1811 1.5841 0.3190 0.0000 1.8823
1.1811 1.5841 0.3189 0.0000 1.8821
1.1819 1.5844 0.3186 0.0000 1.8822
1.1804 1.5835 0.3203 0.0000 1.8817
1.1822 1.5844 0.3194 0.0000 1.8821
1.1834 1.5846 0.3195 0.0000 1.8821
1.1833 1.5844 0.3199 0.0000 1.8818
1.1837 1.5844 0.3202 0.0000 1.8817
1.1817 1.5835 0.3212 0.0000 1.8810
1.1807 1.5835 0.3207 0.0000 1.8809
1.1791 1.5830 0.3206 0.0000 1.8805
1.1780 1.5834 0.3196 0.0000 1.8807
1.1755 1.5818 0.3219 0.0000 1.8799
1.1756 1.5821 0.3215 0.0000 1.8799
1.1754 1.5820 0.3216 0.0000 1.8797
1.1755 1.5817 0.3223 0.0000 1.8794
1.1748 1.5814 0.3223 0.0000 1.8791
1.1765 1.5817 0.3217 0.0000 1.8794
1.1750 1.5801 0.3241 0.0000 1.8786
1.1745 1.5802 0.3238 0.0000 1.8785
1.1719 1.5796 0.3237 0.0000 1.8781
1.1718 1.5795 0.3239 0.0000 1.8780
1.1729 1.5792 0.3249 0.0000 1.8779
1.1729 1.5791 0.3251 0.0000 1.8778
1.1740 1.5794 0.3251 0.0000 1.8779
1.1737 1.5793 0.3252 0.0000 1.8777
1.1736 1.5792 0.3254 0.0000 1.8775
1.1733 1.5784 0.3267 0.0000 1.8769
1.1734 1.5784 0.3268 0.0000 1.8768
1.1733 1.5785 0.3266 0.0000 1.8768
1.1765 1.5803 0.3243 0.0000 1.8778
1.1765 1.5802 0.3243 0.0000 1.8777
1.1742 1.5790 0.3261 0.0000 1.8769
1.1785 1.5782 0.3307 0.0000 1.8859
1.1784 1.5782 0.3308 0.0000 1.8856
1.1760 1.5775 0.3308 0.0000 1.8850
1.1759 1.5774 0.3309 0.0000 1.8847
1.1724 1.5760 0.3323 0.0000 1.8838
1.1713 1.5759 0.3319 0.0000 1.8836
1.1703 1.5755 0.3321 0.0000 1.8832
1.1700 1.5753 0.3324 0.0000 1.8828
1.1695 1.5750 0.3328 0.0000 1.8824
1.1687 1.5750 0.3324 0.0000 1.8823
1.1688 1.5753 0.3317 0.0000 1.8823
1.1688 1.5754 0.3317 0.0000 1.8820
1.1669 1.5749 0.3317 0.0000 1.8817
1.1664 1.5751 0.3312 0.0000 1.8816
1.1667 1.5746 0.3324 0.0000 1.8812
1.1647 1.5739 0.3329 0.0000 1.8806
1.1627 1.5724 0.3352 0.0000 1.8798
1.1622 1.5734 0.3330 0.0000 1.8803
1.1657 1.5691 0.3437 0.0000 1.8838
1.1684 1.5702 0.3432 0.0000 1.8846
1.1681 1.5704 0.3425 0.0000 1.8844
1.1683 1.5704 0.3427 0.0000 1.8841
1.1708 1.5713 0.3420 0.0000 1.8845
1.1707 1.5713 0.3421 0.0000 1.8842
1.1689 1.5705 0.3426 0.0000 1.8836
1.1644 1.5685 0.3446 0.0000 1.8826
1.1618 1.5672 0.3462 0.0000 1.8820
1.1618 1.5672 0.3463 0.0000 1.8817
1.1621 1.5676 0.3454 0.0000 1.8819
1.1599 1.5668 0.3463 0.0000 1.8811
1.1599 1.5668 0.3462 0.0000 1.8809
1.1584 1.5662 0.3470 0.0000 1.8803
1.1581 1.5660 0.3471 0.0000 1.8800
1.1577 1.5654 0.3480 0.0000 1.8795
1.1576 1.5654 0.3481 0.0000 1.8792
1.1567 1.5649 0.3487 0.0000 1.8789
1.1549 1.5650 0.3477 0.0000 1.8788
1.1572 1.5642 0.3504 0.0000 1.8792
1.1582 1.5646 0.3501 0.0000 1.8791
1.1578 1.5644 0.3503 0.0000 1.8788
1.1565 1.5640 0.3503 0.0000 1.8783
1.1564 1.5640 0.3504 0.0000 1.8780
1.1560 1.5640 0.3501 0.0000 1.8778
1.1569 1.5640 0.3505 0.0000 1.8779
1.1596 1.5675 0.3446 0.0000 1.8804
1.1595 1.5674 0.3449 0.0000 1.8805
1.1605 1.5679 0.3445 0.0000 1.8805
1.1605 1.5679 0.3445 0.0000 1.8802
1.1603 1.5678 0.3446 0.0000 1.8799
1.1602 1.5676 0.3450 0.0000 1.8796
1.1600 1.5674 0.3453 0.0000 1.8792
1.1605 1.5677 0.3449 0.0000 1.8794
1.1667 1.5716 0.3401 0.0000 1.8843
1.1659 1.5720 0.3392 0.0000 1.8843
1.1673 1.5725 0.3387 0.0000 1.8845
1.1671 1.5725 0.3388 0.0000 1.8842
1.1674 1.5725 0.3387 0.0000 1.8841
1.1673 1.5725 0.3387 0.0000 1.8838
1.1667 1.5722 0.3390 0.0000 1.8834
1.1655 1.5723 0.3382 0.0000 1.8833
1.1652 1.5724 0.3379 0.0000 1.8833
1.1646 1.5722 0.3381 0.0000 1.8830
1.1634 1.5725 0.3367 0.0000 1.8834
1.1628 1.5735 0.3341 0.0000 1.8843
1.1611 1.5733 0.3339 0.0000 1.8840
1.1604 1.5731 0.3340 0.0000 1.8837
1.1600 1.5730 0.3341 0.0000 1.8834
1.1606 1.5743 0.3317 0.0000 1.8840
1.1605 1.5743 0.3317 0.0000 1.8837
1.1595 1.5738 0.3323 0.0000 1.8833
1.1593 1.5736 0.3325 0.0000 1.8830
1.1591 1.5736 0.3326 0.0000 1.8827
1.1580 1.5733 0.3329 0.0000 1.8824
1.1566 1.5724 0.3340 0.0000 1.8819
1.1545 1.5709 0.3363 0.0000 1.8813
1.1545 1.5706 0.3368 0.0000 1.8811
1.1568 1.5712 0.3361 0.0000 1.8813
1.1585 1.5697 0.3397 0.0000 1.8813
1.1565 1.5694 0.3399 0.0000 1.8813
1.1569 1.5694 0.3401 0.0000 1.8811
1.1568 1.5694 0.3400 0.0000 1.8809
1.1559 1.5689 0.3407 0.0000 1.8806
1.1560 1.5689 0.3407 0.0000 1.8804
1.1545 1.5685 0.3411 0.0000 1.8801
1.1542 1.5687 0.3406 0.0000 1.8801
1.1524 1.5670 0.3436 0.0000 1.8794
1.1525 1.5671 0.3435 0.0000 1.8792
1.1511 1.5665 0.3444 0.0000 1.8787
1.1511 1.5664 0.3444 0.0000 1.8785
1.1500 1.5662 0.3445 0.0000 1.8781
1.1487 1.5661 0.3446 0.0000 1.8781
1.1481 1.5661 0.3445 0.0000 1.8779
1.1511 1.5673 0.3429 0.0000 1.8827
1.1511 1.5673 0.3430 0.0000 1.8824
1.1511 1.5672 0.3432 0.0000 1.8821
1.1506 1.5672 0.3430 0.0000 1.8818
1.1691 1.5799 0.3255 0.0000 1.9213
1.1695 1.5807 0.3237 0.0000 1.9216
1.1724 1.5826 0.3215 0.0000 1.9234
1.1722 1.5826 0.3213 0.0000 1.9230
1.1717 1.5819 0.3223 0.0000 1.9226
1.1732 1.5835 0.3192 0.0000 1.9234
1.1728 1.5835 0.3193 0.0000 1.9229
1.1722 1.5833 0.3195 0.0000 1.9224
1.1700 1.5829 0.3187 0.0000 1.9228
1.1683 1.5820 0.3196 0.0000 1.9223
1.1683 1.5822 0.3191 0.0000 1.9220
1.1675 1.5821 0.3192 0.0000 1.9216
1.1672 1.5824 0.3185 0.0000 1.9214
1.1678 1.5827 0.3183 0.0000 1.9211
1.1678 1.5827 0.3183 0.0000 1.9207
1.1678 1.5827 0.3182 0.0000 1.9204
1.1677 1.5829 0.3178 0.0000 1.9202
1.1663 1.5826 0.3176 0.0000 1.9201
1.1650 1.5824 0.3178 0.0000 1.9196
1.1633 1.5825 0.3174 0.0000 1.9194
1.1635 1.5829 0.3165 0.0000 1.9198
1.1635 1.5829 0.3165 0.0000 1.9194
1.1622 1.5825 0.3167 0.0000 1.9194
1.1622 1.5822 0.3173 0.0000 1.9189
1.1614 1.5817 0.3181 0.0000 1.9183
1.1615 1.5817 0.3182 0.0000 1.9179
1.1617 1.5818 0.3179 0.0000 1.9179
1.1605 1.5814 0.3186 0.0000 1.9173
1.1707 1.5823 0.3187 0.0000 1.9202
1.1699 1.5821 0.3190 0.0000 1.9198
1.1683 1.5820 0.3187 0.0000 1.9194
1.1683 1.5820 0.3188 0.0000 1.9190
1.1676 1.5820 0.3185 0.0000 1.9188
1.1668 1.5822 0.3179 0.0000 1.9186
1.1666 1.5823 0.3178 0.0000 1.9183
1.1652 1.5817 0.3185 0.0000 1.9179
