0.8649 1.2664 -0.0565 0.6056 4.9391
0.8458 1.2858 -0.0350 0.7493 3.6630
0.8004 1.1771 0.4239 0.0000 2.9734
0.7714 1.1219 0.4649 0.0000 3.9051
0.7799 1.1289 0.4585 0.0000 1.9535
0.7799 1.1381 0.4495 0.0000 7.2038
0.8716 1.2644 -0.0051 0.9626 5.9356
0.7714 1.1313 0.4700 0.0000 3.1904
0.7785 1.1416 0.4631 0.0000 52.3893
0.7741 1.1324 0.4704 0.0000 7.5836
0.7777 1.1394 0.4674 0.0000 4.3051
0.7759 1.1397 0.4685 0.0000 3.1168
0.7745 1.1403 0.4693 0.0000 7.8486
0.7777 1.1403 0.4661 0.0000 2.3476
0.7736 1.1399 0.4699 0.0000 2.6578
0.7786 1.1357 0.4676 0.0000 1.3405
0.7808 1.1390 0.4632 0.0000 1.3350
0.7988 1.1694 0.3926 0.0002 8.3344
0.7884 1.1677 0.4018 0.0001 1.4157
0.7921 1.1715 0.3996 0.0001 1.3572
0.7968 1.1734 0.3841 0.0003 1.3936
0.7750 1.1331 0.4712 0.0000 1.3297
3.6879 9.0511 -0.2576 0.0166 285.0096
0.7775 1.1376 0.4709 0.0000 2.9905
0.8001 1.1750 0.3818 0.0003 1.3502
0.7848 1.1543 0.4309 0.0000 3.3208
0.7783 1.1395 0.4629 0.0000 1.3288
0.7994 1.1690 0.3915 0.0002 1.3923
0.8014 1.1738 0.3823 0.0003 1.3731
0.7746 1.1354 0.4758 0.0000 51.4619
0.7912 1.1630 0.4064 0.0001 1.3356
0.7905 1.1632 0.4102 0.0001 1.3720
0.7732 1.1363 0.4784 0.0000 1.3203
0.7889 1.1630 0.4087 0.0001 1.3804
0.7877 1.1632 0.4106 0.0001 1.3780
0.8015 1.1738 0.3874 0.0002 1.3809
0.8097 1.1735 0.3784 0.0003 23.8037
0.8148 1.1799 0.3641 0.0006 1.3449
0.7884 1.1445 0.4573 0.0000 4.3560
0.8124 1.1804 0.3656 0.0005 1.3449
0.7830 1.1454 0.4659 0.0000 5.2224
0.7868 1.1465 0.4591 0.0000 1.3245
0.8131 1.1845 0.3585 0.0007 1.3465
0.8159 1.1824 0.3626 0.0006 1.3808
0.8134 1.1853 0.3537 0.0008 1.3462
0.8133 1.1868 0.3519 0.0009 1.3481
0.8238 1.1821 0.3581 0.0007 1.3430
0.7981 1.1597 0.4111 0.0001 14.7525
0.8159 1.1777 0.3658 0.0005 1.3827
0.8197 1.1760 0.3681 0.0005 1.3857
0.8048 1.1487 0.4250 0.0000 9.6234
0.8260 1.1585 0.3987 0.0001 1.3467
0.8259 1.1603 0.3958 0.0002 1.3521
0.7912 1.1238 0.4656 0.0000 1.3170
0.8254 1.1621 0.3915 0.0002 1.3564
0.8216 1.1610 0.3944 0.0002 1.3443
0.8216 1.1588 0.3977 0.0001 1.3408
0.8148 1.1488 0.4174 0.0001 1.3347
0.7919 1.1232 0.4722 0.0000 1.3255
0.8205 1.1618 0.3928 0.0002 1.3408
0.7936 1.1305 0.4579 0.0000 1.3220
0.7888 1.1227 0.4706 0.0000 1.3198
0.8306 1.1618 0.3929 0.0002 1.3353
0.7917 1.1174 0.4756 0.0000 1.3157
0.8323 1.1614 0.3932 0.0002 1.3330
0.8326 1.1539 0.4074 0.0001 1.3243
0.7885 1.1095 0.4836 0.0000 1.3107
0.8356 1.1564 0.4042 0.0001 1.3270
0.7908 1.1058 0.4873 0.0000 1.3142
0.8424 1.1584 0.4021 0.0001 1.3299
0.8427 1.1591 0.4014 0.0001 1.3302
0.8400 1.1570 0.4038 0.0001 1.3219
0.7935 1.1105 0.4779 0.0000 1.3196
0.8446 1.1627 0.3961 0.0002 1.3267
0.8413 1.1603 0.3989 0.0001 1.3239
0.8420 1.1631 0.3943 0.0002 1.3207
0.8424 1.1640 0.3937 0.0002 1.3189
0.7879 1.1142 0.4724 0.0000 1.3079
0.8400 1.1578 0.4018 0.0001 1.3387
0.7837 1.1098 0.4794 0.0000 1.3106
0.8379 1.1553 0.4057 0.0001 1.3378
0.7757 1.1040 0.4892 0.0000 1.3068
0.8341 1.1534 0.4083 0.0001 1.3382
0.8321 1.1505 0.4131 0.0001 1.3658
0.8324 1.1484 0.4169 0.0001 1.3628
0.8345 1.1488 0.4163 0.0001 1.3483
0.7677 1.0982 0.5010 0.0000 1.2985
0.8293 1.1456 0.4212 0.0001 1.3397
0.8322 1.1480 0.4173 0.0001 1.3655
0.7738 1.0921 0.5091 0.0000 1.3086
0.7744 1.0954 0.5049 0.0000 1.3138
0.8170 1.1358 0.4373 0.0000 1.3194
0.8345 1.1556 0.4080 0.0001 1.3327
0.7728 1.0956 0.5042 0.0000 1.3098
0.7711 1.0957 0.5046 0.0000 1.3084
0.7747 1.0980 0.5018 0.0000 1.3113
0.7726 1.0942 0.5077 0.0000 1.3076
0.8179 1.1422 0.4266 0.0000 1.3354
0.8151 1.1386 0.4326 0.0000 1.3350
0.8156 1.1389 0.4322 0.0000 1.3317
0.8165 1.1389 0.4322 0.0000 1.3299
0.7773 1.0975 0.5023 0.0000 1.3009
0.8152 1.1375 0.4344 0.0000 1.3249
0.8151 1.1354 0.4378 0.0000 1.3224
0.7682 1.0821 0.5263 0.0000 1.2875
0.7666 1.0801 0.5309 0.0000 1.2885
0.7663 1.0845 0.5237 0.0000 1.2973
0.7617 1.0756 0.5355 0.0000 1.2962
0.7656 1.0777 0.5314 0.0000 1.2966
0.7614 1.0766 0.5360 0.0000 1.2932
0.7597 1.0748 0.5376 0.0000 1.2952
0.8214 1.1429 0.4271 0.0000 1.3346
0.7653 1.0844 0.5257 0.0000 1.2975
0.7688 1.0884 0.5193 0.0000 1.3004
0.7660 1.0851 0.5259 0.0000 1.2912
0.7869 1.1162 0.4736 0.0000 1.3111
0.8123 1.1400 0.4311 0.0000 1.3404
0.7712 1.0898 0.5182 0.0000 1.2998
0.7753 1.0963 0.5060 0.0000 1.3005
0.8116 1.1395 0.4322 0.0000 1.3032
0.8132 1.1412 0.4293 0.0000 1.3037
0.7787 1.0925 0.5081 0.0000 1.3035
0.8187 1.1446 0.4233 0.0000 1.3442
0.7863 1.1037 0.4914 0.0000 1.3006
0.8162 1.1450 0.4229 0.0000 1.3035
0.8168 1.1438 0.4252 0.0000 1.3430
0.7839 1.1036 0.4925 0.0000 1.3023
0.8165 1.1456 0.4223 0.0001 1.3271
0.7781 1.0966 0.5039 0.0000 1.3064
0.8185 1.1452 0.4218 0.0001 1.3395
0.7778 1.0929 0.5141 0.0000 1.2998
0.8187 1.1450 0.4219 0.0001 1.3328
0.8098 1.1404 0.4319 0.0000 1.3019
0.8143 1.1435 0.4257 0.0000 1.3212
0.8125 1.1419 0.4284 0.0000 1.3006
0.8127 1.1400 0.4323 0.0000 1.3446
0.8194 1.1428 0.4254 0.0000 1.3382
0.8132 1.1415 0.4289 0.0000 1.3161
0.8126 1.1408 0.4303 0.0000 1.3166
0.8073 1.1351 0.4397 0.0000 1.3125
0.8082 1.1321 0.4442 0.0000 1.3316
0.8066 1.1326 0.4435 0.0000 1.3095
0.8057 1.1298 0.4478 0.0000 1.3255
0.8107 1.1321 0.4433 0.0000 1.3260
0.8085 1.1307 0.4459 0.0000 1.3271
0.8111 1.1350 0.4386 0.0000 1.3253
0.8107 1.1352 0.4384 0.0000 1.3105
0.8109 1.1358 0.4374 0.0000 1.3090
0.8120 1.1370 0.4353 0.0000 1.3071
0.7944 1.1134 0.4737 0.0000 1.2963
0.8115 1.1384 0.4331 0.0000 1.3068
0.8011 1.1225 0.4590 0.0000 1.3000
0.8108 1.1375 0.4347 0.0000 1.3052
0.8100 1.1373 0.4352 0.0000 1.3056
0.8088 1.1363 0.4370 0.0000 1.3058
0.8062 1.1333 0.4427 0.0000 1.3079
0.7840 1.1066 0.4880 0.0000 1.2949
0.8046 1.1338 0.4427 0.0000 1.3092
0.8046 1.1339 0.4426 0.0000 1.3088
0.8033 1.1330 0.4444 0.0000 1.3088
0.7799 1.1052 0.4918 0.0000 1.2956
0.8032 1.1348 0.4424 0.0000 1.3112
0.8022 1.1343 0.4435 0.0000 1.3116
0.7752 1.0990 0.5032 0.0000 1.2912
0.7989 1.1254 0.4552 0.0000 1.3065
0.7743 1.0932 0.5092 0.0000 1.2888
0.7978 1.1250 0.4562 0.0000 1.3067
0.8000 1.1262 0.4538 0.0000 1.3072
0.7769 1.0957 0.5042 0.0000 1.2895
0.8045 1.1289 0.4489 0.0000 1.3193
0.7731 1.0879 0.5206 0.0000 1.2814
0.8012 1.1260 0.4537 0.0000 1.3031
0.8010 1.1261 0.4536 0.0000 1.3032
0.8056 1.1319 0.4442 0.0000 1.3205
0.8027 1.1295 0.4484 0.0000 1.3052
0.8024 1.1290 0.4493 0.0000 1.3031
0.8074 1.1314 0.4451 0.0000 1.3231
0.7841 1.1003 0.4994 0.0000 1.2860
0.8038 1.1310 0.4460 0.0000 1.3063
0.8080 1.1340 0.4408 0.0000 1.3237
0.7867 1.1054 0.4893 0.0000 1.2928
0.8031 1.1307 0.4469 0.0000 1.3065
0.7886 1.1086 0.4830 0.0000 1.2945
0.7742 1.0936 0.5084 0.0000 1.2907
0.8054 1.1311 0.4461 0.0000 1.3228
0.8086 1.1335 0.4414 0.0000 1.3230
0.8080 1.1342 0.4406 0.0000 1.3235
0.8085 1.1343 0.4404 0.0000 1.3224
0.8109 1.1379 0.4340 0.0000 1.3213
0.8078 1.1308 0.4467 0.0000 1.3256
0.8083 1.1334 0.4418 0.0000 1.3227
0.7864 1.1046 0.4903 0.0000 1.2901
0.8080 1.1319 0.4446 0.0000 1.3236
0.8052 1.1318 0.4442 0.0000 1.3052
0.8037 1.1316 0.4451 0.0000 1.3036
0.8022 1.1298 0.4482 0.0000 1.3025
0.8017 1.1294 0.4491 0.0000 1.3026
0.8018 1.1277 0.4523 0.0000 1.3227
0.8014 1.1293 0.4498 0.0000 1.3030
0.8066 1.1303 0.4464 0.0000 1.3200
0.8024 1.1260 0.4537 0.0000 1.3011
0.8041 1.1224 0.4586 0.0000 1.2989
0.8028 1.1236 0.4568 0.0000 1.3005
0.8032 1.1244 0.4557 0.0000 1.3020
0.7827 1.0933 0.5064 0.0000 1.2947
0.8016 1.1220 0.4603 0.0000 1.3017
0.8024 1.1239 0.4572 0.0000 1.3022
0.7894 1.1081 0.4811 0.0000 1.2929
0.8013 1.1243 0.4569 0.0000 1.3031
0.8040 1.1256 0.4548 0.0000 1.3205
0.8005 1.1240 0.4576 0.0000 1.3039
0.8032 1.1279 0.4511 0.0000 1.3201
0.8032 1.1271 0.4521 0.0000 1.3058
0.8048 1.1280 0.4506 0.0000 1.3203
0.8012 1.1258 0.4546 0.0000 1.3054
0.8000 1.1254 0.4553 0.0000 1.3209
0.7973 1.1207 0.4633 0.0000 1.3056
0.7913 1.1103 0.4783 0.0000 1.2908
0.8017 1.1266 0.4531 0.0000 1.3047
0.8025 1.1264 0.4535 0.0000 1.3034
0.7786 1.0974 0.4989 0.0000 1.2853
0.8013 1.1266 0.4532 0.0000 1.3042
0.8036 1.1290 0.4490 0.0000 1.3062
0.8035 1.1294 0.4484 0.0000 1.3064
0.8014 1.1279 0.4510 0.0000 1.3062
0.8010 1.1215 0.4604 0.0000 1.3265
0.8064 1.1300 0.4477 0.0000 1.3220
0.8043 1.1292 0.4487 0.0000 1.3284
0.8038 1.1317 0.4451 0.0000 1.3104
0.8032 1.1314 0.4458 0.0000 1.3113
0.7985 1.1241 0.4575 0.0000 1.3014
0.8029 1.1307 0.4467 0.0000 1.3098
0.8038 1.1319 0.4451 0.0000 1.3108
0.8052 1.1330 0.4430 0.0000 1.3113
0.8048 1.1327 0.4435 0.0000 1.3118
0.8029 1.1329 0.4440 0.0000 1.3124
0.8052 1.1345 0.4408 0.0000 1.3118
0.8059 1.1353 0.4394 0.0000 1.3105
0.8068 1.1374 0.4355 0.0000 1.3107
0.8093 1.1397 0.4315 0.0000 1.3113
0.8091 1.1371 0.4356 0.0000 1.3228
0.8084 1.1394 0.4320 0.0000 1.3114
0.8098 1.1404 0.4304 0.0000 1.3111
0.8102 1.1407 0.4297 0.0000 1.3099
0.8075 1.1393 0.4325 0.0000 1.3090
0.8073 1.1389 0.4332 0.0000 1.3095
0.8070 1.1386 0.4339 0.0000 1.3096
0.8066 1.1385 0.4341 0.0000 1.3103
0.8053 1.1370 0.4368 0.0000 1.3095
0.8049 1.1361 0.4380 0.0000 1.3077
0.8039 1.1353 0.4397 0.0000 1.3077
0.8035 1.1343 0.4411 0.0000 1.3063
0.7987 1.1221 0.4602 0.0000 1.2996
0.8032 1.1345 0.4408 0.0000 1.3059
0.8026 1.1348 0.4407 0.0000 1.3060
0.7891 1.1081 0.4843 0.0000 1.2942
0.8015 1.1336 0.4429 0.0000 1.3060
0.8013 1.1335 0.4429 0.0000 1.3060
0.8012 1.1340 0.4424 0.0000 1.3061
0.8012 1.1334 0.4432 0.0000 1.3058
0.8012 1.1337 0.4428 0.0000 1.3058
0.8018 1.1340 0.4420 0.0000 1.3038
0.8018 1.1336 0.4424 0.0000 1.3017
0.8011 1.1330 0.4430 0.0000 1.3003
0.8018 1.1335 0.4422 0.0000 1.3001
0.8014 1.1340 0.4415 0.0000 1.3009
0.8009 1.1340 0.4418 0.0000 1.3008
0.8009 1.1340 0.4417 0.0000 1.3011
0.8007 1.1335 0.4427 0.0000 1.3029
0.7997 1.1335 0.4431 0.0000 1.3016
0.8007 1.1352 0.4398 0.0000 1.3008
0.8005 1.1351 0.4403 0.0000 1.3011
0.8017 1.1370 0.4371 0.0000 1.3010
0.8016 1.1367 0.4377 0.0000 1.3017
0.8013 1.1369 0.4378 0.0000 1.3023
0.7986 1.1323 0.4444 0.0000 1.2984
0.7975 1.1325 0.4444 0.0000 1.2986
0.7975 1.1320 0.4451 0.0000 1.2984
0.7972 1.1324 0.4446 0.0000 1.2982
0.7935 1.1252 0.4556 0.0000 1.2922
0.7973 1.1310 0.4461 0.0000 1.2973
0.7970 1.1303 0.4473 0.0000 1.2961
0.7960 1.1310 0.4462 0.0000 1.2966
0.7960 1.1305 0.4472 0.0000 1.2973
0.7963 1.1260 0.4536 0.0000 1.2937
0.7972 1.1280 0.4505 0.0000 1.2954
0.7967 1.1274 0.4515 0.0000 1.2951
0.7975 1.1286 0.4497 0.0000 1.2952
0.7965 1.1277 0.4514 0.0000 1.2959
0.7975 1.1282 0.4503 0.0000 1.2957
0.7965 1.1272 0.4517 0.0000 1.2947
0.7964 1.1275 0.4513 0.0000 1.2948
0.7954 1.1277 0.4510 0.0000 1.2947
0.7953 1.1278 0.4508 0.0000 1.2951
0.7947 1.1273 0.4518 0.0000 1.2956
0.7952 1.1277 0.4512 0.0000 1.2946
0.7951 1.1285 0.4496 0.0000 1.2942
0.7861 1.1133 0.4731 0.0000 1.2840
0.7943 1.1277 0.4510 0.0000 1.2933
0.7949 1.1271 0.4518 0.0000 1.2929
0.7946 1.1273 0.4515 0.0000 1.2926
0.7948 1.1271 0.4519 0.0000 1.2922
0.7853 1.1099 0.4796 0.0000 1.2819
0.7952 1.1286 0.4495 0.0000 1.2938
0.7948 1.1288 0.4493 0.0000 1.2943
0.7942 1.1288 0.4494 0.0000 1.2944
0.7941 1.1283 0.4501 0.0000 1.2948
0.7934 1.1278 0.4506 0.0000 1.2927
0.7940 1.1286 0.4493 0.0000 1.2925
0.7923 1.1262 0.4537 0.0000 1.2917
0.7940 1.1292 0.4486 0.0000 1.2938
0.7931 1.1288 0.4492 0.0000 1.2936
0.7829 1.1071 0.4859 0.0000 1.2835
0.7967 1.1297 0.4475 0.0000 1.2950
0.7971 1.1309 0.4455 0.0000 1.2961
0.7969 1.1307 0.4457 0.0000 1.2954
0.7953 1.1304 0.4463 0.0000 1.2952
0.7947 1.1303 0.4465 0.0000 1.2945
0.7818 1.1066 0.4871 0.0000 1.2837
0.7957 1.1301 0.4468 0.0000 1.2925
0.7962 1.1311 0.4453 0.0000 1.2922
0.7980 1.1350 0.4389 0.0000 1.2950
0.7980 1.1355 0.4379 0.0000 1.2944
0.7968 1.1341 0.4401 0.0000 1.2951
0.7976 1.1356 0.4376 0.0000 1.2953
0.7982 1.1360 0.4368 0.0000 1.2956
0.7990 1.1366 0.4360 0.0000 1.2967
0.7982 1.1360 0.4369 0.0000 1.2955
0.7980 1.1366 0.4359 0.0000 1.2949
0.7975 1.1355 0.4378 0.0000 1.2954
0.7968 1.1354 0.4378 0.0000 1.2951
0.7965 1.1355 0.4376 0.0000 1.2956
0.7965 1.1358 0.4372 0.0000 1.2962
0.7965 1.1359 0.4370 0.0000 1.2966
0.7955 1.1346 0.4392 0.0000 1.2964
0.7962 1.1368 0.4355 0.0000 1.2963
0.7962 1.1363 0.4363 0.0000 1.2969
0.7965 1.1371 0.4349 0.0000 1.2964
0.7964 1.1368 0.4355 0.0000 1.2967
0.7957 1.1367 0.4356 0.0000 1.2970
0.7955 1.1360 0.4368 0.0000 1.2964
0.7952 1.1350 0.4384 0.0000 1.2951
0.7951 1.1349 0.4385 0.0000 1.2959
0.7961 1.1356 0.4374 0.0000 1.2968
0.7950 1.1354 0.4377 0.0000 1.2961
0.7954 1.1359 0.4369 0.0000 1.2967
0.7985 1.1388 0.4322 0.0000 1.2986
0.7979 1.1370 0.4351 0.0000 1.2974
0.7979 1.1369 0.4352 0.0000 1.2980
0.7984 1.1374 0.4345 0.0000 1.2981
0.7980 1.1361 0.4366 0.0000 1.2986
0.7985 1.1375 0.4343 0.0000 1.2988
0.7979 1.1375 0.4344 0.0000 1.2992
0.7972 1.1362 0.4364 0.0000 1.2982
0.7972 1.1364 0.4361 0.0000 1.2989
0.7971 1.1368 0.4354 0.0000 1.2994
0.7947 1.1331 0.4416 0.0000 1.2962
0.7950 1.1291 0.4478 0.0000 1.2933
0.7956 1.1304 0.4457 0.0000 1.2944
0.7960 1.1314 0.4442 0.0000 1.2943
0.7964 1.1313 0.4443 0.0000 1.2941
0.7956 1.1292 0.4477 0.0000 1.2926
0.7964 1.1311 0.4447 0.0000 1.2936
0.7971 1.1311 0.4447 0.0000 1.2936
0.7976 1.1308 0.4452 0.0000 1.2939
0.7993 1.1339 0.4403 0.0000 1.2949
0.7996 1.1340 0.4401 0.0000 1.2948
0.7992 1.1341 0.4400 0.0000 1.2949
0.7990 1.1335 0.4408 0.0000 1.2952
0.7993 1.1331 0.4416 0.0000 1.2955
0.8009 1.1341 0.4398 0.0000 1.2952
0.8010 1.1344 0.4394 0.0000 1.2948
0.8015 1.1345 0.4393 0.0000 1.2957
0.8014 1.1343 0.4396 0.0000 1.2961
0.8012 1.1357 0.4373 0.0000 1.2963
0.7970 1.1238 0.4577 0.0000 1.2898
0.8008 1.1345 0.4392 0.0000 1.2970
0.8001 1.1339 0.4401 0.0000 1.2975
0.7893 1.1147 0.4721 0.0000 1.2846
0.8021 1.1377 0.4342 0.0000 1.2988
0.7922 1.1166 0.4695 0.0000 1.2979
0.7916 1.1180 0.4665 0.0000 1.2863
0.8028 1.1361 0.4368 0.0000 1.2991
0.8023 1.1364 0.4362 0.0000 1.2999
0.7914 1.1173 0.4678 0.0000 1.2864
0.8016 1.1357 0.4373 0.0000 1.2992
0.7930 1.1210 0.4614 0.0000 1.2867
0.8031 1.1380 0.4336 0.0000 1.3010
0.8017 1.1372 0.4350 0.0000 1.2994
0.7880 1.1129 0.4789 0.0000 1.2856
0.7830 1.1031 0.5007 0.0000 1.2814
0.7882 1.1133 0.4776 0.0000 1.2851
0.8044 1.1389 0.4337 0.0000 1.3017
0.8057 1.1415 0.4292 0.0000 1.3020
0.7892 1.1153 0.4728 0.0000 1.2867
0.8061 1.1412 0.4296 0.0000 1.3007
0.8057 1.1408 0.4302 0.0000 1.3008
0.7871 1.1089 0.4856 0.0000 1.2832
0.8075 1.1437 0.4254 0.0000 1.3014
0.8113 1.1479 0.4192 0.0001 1.3022
0.8080 1.1406 0.4312 0.0000 1.3010
0.8017 1.1378 0.4346 0.0000 1.2991
0.7874 1.1168 0.4692 0.0000 1.2835
0.8101 1.1485 0.4191 0.0001 1.3011
0.8048 1.1425 0.4271 0.0000 1.3008
0.7916 1.1241 0.4565 0.0000 1.2907
0.8075 1.1452 0.4235 0.0000 1.3020
0.8032 1.1405 0.4300 0.0000 1.3029
0.7893 1.1170 0.4690 0.0000 1.2875
0.7934 1.1252 0.4552 0.0000 1.2911
0.8080 1.1459 0.4224 0.0001 1.3041
0.7919 1.1223 0.4600 0.0000 1.2895
0.8055 1.1420 0.4285 0.0000 1.3032
0.8061 1.1428 0.4272 0.0000 1.3036
0.8034 1.1400 0.4312 0.0000 1.3014
0.8037 1.1394 0.4331 0.0000 1.3035
0.8039 1.1398 0.4324 0.0000 1.3042
0.8030 1.1371 0.4368 0.0000 1.3051
0.8030 1.1383 0.4346 0.0000 1.3035
0.8018 1.1381 0.4347 0.0000 1.3042
0.7878 1.1164 0.4707 0.0000 1.2888
0.7994 1.1363 0.4384 0.0000 1.3022
0.8008 1.1357 0.4391 0.0000 1.3056
0.8007 1.1345 0.4414 0.0000 1.3048
0.7963 1.1205 0.4681 0.0000 1.2875
0.8019 1.1364 0.4387 0.0000 1.3133
0.8028 1.1382 0.4360 0.0000 1.3144
0.8022 1.1379 0.4368 0.0000 1.3101
0.8009 1.1370 0.4374 0.0000 1.3053
0.8021 1.1394 0.4339 0.0000 1.3042
0.8001 1.1363 0.4387 0.0000 1.3048
0.8016 1.1385 0.4356 0.0000 1.3037
0.8007 1.1377 0.4366 0.0000 1.3039
0.7994 1.1361 0.4389 0.0000 1.3024
0.8000 1.1378 0.4362 0.0000 1.3035
0.8004 1.1385 0.4351 0.0000 1.3024
0.7836 1.1103 0.4826 0.0000 1.2855
0.8012 1.1337 0.4432 0.0000 1.3052
0.8008 1.1382 0.4351 0.0000 1.3031
0.8000 1.1364 0.4378 0.0000 1.3031
0.7860 1.1132 0.4762 0.0000 1.2867
0.7996 1.1346 0.4405 0.0000 1.3023
0.7988 1.1339 0.4416 0.0000 1.3015
0.8017 1.1396 0.4329 0.0000 1.3039
0.8012 1.1389 0.4343 0.0000 1.3040
0.8035 1.1377 0.4368 0.0000 1.3152
0.8030 1.1344 0.4435 0.0000 1.3173
0.8019 1.1366 0.4383 0.0000 1.3050
0.8030 1.1375 0.4369 0.0000 1.3143
0.8033 1.1406 0.4315 0.0000 1.3142
0.8020 1.1369 0.4380 0.0000 1.3149
0.8001 1.1337 0.4433 0.0000 1.3127
0.8033 1.1337 0.4458 0.0000 1.3176
0.8007 1.1355 0.4403 0.0000 1.3039
0.8022 1.1357 0.4404 0.0000 1.3172
0.8034 1.1413 0.4311 0.0000 1.3035
0.8012 1.1352 0.4411 0.0000 1.3058
0.8007 1.1344 0.4425 0.0000 1.3054
0.8014 1.1373 0.4372 0.0000 1.3027
0.8032 1.1386 0.4349 0.0000 1.3149
0.8021 1.1351 0.4412 0.0000 1.3140
0.8043 1.1414 0.4306 0.0000 1.3112
0.8008 1.1345 0.4420 0.0000 1.3019
0.8037 1.1366 0.4379 0.0000 1.3139
0.8024 1.1391 0.4339 0.0000 1.3022
0.8036 1.1404 0.4316 0.0000 1.3133
0.8009 1.1375 0.4362 0.0000 1.3000
0.8024 1.1399 0.4322 0.0000 1.3130
0.7970 1.1315 0.4456 0.0000 1.2973
0.8043 1.1425 0.4292 0.0000 1.2991
0.7883 1.1114 0.4806 0.0000 1.2898
0.8018 1.1379 0.4356 0.0000 1.2992
0.7995 1.1354 0.4393 0.0000 1.2985
0.7984 1.1310 0.4459 0.0000 1.2999
0.8042 1.1402 0.4324 0.0000 1.2999
0.8027 1.1390 0.4343 0.0000 1.2984
0.8005 1.1365 0.4377 0.0000 1.3002
0.8072 1.1435 0.4268 0.0000 1.3120
0.8001 1.1364 0.4375 0.0000 1.2990
0.7999 1.1366 0.4372 0.0000 1.3004
0.7996 1.1346 0.4402 0.0000 1.3007
0.8051 1.1468 0.4238 0.0000 1.3049
0.8060 1.1440 0.4262 0.0000 1.3123
0.8080 1.1473 0.4221 0.0001 1.3107
0.8015 1.1386 0.4342 0.0000 1.2988
0.8045 1.1446 0.4269 0.0000 1.2966
0.7995 1.1371 0.4359 0.0000 1.3105
0.8011 1.1381 0.4340 0.0000 1.3119
0.8001 1.1391 0.4340 0.0000 1.2975
0.8022 1.1410 0.4313 0.0000 1.2960
0.8048 1.1440 0.4280 0.0000 1.2972
0.8014 1.1406 0.4311 0.0000 1.3100
0.7979 1.1336 0.4414 0.0000 1.2949
0.7971 1.1322 0.4437 0.0000 1.2938
0.7991 1.1359 0.4386 0.0000 1.2950
0.8006 1.1363 0.4370 0.0000 1.3047
0.8018 1.1395 0.4336 0.0000 1.2963
0.8001 1.1391 0.4336 0.0000 1.3045
0.7994 1.1374 0.4361 0.0000 1.2951
0.8006 1.1394 0.4331 0.0000 1.2962
0.7976 1.1339 0.4406 0.0000 1.2944
0.8004 1.1386 0.4338 0.0000 1.2972
0.8012 1.1397 0.4320 0.0000 1.2981
0.7964 1.1306 0.4457 0.0000 1.2956
0.7980 1.1365 0.4366 0.0000 1.2949
0.7970 1.1340 0.4405 0.0000 1.2955
0.8023 1.1416 0.4292 0.0000 1.2956
0.8020 1.1406 0.4306 0.0000 1.2939
0.8033 1.1422 0.4282 0.0000 1.2962
0.7979 1.1375 0.4357 0.0000 1.2944
0.8006 1.1411 0.4308 0.0000 1.2931
0.8016 1.1414 0.4316 0.0000 1.2930
0.7948 1.1314 0.4446 0.0000 1.2897
0.7963 1.1334 0.4415 0.0000 1.2903
0.7973 1.1355 0.4403 0.0000 1.2859
0.7974 1.1360 0.4379 0.0000 1.2914
0.7989 1.1366 0.4378 0.0000 1.2858
0.7912 1.1198 0.4630 0.0000 1.2873
0.7984 1.1343 0.4399 0.0000 1.2905
0.8003 1.1375 0.4356 0.0000 1.2908
0.7981 1.1340 0.4422 0.0000 1.2867
0.8001 1.1375 0.4362 0.0000 1.2907
0.8011 1.1390 0.4337 0.0000 1.2903
0.7975 1.1311 0.4450 0.0000 1.2887
0.7994 1.1357 0.4387 0.0000 1.2888
0.7982 1.1343 0.4409 0.0000 1.2887
0.7986 1.1314 0.4448 0.0000 1.2898
0.7988 1.1356 0.4389 0.0000 1.2902
0.7985 1.1347 0.4401 0.0000 1.2895
0.7973 1.1325 0.4430 0.0000 1.2898
0.7968 1.1346 0.4404 0.0000 1.2851
0.7982 1.1356 0.4384 0.0000 1.2889
0.8012 1.1412 0.4308 0.0000 1.2912
0.7988 1.1381 0.4349 0.0000 1.2908
0.7978 1.1337 0.4410 0.0000 1.2907
0.7979 1.1383 0.4356 0.0000 1.2905
0.7975 1.1347 0.4395 0.0000 1.2904
0.7926 1.1308 0.4463 0.0000 1.2850
0.7973 1.1378 0.4356 0.0000 1.2903
0.7964 1.1364 0.4379 0.0000 1.2909
0.7949 1.1310 0.4454 0.0000 1.2874
0.7969 1.1339 0.4408 0.0000 1.2908
0.7975 1.1374 0.4363 0.0000 1.2912
0.7988 1.1394 0.4352 0.0000 1.2919
0.7970 1.1358 0.4383 0.0000 1.2921
0.7979 1.1369 0.4367 0.0000 1.2921
0.7980 1.1359 0.4379 0.0000 1.2911
0.7964 1.1282 0.4496 0.0000 1.2922
0.7989 1.1370 0.4359 0.0000 1.2926
0.7989 1.1392 0.4327 0.0000 1.2935
0.7965 1.1324 0.4429 0.0000 1.2922
0.7994 1.1397 0.4332 0.0000 1.2901
0.7982 1.1372 0.4358 0.0000 1.2919
0.7976 1.1332 0.4415 0.0000 1.2925
0.8002 1.1405 0.4310 0.0000 1.2935
0.7969 1.1341 0.4405 0.0000 1.2876
0.7975 1.1371 0.4359 0.0000 1.2927
0.7980 1.1358 0.4375 0.0000 1.2932
0.7949 1.1327 0.4427 0.0000 1.2863
0.7969 1.1323 0.4430 0.0000 1.2911
0.7971 1.1346 0.4396 0.0000 1.2918
0.7959 1.1339 0.4408 0.0000 1.2897
0.7967 1.1352 0.4390 0.0000 1.2905
0.7932 1.1295 0.4480 0.0000 1.2832
0.7953 1.1343 0.4409 0.0000 1.2870
0.7951 1.1345 0.4407 0.0000 1.2870
0.7916 1.1229 0.4596 0.0000 1.2908
0.7970 1.1336 0.4423 0.0000 1.2868
0.7962 1.1320 0.4446 0.0000 1.2862
0.7943 1.1269 0.4530 0.0000 1.2847
0.7976 1.1389 0.4349 0.0000 1.2848
0.7921 1.1268 0.4528 0.0000 1.2823
0.7953 1.1297 0.4482 0.0000 1.2845
0.7957 1.1284 0.4504 0.0000 1.2864
0.7963 1.1322 0.4443 0.0000 1.2850
0.7927 1.1242 0.4571 0.0000 1.2821
0.7915 1.1231 0.4587 0.0000 1.2821
0.7970 1.1308 0.4466 0.0000 1.2849
0.7981 1.1334 0.4422 0.0000 1.2868
0.7927 1.1269 0.4523 0.0000 1.2836
0.7929 1.1313 0.4461 0.0000 1.2833
0.7898 1.1239 0.4571 0.0000 1.2812
0.7930 1.1290 0.4493 0.0000 1.2825
0.7939 1.1318 0.4452 0.0000 1.2846
0.7926 1.1321 0.4450 0.0000 1.2833
0.7899 1.1255 0.4547 0.0000 1.2814
0.7944 1.1327 0.4435 0.0000 1.2853
0.7936 1.1307 0.4468 0.0000 1.2841
0.7975 1.1355 0.4392 0.0000 1.2889
0.7962 1.1329 0.4438 0.0000 1.2856
0.7965 1.1292 0.4505 0.0000 1.2864
0.7984 1.1332 0.4435 0.0000 1.2878
0.7997 1.1355 0.4400 0.0000 1.2885
0.7988 1.1357 0.4394 0.0000 1.2864
0.8022 1.1394 0.4333 0.0000 1.2829
0.7995 1.1356 0.4398 0.0000 1.2896
0.7993 1.1342 0.4421 0.0000 1.2906
0.7970 1.1347 0.4410 0.0000 1.2865
0.7964 1.1338 0.4425 0.0000 1.2858
0.7971 1.1353 0.4400 0.0000 1.2879
0.7961 1.1324 0.4451 0.0000 1.2868
0.7974 1.1349 0.4407 0.0000 1.2889
0.7967 1.1338 0.4429 0.0000 1.2868
0.7945 1.1312 0.4468 0.0000 1.2845
0.7968 1.1341 0.4419 0.0000 1.2840
0.7965 1.1330 0.4437 0.0000 1.2856
0.7932 1.1286 0.4508 0.0000 1.2816
0.7947 1.1321 0.4451 0.0000 1.2836
0.7959 1.1343 0.4416 0.0000 1.2838
0.7949 1.1322 0.4450 0.0000 1.2841
0.7954 1.1308 0.4479 0.0000 1.2839
0.7963 1.1312 0.4472 0.0000 1.2869
0.7953 1.1325 0.4449 0.0000 1.2823
0.7960 1.1327 0.4447 0.0000 1.2822
0.7958 1.1328 0.4446 0.0000 1.2821
0.7939 1.1310 0.4472 0.0000 1.2815
0.7942 1.1314 0.4470 0.0000 1.2822
0.7907 1.1256 0.4564 0.0000 1.2814
0.7926 1.1290 0.4509 0.0000 1.2822
0.7934 1.1304 0.4487 0.0000 1.2831
0.7943 1.1331 0.4441 0.0000 1.2822
0.7925 1.1296 0.4499 0.0000 1.2828
0.7931 1.1304 0.4486 0.0000 1.2824
0.7938 1.1316 0.4462 0.0000 1.2825
0.7936 1.1297 0.4494 0.0000 1.2836
0.7931 1.1303 0.4481 0.0000 1.2824
0.7916 1.1289 0.4502 0.0000 1.2801
0.7892 1.1230 0.4596 0.0000 1.2766
0.7910 1.1278 0.4516 0.0000 1.2794
0.7927 1.1293 0.4493 0.0000 1.2814
0.7929 1.1291 0.4497 0.0000 1.2822
0.7932 1.1290 0.4500 0.0000 1.2829
0.7938 1.1318 0.4454 0.0000 1.2821
0.7930 1.1312 0.4463 0.0000 1.2817
0.7943 1.1327 0.4437 0.0000 1.2832
0.7941 1.1312 0.4467 0.0000 1.2838
0.7941 1.1331 0.4435 0.0000 1.2832
0.7945 1.1314 0.4461 0.0000 1.2842
0.7938 1.1296 0.4493 0.0000 1.2828
0.7934 1.1310 0.4463 0.0000 1.2816
0.7940 1.1313 0.4463 0.0000 1.2834
0.7943 1.1321 0.4448 0.0000 1.2825
0.7963 1.1368 0.4372 0.0000 1.2840
0.7940 1.1326 0.4441 0.0000 1.2830
0.7913 1.1275 0.4527 0.0000 1.2818
0.7910 1.1300 0.4482 0.0000 1.2795
0.7939 1.1325 0.4440 0.0000 1.2829
0.7930 1.1312 0.4460 0.0000 1.2820
0.7936 1.1321 0.4443 0.0000 1.2837
0.7925 1.1296 0.4487 0.0000 1.2786
0.7937 1.1332 0.4426 0.0000 1.2815
0.7921 1.1273 0.4529 0.0000 1.2831
0.7946 1.1325 0.4437 0.0000 1.2821
0.7946 1.1325 0.4437 0.0000 1.2824
0.7929 1.1296 0.4485 0.0000 1.2824
0.7845 1.1198 0.4643 0.0000 1.2884
0.7943 1.1320 0.4446 0.0000 1.2839
0.7960 1.1344 0.4408 0.0000 1.2871
0.7940 1.1324 0.4442 0.0000 1.2830
0.7939 1.1299 0.4496 0.0000 1.2847
0.7946 1.1334 0.4432 0.0000 1.2843
0.7945 1.1325 0.4449 0.0000 1.2840
0.7937 1.1314 0.4467 0.0000 1.2846
0.7924 1.1299 0.4491 0.0000 1.2831
0.7946 1.1332 0.4433 0.0000 1.2849
0.7943 1.1321 0.4452 0.0000 1.2837
0.7925 1.1308 0.4476 0.0000 1.2823
0.7928 1.1288 0.4518 0.0000 1.2841
0.7931 1.1300 0.4492 0.0000 1.2843
0.7932 1.1314 0.4464 0.0000 1.2840
0.7928 1.1309 0.4473 0.0000 1.2830
0.7924 1.1294 0.4512 0.0000 1.2841
0.7924 1.1294 0.4509 0.0000 1.2845
0.7924 1.1315 0.4469 0.0000 1.2838
0.7903 1.1279 0.4525 0.0000 1.2808
0.7904 1.1271 0.4541 0.0000 1.2813
0.7914 1.1290 0.4505 0.0000 1.2826
0.7921 1.1287 0.4513 0.0000 1.2841
0.7928 1.1301 0.4489 0.0000 1.2845
0.7931 1.1309 0.4478 0.0000 1.2851
0.7915 1.1290 0.4507 0.0000 1.2837
0.7916 1.1285 0.4521 0.0000 1.2842
0.7931 1.1298 0.4501 0.0000 1.2862
0.7930 1.1296 0.4505 0.0000 1.2862
0.7895 1.1273 0.4533 0.0000 1.2822
0.7931 1.1315 0.4462 0.0000 1.2848
0.7943 1.1338 0.4425 0.0000 1.2866
0.7921 1.1284 0.4521 0.0000 1.2824
0.7905 1.1279 0.4528 0.0000 1.2826
0.7935 1.1332 0.4436 0.0000 1.2847
0.7899 1.1258 0.4562 0.0000 1.2823
0.7913 1.1277 0.4531 0.0000 1.2840
0.7928 1.1302 0.4489 0.0000 1.2844
0.7949 1.1300 0.4516 0.0000 1.2869
0.7933 1.1318 0.4462 0.0000 1.2846
0.7951 1.1326 0.4455 0.0000 1.2881
0.7926 1.1316 0.4462 0.0000 1.2847
0.7902 1.1261 0.4561 0.0000 1.2834
0.7896 1.1260 0.4558 0.0000 1.2828
0.7937 1.1345 0.4413 0.0000 1.2853
0.7906 1.1284 0.4515 0.0000 1.2835
0.7932 1.1316 0.4464 0.0000 1.2859
0.7942 1.1336 0.4430 0.0000 1.2875
0.7914 1.1278 0.4532 0.0000 1.2858
0.7930 1.1315 0.4465 0.0000 1.2874
0.7906 1.1244 0.4598 0.0000 1.2843
0.7932 1.1305 0.4485 0.0000 1.2860
0.7939 1.1306 0.4489 0.0000 1.2885
0.7936 1.1318 0.4463 0.0000 1.2882
0.7937 1.1306 0.4489 0.0000 1.2894
0.7927 1.1313 0.4470 0.0000 1.2865
0.7933 1.1328 0.4445 0.0000 1.2874
0.7922 1.1286 0.4527 0.0000 1.2862
0.7925 1.1319 0.4458 0.0000 1.2875
0.7899 1.1267 0.4552 0.0000 1.2849
0.7920 1.1312 0.4473 0.0000 1.2863
0.7919 1.1311 0.4479 0.0000 1.2862
0.7891 1.1276 0.4540 0.0000 1.2832
0.7896 1.1261 0.4573 0.0000 1.2828
0.7920 1.1293 0.4519 0.0000 1.2840
0.7918 1.1278 0.4554 0.0000 1.2854
0.7898 1.1266 0.4561 0.0000 1.2832
0.7908 1.1261 0.4589 0.0000 1.2851
