0.8629 1.1984 0.3754 0.0004 1.5932
0.8506 1.1861 0.3767 0.0004 1.5817
0.8422 1.1893 0.3663 0.0005 1.5868
0.8443 1.1957 0.3555 0.0008 1.5944
0.8451 1.1959 0.3563 0.0008 1.5963
0.8416 1.1910 0.3601 0.0007 1.5923
0.8399 1.1897 0.3648 0.0006 1.5902
0.8406 1.1910 0.3623 0.0006 1.5944
0.8548 1.2015 0.3619 0.0006 1.6031
0.8561 1.2022 0.3628 0.0006 1.6058
0.8491 1.1927 0.3634 0.0006 1.5949
0.8466 1.1895 0.3710 0.0004 1.5932
0.8477 1.1901 0.3714 0.0004 1.5958
0.8471 1.1888 0.3756 0.0004 1.5963
0.8429 1.1912 0.3537 0.0008 1.5873
0.8445 1.1950 0.3467 0.0011 1.5948
0.8297 1.1858 0.3598 0.0007 1.5856
0.8308 1.1863 0.3589 0.0007 1.5867
0.8353 1.1859 0.3556 0.0008 1.5864
0.8342 1.1812 0.3613 0.0006 1.5823
0.8339 1.1817 0.3612 0.0006 1.5837
0.8328 1.1814 0.3642 0.0006 1.5843
0.8311 1.1820 0.3616 0.0006 1.5849
0.8340 1.1564 0.4017 0.0001 1.5649
0.8320 1.1552 0.4040 0.0001 1.5628
0.8321 1.1553 0.4040 0.0001 1.5618
0.8320 1.1554 0.4039 0.0001 1.5608
0.8278 1.1543 0.4060 0.0001 1.5593
0.8243 1.1499 0.4158 0.0001 1.5584
0.8231 1.1490 0.4171 0.0001 1.5568
0.8253 1.1515 0.4133 0.0001 1.5582
0.8265 1.1483 0.4185 0.0001 1.5556
0.8263 1.1481 0.4184 0.0001 1.5547
0.8567 1.1773 0.3736 0.0004 1.6602
0.8520 1.1730 0.3800 0.0003 1.6572
0.8510 1.1714 0.3819 0.0003 1.6532
0.8496 1.1718 0.3792 0.0003 1.6506
0.8403 1.1678 0.3851 0.0003 1.6458
0.8345 1.1766 0.3751 0.0004 1.6430
0.8293 1.1548 0.4065 0.0001 1.6379
0.8283 1.1568 0.4038 0.0001 1.6382
0.8348 1.1561 0.4078 0.0001 1.6376
0.8363 1.1570 0.4068 0.0001 1.6355
0.8361 1.1576 0.4060 0.0001 1.6333
0.8370 1.1579 0.4050 0.0001 1.6309
0.8382 1.1580 0.4060 0.0001 1.6287
0.8378 1.1575 0.4050 0.0001 1.6257
0.8373 1.1573 0.4049 0.0001 1.6230
0.8379 1.1611 0.3997 0.0001 1.6235
0.8571 1.1757 0.3734 0.0004 1.6283
0.8533 1.1711 0.3796 0.0003 1.6266
0.8529 1.1710 0.3798 0.0003 1.6245
0.8542 1.1760 0.3693 0.0005 1.6264
0.8563 1.1749 0.3720 0.0004 1.6254
0.8567 1.1751 0.3714 0.0004 1.6233
0.8575 1.1745 0.3737 0.0004 1.6222
0.8565 1.1737 0.3749 0.0004 1.6199
0.8571 1.1738 0.3749 0.0004 1.6179
0.8573 1.1740 0.3746 0.0004 1.6161
0.8522 1.1713 0.3791 0.0003 1.6154
0.8502 1.1704 0.3802 0.0003 1.6134
0.8497 1.1711 0.3779 0.0003 1.6123
0.8520 1.1728 0.3753 0.0004 1.6122
0.8526 1.1716 0.3789 0.0003 1.6103
0.8526 1.1715 0.3789 0.0003 1.6086
0.8547 1.1734 0.3784 0.0003 1.6101
0.8559 1.1725 0.3823 0.0003 1.6086
0.8553 1.1724 0.3839 0.0003 1.6075
0.8567 1.1729 0.3827 0.0003 1.6063
0.8493 1.1717 0.3845 0.0003 1.6054
0.8477 1.1713 0.3850 0.0003 1.6039
0.8454 1.1711 0.3834 0.0003 1.6025
0.8435 1.1709 0.3824 0.0003 1.6012
0.8422 1.1700 0.3838 0.0003 1.5994
0.8435 1.1692 0.3857 0.0002 1.5979
0.8431 1.1692 0.3855 0.0002 1.5965
0.8411 1.1686 0.3848 0.0003 1.5953
0.8434 1.1675 0.3871 0.0002 1.5936
0.8383 1.1638 0.3943 0.0002 1.5911
0.8418 1.1623 0.3970 0.0002 1.5897
0.8401 1.1606 0.3994 0.0001 1.5874
0.8399 1.1609 0.3981 0.0001 1.5864
0.8399 1.1608 0.3982 0.0001 1.5851
0.8384 1.1603 0.3979 0.0001 1.5835
0.8386 1.1606 0.3975 0.0002 1.5825
0.8402 1.1600 0.3999 0.0001 1.5821
0.8424 1.1616 0.3978 0.0001 1.5824
0.8495 1.1668 0.3892 0.0002 1.5864
0.8490 1.1660 0.3900 0.0002 1.5850
0.8489 1.1655 0.3905 0.0002 1.5843
0.8471 1.1643 0.3926 0.0002 1.5831
0.8445 1.1625 0.3981 0.0001 1.5850
0.8416 1.1602 0.4011 0.0001 1.5825
0.8417 1.1598 0.4012 0.0001 1.5812
0.8445 1.1603 0.4014 0.0001 1.5808
0.8429 1.1601 0.4014 0.0001 1.5798
0.8429 1.1601 0.4013 0.0001 1.5790
0.8425 1.1614 0.3989 0.0001 1.5787
0.8425 1.1614 0.3989 0.0001 1.5778
0.8430 1.1609 0.4010 0.0001 1.5772
0.8430 1.1609 0.4011 0.0001 1.5763
0.8434 1.1606 0.4021 0.0001 1.5756
0.8511 1.1667 0.3931 0.0002 1.5796
0.8505 1.1683 0.3956 0.0002 1.5899
0.8480 1.1672 0.3967 0.0002 1.5883
0.8490 1.1676 0.3966 0.0002 1.5877
0.8796 1.1844 0.3747 0.0004 1.6040
0.8788 1.1881 0.3649 0.0006 1.6061
0.8783 1.1881 0.3651 0.0005 1.6048
0.8738 1.1830 0.3714 0.0004 1.6016
0.8758 1.1845 0.3685 0.0005 1.6024
0.8752 1.1842 0.3687 0.0005 1.6010
0.8746 1.1839 0.3693 0.0005 1.5999
0.8775 1.1857 0.3658 0.0005 1.6020
0.8742 1.1839 0.3669 0.0005 1.6008
0.8732 1.1847 0.3638 0.0006 1.6015
0.8728 1.1844 0.3644 0.0006 1.6004
0.8747 1.1859 0.3661 0.0005 1.6017
0.8703 1.1813 0.3734 0.0004 1.5977
0.8679 1.1817 0.3730 0.0004 1.5962
0.8675 1.1815 0.3733 0.0004 1.5949
0.8672 1.1805 0.3758 0.0004 1.5936
0.8669 1.1809 0.3753 0.0004 1.5932
0.8651 1.1802 0.3728 0.0004 1.5937
0.8663 1.1808 0.3723 0.0004 1.5937
0.8664 1.1814 0.3718 0.0004 1.5932
0.8613 1.1774 0.3778 0.0003 1.5903
0.8610 1.1777 0.3779 0.0003 1.5893
0.8576 1.1716 0.3900 0.0002 1.5951
0.8543 1.1712 0.3893 0.0002 1.5948
0.8541 1.1712 0.3891 0.0002 1.5940
0.8532 1.1703 0.3904 0.0002 1.5927
0.8455 1.1640 0.4015 0.0001 1.5894
0.8440 1.1644 0.4002 0.0001 1.5893
0.8442 1.1645 0.4002 0.0001 1.5886
0.8442 1.1644 0.4002 0.0001 1.5878
0.8432 1.1644 0.3989 0.0001 1.5872
0.8412 1.1639 0.3988 0.0001 1.5862
0.8425 1.1648 0.3973 0.0002 1.5858
0.8415 1.1661 0.3942 0.0002 1.5861
0.8558 1.1744 0.3935 0.0002 1.6008
0.8559 1.1746 0.3935 0.0002 1.6000
0.8543 1.1734 0.3941 0.0002 1.5991
0.8551 1.1752 0.3911 0.0002 1.5992
0.8566 1.1749 0.3864 0.0002 1.5974
0.8564 1.1748 0.3865 0.0002 1.5964
0.8540 1.1730 0.3872 0.0002 1.5959
0.8559 1.1737 0.3870 0.0002 1.5968
0.8568 1.1758 0.3830 0.0003 1.5972
0.8612 1.1796 0.3785 0.0003 1.5983
0.8601 1.1800 0.3776 0.0003 1.5980
0.8604 1.1805 0.3763 0.0004 1.5977
0.8604 1.1807 0.3763 0.0004 1.5969
0.8610 1.1805 0.3767 0.0004 1.5964
0.8612 1.1820 0.3742 0.0004 1.5964
0.8568 1.1779 0.3773 0.0003 1.5950
0.8562 1.1787 0.3760 0.0004 1.5945
0.8546 1.1789 0.3743 0.0004 1.5945
0.8570 1.1826 0.3681 0.0005 1.5961
0.8590 1.1850 0.3636 0.0006 1.5978
0.8567 1.1825 0.3648 0.0006 1.5965
0.8498 1.1769 0.3707 0.0004 1.5965
0.8486 1.1777 0.3690 0.0005 1.5963
0.8492 1.1787 0.3668 0.0005 1.5961
0.8465 1.1764 0.3706 0.0004 1.5944
0.8434 1.1745 0.3736 0.0004 1.5926
0.8434 1.1743 0.3739 0.0004 1.5917
0.8431 1.1739 0.3745 0.0004 1.5909
0.8417 1.1726 0.3768 0.0003 1.5894
0.8414 1.1723 0.3773 0.0003 1.5885
0.8413 1.1721 0.3776 0.0003 1.5876
0.8418 1.1726 0.3769 0.0003 1.5873
0.8392 1.1708 0.3800 0.0003 1.5855
0.8370 1.1693 0.3817 0.0003 1.5847
0.8363 1.1693 0.3810 0.0003 1.5844
0.8351 1.1670 0.3846 0.0003 1.5828
0.8371 1.1703 0.3779 0.0003 1.5853
0.8367 1.1701 0.3784 0.0003 1.5845
0.8378 1.1716 0.3756 0.0004 1.5859
0.8387 1.1716 0.3757 0.0004 1.5856
0.8396 1.1719 0.3754 0.0004 1.5853
0.8426 1.1761 0.3664 0.0005 1.5882
0.8376 1.1733 0.3717 0.0004 1.5877
0.8373 1.1731 0.3720 0.0004 1.5870
0.8363 1.1723 0.3733 0.0004 1.5861
0.8363 1.1726 0.3724 0.0004 1.5860
0.8363 1.1725 0.3728 0.0004 1.5854
0.8367 1.1727 0.3724 0.0004 1.5851
0.8365 1.1721 0.3734 0.0004 1.5843
0.8372 1.1738 0.3700 0.0005 1.5853
0.8377 1.1774 0.3622 0.0006 1.5880
0.8382 1.1766 0.3639 0.0006 1.5871
0.8379 1.1761 0.3650 0.0005 1.5863
0.8389 1.1769 0.3641 0.0006 1.5881
0.8383 1.1763 0.3654 0.0005 1.5872
0.8378 1.1763 0.3650 0.0006 1.5868
0.8396 1.1770 0.3636 0.0006 1.5867
0.8392 1.1761 0.3653 0.0005 1.5857
0.8399 1.1761 0.3655 0.0005 1.5854
0.8399 1.1758 0.3657 0.0005 1.5848
0.8392 1.1762 0.3654 0.0005 1.5848
0.8395 1.1769 0.3635 0.0006 1.5848
0.8401 1.1771 0.3631 0.0006 1.5845
0.8434 1.1771 0.3632 0.0006 1.5837
0.8444 1.1773 0.3628 0.0006 1.5833
0.8452 1.1783 0.3604 0.0007 1.5836
0.8452 1.1783 0.3604 0.0007 1.5832
0.8452 1.1785 0.3600 0.0007 1.5831
0.8464 1.1790 0.3589 0.0007 1.5831
0.8455 1.1778 0.3613 0.0006 1.5820
0.8445 1.1757 0.3653 0.0005 1.5799
0.8445 1.1757 0.3654 0.0005 1.5795
0.8441 1.1758 0.3653 0.0005 1.5791
0.8428 1.1751 0.3667 0.0005 1.5783
0.8416 1.1727 0.3714 0.0004 1.5768
0.8418 1.1729 0.3710 0.0004 1.5766
0.8432 1.1727 0.3715 0.0004 1.5758
0.8418 1.1718 0.3730 0.0004 1.5755
0.8420 1.1726 0.3715 0.0004 1.5758
0.8321 1.1550 0.4064 0.0001 1.5639
0.8307 1.1555 0.4042 0.0001 1.5664
0.8299 1.1554 0.4044 0.0001 1.5659
0.8297 1.1551 0.4048 0.0001 1.5653
0.8316 1.1556 0.4043 0.0001 1.5650
0.8315 1.1557 0.4041 0.0001 1.5649
0.8316 1.1552 0.4050 0.0001 1.5648
0.8318 1.1556 0.4043 0.0001 1.5649
0.8321 1.1563 0.4032 0.0001 1.5650
0.8316 1.1562 0.4034 0.0001 1.5646
0.8328 1.1574 0.4016 0.0001 1.5655
0.8332 1.1580 0.4004 0.0001 1.5656
0.8331 1.1581 0.4002 0.0001 1.5654
0.8326 1.1578 0.4007 0.0001 1.5647
0.8299 1.1570 0.4019 0.0001 1.5636
0.8311 1.1579 0.4004 0.0001 1.5640
0.8309 1.1577 0.4008 0.0001 1.5634
0.8327 1.1588 0.3992 0.0001 1.5647
0.8327 1.1589 0.3990 0.0001 1.5645
0.8328 1.1592 0.3984 0.0001 1.5644
0.8335 1.1611 0.3952 0.0002 1.5661
0.8346 1.1593 0.3987 0.0001 1.5648
0.8350 1.1594 0.3988 0.0001 1.5646
0.8366 1.1603 0.3973 0.0002 1.5650
0.8340 1.1613 0.3952 0.0002 1.5657
0.8341 1.1612 0.3954 0.0002 1.5654
0.8342 1.1614 0.3951 0.0002 1.5654
0.8344 1.1613 0.3953 0.0002 1.5651
0.8340 1.1611 0.3957 0.0002 1.5645
0.8337 1.1616 0.3944 0.0002 1.5649
0.8329 1.1621 0.3931 0.0002 1.5654
0.8329 1.1619 0.3935 0.0002 1.5648
0.8281 1.1517 0.4131 0.0001 1.5655
0.8226 1.1513 0.4169 0.0001 1.5747
0.8224 1.1511 0.4172 0.0001 1.5741
0.8218 1.1505 0.4182 0.0001 1.5734
0.8212 1.1507 0.4178 0.0001 1.5730
0.8213 1.1507 0.4178 0.0001 1.5726
0.8213 1.1514 0.4166 0.0001 1.5727
0.8213 1.1515 0.4165 0.0001 1.5723
0.8209 1.1516 0.4160 0.0001 1.5720
0.8207 1.1519 0.4154 0.0001 1.5730
0.8207 1.1518 0.4155 0.0001 1.5725
0.8213 1.1525 0.4147 0.0001 1.5728
0.8213 1.1525 0.4148 0.0001 1.5724
0.8213 1.1531 0.4151 0.0001 1.5733
0.8210 1.1530 0.4150 0.0001 1.5732
0.8224 1.1530 0.4143 0.0001 1.5729
0.8232 1.1539 0.4126 0.0001 1.5732
0.8233 1.1538 0.4129 0.0001 1.5727
0.8233 1.1536 0.4134 0.0001 1.5722
0.8233 1.1536 0.4134 0.0001 1.5719
0.8232 1.1536 0.4130 0.0001 1.5715
0.8230 1.1533 0.4134 0.0001 1.5709
0.8232 1.1530 0.4135 0.0001 1.5705
0.8196 1.1537 0.4139 0.0001 1.5718
0.8185 1.1539 0.4132 0.0001 1.5718
0.8186 1.1544 0.4122 0.0001 1.5719
0.8184 1.1543 0.4120 0.0001 1.5715
0.8184 1.1543 0.4121 0.0001 1.5712
0.8185 1.1540 0.4127 0.0001 1.5707
0.8183 1.1540 0.4125 0.0001 1.5703
0.8165 1.1539 0.4129 0.0001 1.5701
0.8174 1.1549 0.4106 0.0001 1.5705
0.8204 1.1564 0.4067 0.0001 1.5717
0.8201 1.1562 0.4070 0.0001 1.5712
0.8187 1.1557 0.4077 0.0001 1.5708
0.8199 1.1569 0.4055 0.0001 1.5714
0.8199 1.1570 0.4054 0.0001 1.5711
0.8193 1.1572 0.4053 0.0001 1.5712
0.8192 1.1575 0.4045 0.0001 1.5712
0.8192 1.1575 0.4044 0.0001 1.5709
0.8180 1.1549 0.4102 0.0001 1.5694
0.8178 1.1538 0.4129 0.0001 1.5685
0.8180 1.1539 0.4124 0.0001 1.5684
0.8189 1.1549 0.4102 0.0001 1.5690
0.8189 1.1549 0.4102 0.0001 1.5687
0.8205 1.1554 0.4095 0.0001 1.5690
0.8196 1.1469 0.4297 0.0000 1.5718
0.8200 1.1474 0.4290 0.0000 1.5718
0.8194 1.1471 0.4291 0.0000 1.5713
0.8189 1.1467 0.4296 0.0000 1.5707
0.8193 1.1473 0.4286 0.0000 1.5708
0.8193 1.1473 0.4286 0.0000 1.5704
0.8183 1.1470 0.4287 0.0000 1.5699
0.8182 1.1467 0.4296 0.0000 1.5694
0.8184 1.1471 0.4289 0.0000 1.5693
0.8184 1.1470 0.4290 0.0000 1.5689
0.8184 1.1470 0.4290 0.0000 1.5686
0.8197 1.1462 0.4310 0.0000 1.5681
0.8196 1.1470 0.4288 0.0000 1.5684
0.8195 1.1469 0.4290 0.0000 1.5680
0.8188 1.1468 0.4290 0.0000 1.5677
0.8189 1.1460 0.4305 0.0000 1.5670
0.8195 1.1460 0.4311 0.0000 1.5669
0.8201 1.1457 0.4314 0.0000 1.5664
0.8202 1.1456 0.4318 0.0000 1.5661
0.8199 1.1454 0.4317 0.0000 1.5658
0.8198 1.1449 0.4318 0.0000 1.5652
0.8183 1.1441 0.4331 0.0000 1.5646
0.8184 1.1441 0.4330 0.0000 1.5643
0.8175 1.1436 0.4342 0.0000 1.5638
0.8173 1.1433 0.4346 0.0000 1.5633
0.8173 1.1433 0.4346 0.0000 1.5629
0.8176 1.1431 0.4358 0.0000 1.5630
0.8170 1.1433 0.4350 0.0000 1.5629
0.8174 1.1432 0.4355 0.0000 1.5626
0.8176 1.1433 0.4354 0.0000 1.5623
0.8177 1.1433 0.4353 0.0000 1.5621
0.8173 1.1428 0.4362 0.0000 1.5615
0.8178 1.1431 0.4359 0.0000 1.5614
0.8165 1.1431 0.4363 0.0000 1.5614
0.8162 1.1429 0.4371 0.0000 1.5610
0.8154 1.1430 0.4363 0.0000 1.5610
0.8152 1.1429 0.4364 0.0000 1.5607
0.8153 1.1431 0.4362 0.0000 1.5605
0.8153 1.1430 0.4364 0.0000 1.5602
0.8157 1.1441 0.4339 0.0000 1.5610
0.8159 1.1445 0.4327 0.0000 1.5611
0.8161 1.1446 0.4326 0.0000 1.5609
0.8170 1.1453 0.4303 0.0000 1.5615
0.8170 1.1453 0.4302 0.0000 1.5612
0.8170 1.1450 0.4307 0.0000 1.5608
0.8171 1.1453 0.4303 0.0000 1.5608
0.8171 1.1455 0.4299 0.0000 1.5607
0.8165 1.1457 0.4295 0.0000 1.5606
0.8163 1.1458 0.4297 0.0000 1.5605
0.8152 1.1445 0.4322 0.0000 1.5596
0.8149 1.1440 0.4328 0.0000 1.5591
0.8148 1.1439 0.4328 0.0000 1.5588
0.8147 1.1438 0.4328 0.0000 1.5585
0.8154 1.1447 0.4310 0.0000 1.5589
0.8151 1.1451 0.4305 0.0000 1.5593
0.8148 1.1450 0.4304 0.0000 1.5591
0.8161 1.1456 0.4299 0.0000 1.5595
0.8158 1.1458 0.4316 0.0000 1.5608
0.8168 1.1461 0.4313 0.0000 1.5609
0.8168 1.1460 0.4313 0.0000 1.5606
0.8169 1.1461 0.4311 0.0000 1.5606
0.8164 1.1461 0.4309 0.0000 1.5604
0.8158 1.1471 0.4291 0.0000 1.5611
0.8152 1.1458 0.4316 0.0000 1.5600
0.8155 1.1459 0.4314 0.0000 1.5599
0.8154 1.1454 0.4321 0.0000 1.5596
0.8154 1.1456 0.4316 0.0000 1.5595
0.8154 1.1456 0.4316 0.0000 1.5593
0.8164 1.1471 0.4291 0.0000 1.5605
0.8154 1.1477 0.4285 0.0000 1.5610
0.8147 1.1468 0.4301 0.0000 1.5602
0.8131 1.1454 0.4324 0.0000 1.5592
0.8123 1.1450 0.4334 0.0000 1.5587
0.8119 1.1446 0.4342 0.0000 1.5582
0.8108 1.1446 0.4344 0.0000 1.5581
0.8108 1.1447 0.4341 0.0000 1.5580
0.8107 1.1445 0.4343 0.0000 1.5577
0.8109 1.1451 0.4328 0.0000 1.5580
0.8112 1.1456 0.4321 0.0000 1.5583
0.8113 1.1448 0.4335 0.0000 1.5576
0.8112 1.1444 0.4342 0.0000 1.5571
0.8110 1.1441 0.4347 0.0000 1.5566
0.8124 1.1405 0.4420 0.0000 1.5546
0.8106 1.1392 0.4444 0.0000 1.5534
0.8106 1.1393 0.4443 0.0000 1.5533
0.8105 1.1392 0.4442 0.0000 1.5530
0.8113 1.1384 0.4474 0.0000 1.5530
0.8113 1.1393 0.4453 0.0000 1.5537
0.8113 1.1393 0.4454 0.0000 1.5534
0.8114 1.1392 0.4460 0.0000 1.5532
0.8127 1.1394 0.4466 0.0000 1.5535
0.8128 1.1394 0.4466 0.0000 1.5533
0.8130 1.1394 0.4468 0.0000 1.5531
0.8130 1.1394 0.4467 0.0000 1.5529
0.8133 1.1392 0.4472 0.0000 1.5526
0.8132 1.1397 0.4470 0.0000 1.5529
0.8143 1.1400 0.4457 0.0000 1.5529
0.8131 1.1397 0.4470 0.0000 1.5527
0.8125 1.1394 0.4476 0.0000 1.5523
0.8135 1.1397 0.4470 0.0000 1.5526
0.8119 1.1385 0.4489 0.0000 1.5516
0.8117 1.1383 0.4492 0.0000 1.5512
0.8124 1.1388 0.4484 0.0000 1.5515
0.8105 1.1380 0.4503 0.0000 1.5510
0.8177 1.1389 0.4411 0.0000 1.5537
0.8167 1.1377 0.4432 0.0000 1.5526
0.8166 1.1377 0.4431 0.0000 1.5524
0.8150 1.1392 0.4408 0.0000 1.5540
0.8146 1.1385 0.4418 0.0000 1.5533
0.8145 1.1386 0.4420 0.0000 1.5532
0.8167 1.1388 0.4423 0.0000 1.5536
0.8154 1.1375 0.4445 0.0000 1.5525
0.8156 1.1377 0.4443 0.0000 1.5524
0.8158 1.1373 0.4448 0.0000 1.5520
0.8156 1.1370 0.4451 0.0000 1.5517
0.8152 1.1364 0.4459 0.0000 1.5511
0.8151 1.1363 0.4459 0.0000 1.5508
0.8154 1.1369 0.4447 0.0000 1.5511
0.8152 1.1368 0.4445 0.0000 1.5509
0.8148 1.1368 0.4444 0.0000 1.5508
0.8153 1.1374 0.4437 0.0000 1.5512
0.8157 1.1383 0.4419 0.0000 1.5519
0.8151 1.1355 0.4483 0.0000 1.5517
0.8150 1.1352 0.4488 0.0000 1.5512
0.8146 1.1349 0.4489 0.0000 1.5509
0.8145 1.1347 0.4492 0.0000 1.5505
0.8149 1.1349 0.4488 0.0000 1.5504
0.8137 1.1337 0.4509 0.0000 1.5496
0.8118 1.1323 0.4535 0.0000 1.5485
0.8109 1.1322 0.4539 0.0000 1.5483
0.8110 1.1325 0.4535 0.0000 1.5483
0.8107 1.1337 0.4522 0.0000 1.5493
0.8100 1.1331 0.4532 0.0000 1.5487
0.8080 1.1315 0.4574 0.0000 1.5475
0.8058 1.1292 0.4612 0.0000 1.5456
0.8055 1.1288 0.4617 0.0000 1.5451
0.8043 1.1282 0.4641 0.0000 1.5451
0.8041 1.1284 0.4636 0.0000 1.5451
0.8031 1.1271 0.4657 0.0000 1.5440
0.8033 1.1269 0.4659 0.0000 1.5438
0.8032 1.1268 0.4660 0.0000 1.5435
0.8030 1.1262 0.4665 0.0000 1.5429
0.8003 1.1246 0.4712 0.0000 1.5421
0.7973 1.1215 0.4767 0.0000 1.5399
0.7984 1.1229 0.4735 0.0000 1.5411
0.7986 1.1232 0.4728 0.0000 1.5412
0.7967 1.1206 0.4786 0.0000 1.5396
0.7967 1.1206 0.4786 0.0000 1.5393
0.7967 1.1204 0.4789 0.0000 1.5390
0.7966 1.1203 0.4790 0.0000 1.5387
0.7962 1.1200 0.4795 0.0000 1.5383
0.7959 1.1198 0.4796 0.0000 1.5379
0.7959 1.1202 0.4793 0.0000 1.5380
0.7968 1.1208 0.4783 0.0000 1.5386
