0.8141 1.2129 0.4586 0.0000 1.9881
0.8752 1.3495 0.0000 1.0000 4.5964
0.8816 1.3588 0.0000 1.0000 4.4852
0.8705 1.3425 -0.0000 1.0000 3.7809
0.8759 1.3505 0.0000 1.0000 4.3968
0.8418 1.2753 0.4384 0.0000 2.6860
0.8797 1.3560 nan 1.0000 3.0359
0.8734 1.3466 0.3186 0.0028 2.2421
0.8713 1.3436 -0.0284 0.7954 16.3698
0.8671 1.3373 -0.0000 1.0000 4.6208
0.8686 1.3397 nan 1.0000 5.8163
0.8770 1.3523 -0.0330 0.7630 2.5808
0.8732 1.3465 -0.0220 0.8408 3.9884
0.8690 1.3404 -0.0186 0.8648 1.8762
0.8786 1.3546 -0.0220 0.8406 2.4041
0.8702 1.3421 -0.0482 0.6594 1.4163
0.8684 1.3394 -0.0329 0.7640 2.8180
0.8389 1.2755 0.3999 0.0001 6.5810
0.8337 1.2519 0.4471 0.0000 1.5546
0.8690 1.3404 0.0000 1.0000 13.3176
0.8350 1.2568 0.3756 0.0004 1.3791
0.8631 1.3303 0.0000 1.0000 2.7680
0.8671 1.3373 -0.0187 0.8645 1.9181
0.8552 1.3156 -0.0132 0.9037 4.9247
0.8295 1.2504 0.3940 0.0002 10.7447
0.8392 1.2741 0.4039 0.0001 2.4638
0.8638 1.3316 0.3184 0.0028 3.7666
0.8659 1.3352 0.0000 1.0000 2.1230
0.8626 1.3293 0.0000 1.0000 1.8828
0.8387 1.2671 0.3544 0.0008 1.3830
0.8662 1.3358 -0.0269 0.8056 10.2041
0.8661 1.3355 -0.0191 0.8611 1.8723
0.8601 1.3245 0.3482 0.0010 12.7787
0.8478 1.3016 0.0034 0.9756 2.1657
0.8635 1.3310 -0.0172 0.8751 8.2095
0.8654 1.3344 0.3062 0.0041 2.3440
0.8641 1.3321 -0.0174 0.8735 11.0146
0.8659 1.3352 0.0000 1.0000 12.8805
0.8630 1.3301 0.3703 0.0004 5.6441
0.8625 1.3290 nan 1.0000 7.2960
0.8641 1.3316 0.3625 0.0006 3.0341
0.8697 1.3408 0.3533 0.0008 2.9547
0.8717 1.3442 0.3847 0.0003 2.3937
0.8732 1.3465 -0.0000 1.0000 2.3987
0.8734 1.3468 -0.0554 0.6121 2.9169
0.8544 1.3136 0.3948 0.0002 3.0982
0.8733 1.3466 0.0000 1.0000 11.8552
0.8692 1.3403 0.3983 0.0001 2.8626
0.8590 1.3230 0.3978 0.0001 3.8332
0.8454 1.2897 0.4451 0.0000 4.3681
0.8717 1.3442 -0.0569 0.6026 9.3004
0.8184 1.2373 0.4704 0.0000 2.5755
0.8773 1.3527 nan 1.0000 6.9770
0.8697 1.3413 -0.0621 0.5699 15.6393
0.8682 1.3388 0.3978 0.0001 4.0629
0.8704 1.3424 0.3900 0.0002 6.7518
0.8665 1.3362 -0.0616 0.5729 1.4246
0.8430 1.2810 0.3894 0.0002 1.3610
0.8662 1.3358 -0.0579 0.5964 2.8165
0.8717 1.3443 nan 1.0000 3.5181
0.8628 1.3286 0.4033 0.0001 32.6527
0.8751 1.3494 -0.0576 0.5984 1.4358
0.8253 1.2437 0.4785 0.0000 5.9582
0.8659 1.3348 0.4328 0.0000 15.4702
0.8425 1.2831 0.4859 0.0000 2.2495
0.8416 1.2765 0.4602 0.0000 1.3625
0.8717 1.3442 -0.0582 0.5942 1.4252
0.8337 1.2603 0.5056 0.0000 41.5968
0.8653 1.3343 -0.0570 0.6021 1.4534
0.8658 1.3348 0.4360 0.0000 3.9188
0.8473 1.2896 0.4262 0.0000 1.3990
0.8524 1.3102 0.4287 0.0000 8.6525
0.8489 1.2883 0.3971 0.0002 1.3893
0.8715 1.3436 -0.0035 0.9741 3.9168
0.8701 1.3419 0.0000 1.0000 1.4301
0.8687 1.3399 -0.0731 0.5038 1.4166
0.8562 1.3128 0.4022 0.0001 2.6717
0.8439 1.2858 0.4494 0.0000 2.9470
0.8663 1.3359 nan 1.0000 1.4315
0.8679 1.3386 0.0000 1.0000 1.4148
0.8638 1.3317 0.0000 1.0000 13.0595
0.8441 1.2818 0.3891 0.0002 1.3658
0.8457 1.2883 0.3919 0.0002 1.3969
0.8643 1.3301 0.4442 0.0000 2.3481
0.8507 1.2983 0.3864 0.0002 1.3974
0.8706 1.3427 -0.0631 0.5636 2.5420
0.8710 1.3432 0.0000 1.0000 1.4358
0.8509 1.2950 0.4111 0.0001 2.7277
0.8683 1.3392 -0.0702 0.5210 1.4351
0.8652 1.3334 0.0503 0.6456 21.3732
0.8549 1.2904 0.3493 0.0010 1.3736
0.8692 1.3406 -0.0563 0.6065 1.4334
0.8526 1.3002 0.3829 0.0003 4.7136
0.8715 1.3439 -0.0736 0.5007 2.1760
0.8542 1.3055 0.3816 0.0003 1.4000
0.8722 1.3449 -0.0706 0.5184 1.4388
0.8679 1.3386 nan 1.0000 5.9034
0.8407 1.2586 0.4459 0.0000 10.6966
0.8695 1.3410 -0.0728 0.5052 1.4317
0.8485 1.2781 0.3856 0.0002 1.3578
0.8489 1.2786 0.3873 0.0002 1.3580
0.8679 1.3387 -0.0698 0.5229 41.0065
0.8406 1.2760 0.4162 0.0001 1.3801
0.8637 1.3314 -0.0724 0.5076 27.7255
0.8410 1.2678 0.3894 0.0002 1.3455
0.8414 1.2684 0.3908 0.0002 1.3466
0.8671 1.3373 0.0000 1.0000 36.4545
0.8424 1.2708 0.3886 0.0002 1.3504
0.8410 1.2701 0.3871 0.0002 1.3498
0.8376 1.2680 0.4224 0.0001 53.4861
0.8332 1.2570 0.4433 0.0000 8.4852
0.8395 1.2635 0.3964 0.0002 1.3449
0.8438 1.2808 0.4505 0.0000 1.3509
0.8624 1.3289 -0.0586 0.5918 40.5802
0.8214 1.2340 0.4728 0.0000 2.4876
0.8300 1.2481 0.4328 0.0000 1.3351
0.8290 1.2541 0.4563 0.0000 15.2254
0.8201 1.2300 0.4723 0.0000 2.8143
0.8287 1.2434 0.4384 0.0000 1.3330
0.8289 1.2435 0.4385 0.0000 1.3336
0.8242 1.2335 0.4977 0.0000 54.6171
0.8361 1.2625 0.4677 0.0000 1.3469
0.8221 1.2289 0.4610 0.0000 1.3207
0.8157 1.2258 0.4806 0.0000 5.9796
0.8208 1.2256 0.4613 0.0000 1.3163
0.8327 1.2688 0.4607 0.0000 22.7656
0.8345 1.2572 0.4743 0.0000 3.8750
0.8204 1.2242 0.4618 0.0000 1.3122
0.8212 1.2246 0.4597 0.0000 1.3133
0.8213 1.2240 0.4590 0.0000 1.3136
0.8234 1.2332 0.5062 0.0000 1.3191
0.8177 1.2178 0.4723 0.0000 1.3070
0.8173 1.2193 0.4744 0.0000 1.3077
0.8173 1.2190 0.4699 0.0000 1.3080
0.8137 1.2108 0.5229 0.0000 1.3064
0.8182 1.2206 0.4722 0.0000 1.3084
0.8087 1.2056 0.5174 0.0000 1.3066
0.8163 1.2197 0.4680 0.0000 1.3103
0.8098 1.2026 0.5196 0.0000 3.2278
0.8153 1.2180 0.4601 0.0000 1.3106
0.8153 1.2189 0.4621 0.0000 1.3113
0.8030 1.2010 0.5192 0.0000 1.3034
0.8137 1.2136 0.4610 0.0000 1.3067
0.8019 1.1997 0.5218 0.0000 1.2986
0.8122 1.2143 0.4629 0.0000 1.3060
0.8026 1.2014 0.5150 0.0000 1.3101
0.8054 1.2099 0.5099 0.0000 1.3071
0.8139 1.2204 0.4511 0.0000 1.3105
0.8139 1.2205 0.4514 0.0000 1.3111
0.8120 1.2275 0.4480 0.0000 1.3133
0.8058 1.2098 0.4993 0.0000 6.2743
0.8124 1.2252 0.4626 0.0000 6.7744
0.8043 1.2068 0.5071 0.0000 1.3084
0.8043 1.2066 0.5122 0.0000 1.3097
0.8126 1.2234 0.4457 0.0000 1.3173
0.8150 1.2195 0.4564 0.0000 1.3063
0.8045 1.2030 0.4967 0.0000 1.3099
0.8143 1.2152 0.4563 0.0000 1.3038
0.8149 1.2253 0.4464 0.0000 1.3365
0.8124 1.2217 0.4649 0.0000 15.2496
0.8032 1.1975 0.4919 0.0000 1.3081
0.8127 1.2106 0.4578 0.0000 1.2999
0.8136 1.2123 0.4655 0.0000 1.2976
0.8000 1.1977 0.5261 0.0000 5.5147
0.8121 1.2105 0.4707 0.0000 1.2963
0.8126 1.2101 0.4648 0.0000 1.2960
0.8114 1.2083 0.4752 0.0000 1.2928
0.7927 1.1787 0.5281 0.0000 5.4033
0.8117 1.2101 0.4730 0.0000 1.2947
0.8121 1.2083 0.4790 0.0000 1.2929
0.8100 1.2074 0.4669 0.0000 1.3037
0.8114 1.2121 0.4687 0.0000 1.3352
0.8129 1.2134 0.4622 0.0000 1.3383
0.8122 1.2074 0.4763 0.0000 1.2922
0.8133 1.2167 0.4646 0.0000 1.3396
0.8126 1.2151 0.4628 0.0000 1.3391
0.8023 1.1960 0.4785 0.0000 1.2973
0.8036 1.1918 0.4908 0.0000 1.2823
0.8016 1.1937 0.4795 0.0000 1.2975
0.7865 1.1763 0.5425 0.0000 1.2788
0.7805 1.1630 0.5377 0.0000 1.2820
0.7910 1.1714 0.5075 0.0000 1.2718
0.7902 1.1756 0.4963 0.0000 1.3186
0.7774 1.1564 0.5500 0.0000 1.2760
0.7764 1.1569 0.5494 0.0000 1.2748
0.7968 1.1923 0.4926 0.0000 3.4349
0.7925 1.1811 0.4964 0.0000 1.2951
0.7930 1.1797 0.4972 0.0000 1.3253
0.7945 1.1752 0.5014 0.0000 1.2748
0.7957 1.1819 0.4813 0.0000 1.3264
0.7932 1.1771 0.4903 0.0000 1.3287
0.7765 1.1563 0.5498 0.0000 1.2724
0.7972 1.1783 0.4962 0.0000 1.2792
0.7968 1.1777 0.4981 0.0000 1.2787
0.7964 1.1856 0.4840 0.0000 1.3358
0.7805 1.1603 0.5344 0.0000 1.2771
0.7881 1.1642 0.4985 0.0000 4.2758
0.7970 1.1791 0.4944 0.0000 1.2836
0.8001 1.1925 0.4709 0.0000 1.3380
0.7994 1.1962 0.4727 0.0000 1.3444
0.8011 1.1886 0.4791 0.0000 1.2906
0.7874 1.1750 0.5181 0.0000 1.2944
0.7813 1.1601 0.5334 0.0000 1.2796
0.7986 1.1938 0.4769 0.0000 1.3446
0.8013 1.2000 0.4686 0.0000 1.3422
0.8020 1.1983 0.4645 0.0000 1.3466
0.8011 1.1896 0.4774 0.0000 1.2929
0.8006 1.1998 0.4637 0.0000 1.3505
0.7894 1.1806 0.5168 0.0000 1.2935
0.7889 1.1766 0.5187 0.0000 1.2893
0.7972 1.1976 0.5077 0.0000 2.4770
0.8021 1.2028 0.4535 0.0000 1.3485
0.7876 1.1750 0.5191 0.0000 1.2885
0.7990 1.1947 0.4549 0.0000 1.3143
0.7906 1.1806 0.5063 0.0000 15.4964
0.8049 1.2067 0.4467 0.0000 1.3494
0.8042 1.1938 0.4633 0.0000 1.2964
0.8039 1.1952 0.4616 0.0000 1.2964
0.7978 1.1920 0.4592 0.0000 1.3509
0.7982 1.1936 0.4454 0.0000 1.3176
0.7977 1.1924 0.4430 0.0000 1.3148
0.7999 1.1934 0.4489 0.0000 1.3495
0.7974 1.1902 0.4462 0.0000 1.3103
0.7984 1.1922 0.4450 0.0000 1.3112
0.8039 1.2019 0.4557 0.0000 1.3139
0.7868 1.1734 0.5022 0.0000 1.2961
0.7995 1.1898 0.4648 0.0000 1.3080
0.7998 1.1940 0.4404 0.0000 1.3113
0.8033 1.1862 0.4573 0.0000 1.2925
0.7998 1.1934 0.4402 0.0000 1.3096
0.7828 1.1652 0.4983 0.0000 1.2925
0.7984 1.1920 0.4454 0.0000 1.3055
0.7857 1.1712 0.4874 0.0000 1.2968
0.7972 1.1919 0.4421 0.0000 1.3078
0.7957 1.1894 0.4457 0.0000 1.3051
0.7991 1.1811 0.4652 0.0000 1.2894
0.7975 1.1935 0.4663 0.0000 1.3082
0.7777 1.1657 0.5152 0.0000 1.2834
0.7920 1.1747 0.4775 0.0000 1.2816
0.7942 1.1755 0.4766 0.0000 1.2808
0.7942 1.1749 0.4751 0.0000 1.2807
0.8011 1.1849 0.4611 0.0000 1.2843
0.7989 1.1806 0.4623 0.0000 1.2831
0.7982 1.1806 0.4643 0.0000 1.2825
0.7989 1.1808 0.4600 0.0000 1.2833
0.7978 1.1796 0.4640 0.0000 1.2826
0.7999 1.1823 0.4595 0.0000 1.2848
0.7996 1.1829 0.4612 0.0000 1.2855
0.7983 1.1811 0.4622 0.0000 1.2855
0.7976 1.1789 0.4600 0.0000 1.2848
0.7997 1.1946 0.4587 0.0000 1.3075
0.7969 1.1781 0.4631 0.0000 1.2826
0.7975 1.1791 0.4607 0.0000 1.2842
0.7942 1.1882 0.4407 0.0000 1.2999
0.7933 1.1877 0.4429 0.0000 1.3012
0.7909 1.1847 0.4546 0.0000 1.2991
0.7928 1.1864 0.4426 0.0000 1.3005
0.7915 1.1841 0.4441 0.0000 1.2985
0.7915 1.1846 0.4423 0.0000 1.2993
0.7909 1.1840 0.4448 0.0000 1.2993
0.7911 1.1867 0.4421 0.0000 1.2994
0.7900 1.1856 0.4472 0.0000 1.2989
0.7897 1.1846 0.4484 0.0000 1.2985
0.7904 1.1846 0.4532 0.0000 1.2996
0.7901 1.1820 0.4537 0.0000 1.3001
0.7921 1.1741 0.4698 0.0000 1.2841
0.7851 1.1753 0.4664 0.0000 1.2998
0.7879 1.1803 0.4626 0.0000 1.3024
0.7914 1.1833 0.4519 0.0000 1.3010
0.7863 1.1776 0.4728 0.0000 1.2962
0.7924 1.1743 0.4726 0.0000 1.2809
0.7912 1.1718 0.4773 0.0000 1.2789
0.7791 1.1653 0.5189 0.0000 1.2804
0.7915 1.1710 0.4705 0.0000 1.2779
0.7850 1.1676 0.4895 0.0000 1.2899
0.7904 1.1787 0.4477 0.0000 1.2957
0.7924 1.1712 0.4655 0.0000 1.2798
0.7913 1.1709 0.4715 0.0000 1.2770
0.7874 1.1817 0.5223 0.0000 1.2883
0.7916 1.1714 0.4714 0.0000 1.2776
0.7777 1.1589 0.5068 0.0000 1.2801
0.7889 1.1793 0.4539 0.0000 1.2977
0.7902 1.1721 0.4695 0.0000 1.2807
0.7893 1.1701 0.4686 0.0000 1.2784
0.7929 1.1761 0.4538 0.0000 1.2809
0.7921 1.1758 0.4522 0.0000 1.2824
0.7936 1.1798 0.4358 0.0000 1.2846
0.7914 1.1781 0.4409 0.0000 1.2843
0.7907 1.1768 0.4476 0.0000 1.2825
0.7923 1.1771 0.4433 0.0000 1.2832
0.7919 1.1763 0.4458 0.0000 1.2840
0.7917 1.1757 0.4435 0.0000 1.2824
0.7937 1.1805 0.4342 0.0000 1.2872
0.7936 1.1791 0.4338 0.0000 1.2845
0.7940 1.1797 0.4372 0.0000 1.2863
0.7963 1.1825 0.4270 0.0000 1.2900
0.7949 1.1808 0.4303 0.0000 1.2880
0.7946 1.1773 0.4370 0.0000 1.2830
0.7942 1.1769 0.4368 0.0000 1.2833
0.7957 1.1790 0.4292 0.0000 1.2832
0.7926 1.1747 0.4406 0.0000 1.2777
0.7925 1.1761 0.4410 0.0000 1.2803
0.7946 1.1786 0.4352 0.0000 1.2838
0.7936 1.1766 0.4385 0.0000 1.2802
0.7960 1.1803 0.4380 0.0000 1.2825
0.7909 1.1770 0.4490 0.0000 1.2945
0.7796 1.1619 0.4946 0.0000 1.2801
0.7914 1.1753 0.4416 0.0000 1.2812
0.7922 1.1752 0.4423 0.0000 1.2797
0.7923 1.1756 0.4406 0.0000 1.2796
0.7930 1.1760 0.4373 0.0000 1.2796
0.7916 1.1739 0.4448 0.0000 1.2779
0.7907 1.1721 0.4478 0.0000 1.2759
0.7923 1.1747 0.4352 0.0000 1.2798
0.7795 1.1595 0.4841 0.0000 1.2785
0.7900 1.1715 0.4447 0.0000 1.2766
0.7894 1.1712 0.4466 0.0000 1.2763
0.7911 1.1727 0.4429 0.0000 1.2783
0.7923 1.1741 0.4391 0.0000 1.2788
0.7906 1.1715 0.4437 0.0000 1.2764
0.7967 1.1826 0.4350 0.0000 1.2885
0.7918 1.1724 0.4468 0.0000 1.2769
0.7934 1.1745 0.4390 0.0000 1.2780
0.7973 1.1834 0.4298 0.0000 1.2882
0.7848 1.1628 0.4550 0.0000 1.2732
0.7861 1.1657 0.4480 0.0000 1.2753
0.7691 1.1493 0.4951 0.0000 1.2758
0.7818 1.1597 0.4633 0.0000 1.2699
0.7747 1.1544 0.4778 0.0000 1.2810
0.7721 1.1515 0.4813 0.0000 1.2780
0.7736 1.1527 0.4839 0.0000 1.2787
0.7848 1.1625 0.4510 0.0000 1.2713
0.7866 1.1650 0.4447 0.0000 1.2738
0.7726 1.1524 0.4847 0.0000 1.2794
0.7860 1.1651 0.4456 0.0000 1.2734
0.7885 1.1688 0.4360 0.0000 1.2775
0.7857 1.1646 0.4453 0.0000 1.2737
0.7848 1.1636 0.4513 0.0000 1.2723
0.7868 1.1663 0.4406 0.0000 1.2746
0.7855 1.1634 0.4472 0.0000 1.2718
0.7832 1.1615 0.4548 0.0000 1.2703
0.7855 1.1641 0.4454 0.0000 1.2721
0.7840 1.1620 0.4510 0.0000 1.2683
0.7863 1.1651 0.4478 0.0000 1.2729
0.7846 1.1640 0.4482 0.0000 1.2723
0.7864 1.1663 0.4467 0.0000 1.2734
0.7892 1.1696 0.4380 0.0000 1.2776
0.7841 1.1640 0.4450 0.0000 1.2719
0.7838 1.1637 0.4509 0.0000 1.2712
0.7826 1.1626 0.4458 0.0000 1.2748
0.7691 1.1523 0.4775 0.0000 1.2813
0.7838 1.1659 0.4379 0.0000 1.2779
0.7823 1.1636 0.4434 0.0000 1.2748
0.7819 1.1627 0.4455 0.0000 1.2751
0.7803 1.1600 0.4520 0.0000 1.2736
0.7836 1.1648 0.4400 0.0000 1.2778
0.7800 1.1599 0.4544 0.0000 1.2716
0.7837 1.1649 0.4406 0.0000 1.2780
0.7796 1.1591 0.4534 0.0000 1.2725
0.7747 1.1575 0.4656 0.0000 1.2862
0.7763 1.1569 0.4550 0.0000 1.2716
0.7839 1.1648 0.4426 0.0000 1.2747
0.7808 1.1614 0.4536 0.0000 1.2698
0.7895 1.1764 0.4231 0.0000 1.2968
0.7839 1.1649 0.4407 0.0000 1.2734
0.7855 1.1654 0.4466 0.0000 1.2715
0.7835 1.1657 0.4510 0.0000 1.2865
0.7879 1.1696 0.4375 0.0000 1.2760
0.7901 1.1713 0.4407 0.0000 1.2772
0.7879 1.1691 0.4461 0.0000 1.2735
0.7900 1.1720 0.4357 0.0000 1.2770
0.7963 1.1839 0.4191 0.0001 1.2980
0.7881 1.1701 0.4473 0.0000 1.2760
0.7871 1.1695 0.4497 0.0000 1.2732
0.7877 1.1692 0.4453 0.0000 1.2729
0.7910 1.1746 0.4353 0.0000 1.2786
0.7908 1.1755 0.4356 0.0000 1.2817
0.7881 1.1715 0.4388 0.0000 1.2745
0.7871 1.1696 0.4402 0.0000 1.2732
0.7862 1.1681 0.4464 0.0000 1.2735
0.7854 1.1673 0.4499 0.0000 1.2733
0.7911 1.1762 0.4220 0.0001 1.2800
0.7896 1.1739 0.4294 0.0000 1.2793
0.7812 1.1657 0.4618 0.0000 1.2921
0.7887 1.1726 0.4321 0.0000 1.2780
0.7923 1.1783 0.4183 0.0001 1.2822
0.7915 1.1777 0.4279 0.0000 1.2827
0.7900 1.1756 0.4273 0.0000 1.2808
0.7911 1.1768 0.4243 0.0000 1.2807
0.7916 1.1776 0.4253 0.0000 1.2809
0.7865 1.1695 0.4453 0.0000 1.2729
0.7862 1.1696 0.4426 0.0000 1.2722
0.7867 1.1701 0.4408 0.0000 1.2754
0.7849 1.1678 0.4443 0.0000 1.2726
0.7881 1.1731 0.4299 0.0000 1.2819
0.7864 1.1721 0.4295 0.0000 1.2788
0.7906 1.1826 0.4200 0.0001 1.2981
0.7895 1.1802 0.4230 0.0000 1.2976
0.7881 1.1753 0.4272 0.0000 1.2808
0.7848 1.1707 0.4386 0.0000 1.2755
0.7896 1.1782 0.4256 0.0000 1.2840
0.7888 1.1748 0.4383 0.0000 1.2807
0.7888 1.1753 0.4320 0.0000 1.2805
0.7886 1.1747 0.4324 0.0000 1.2813
0.7859 1.1716 0.4333 0.0000 1.2753
0.7880 1.1739 0.4332 0.0000 1.2787
0.7878 1.1726 0.4389 0.0000 1.2799
0.7872 1.1723 0.4344 0.0000 1.2760
0.7866 1.1705 0.4347 0.0000 1.2739
0.7891 1.1730 0.4312 0.0000 1.2775
0.7851 1.1681 0.4413 0.0000 1.2710
0.7861 1.1700 0.4346 0.0000 1.2730
0.7908 1.1783 0.4327 0.0000 1.2957
0.7877 1.1705 0.4343 0.0000 1.2759
0.7832 1.1622 0.4518 0.0000 1.2687
0.7857 1.1658 0.4435 0.0000 1.2722
0.7854 1.1648 0.4479 0.0000 1.2727
0.7858 1.1661 0.4502 0.0000 1.2752
0.7851 1.1653 0.4480 0.0000 1.2718
0.7833 1.1631 0.4564 0.0000 1.2701
0.7858 1.1672 0.4463 0.0000 1.2751
0.7875 1.1688 0.4421 0.0000 1.2745
0.7854 1.1658 0.4478 0.0000 1.2721
0.7888 1.1701 0.4381 0.0000 1.2788
0.7813 1.1602 0.4625 0.0000 1.2697
0.7882 1.1695 0.4411 0.0000 1.2772
0.7866 1.1681 0.4408 0.0000 1.2744
0.7878 1.1700 0.4372 0.0000 1.2769
0.7876 1.1696 0.4436 0.0000 1.2809
0.7828 1.1636 0.4559 0.0000 1.2707
0.7839 1.1640 0.4494 0.0000 1.2739
0.7846 1.1663 0.4465 0.0000 1.2785
0.7855 1.1670 0.4394 0.0000 1.2783
0.7867 1.1711 0.4426 0.0000 1.2935
0.7825 1.1630 0.4495 0.0000 1.2786
0.7838 1.1626 0.4536 0.0000 1.2734
0.7870 1.1676 0.4397 0.0000 1.2792
0.7855 1.1649 0.4527 0.0000 1.2808
0.7875 1.1705 0.4436 0.0000 1.2931
0.7891 1.1727 0.4375 0.0000 1.2956
0.7867 1.1662 0.4475 0.0000 1.2785
0.7881 1.1686 0.4422 0.0000 1.2830
0.7884 1.1685 0.4390 0.0000 1.2821
0.7873 1.1672 0.4388 0.0000 1.2805
0.7844 1.1623 0.4488 0.0000 1.2732
0.7855 1.1640 0.4438 0.0000 1.2755
0.7856 1.1632 0.4483 0.0000 1.2844
0.7838 1.1621 0.4472 0.0000 1.2757
0.7875 1.1669 0.4382 0.0000 1.2789
0.7887 1.1669 0.4411 0.0000 1.2805
0.7890 1.1675 0.4343 0.0000 1.2798
