0.7942 1.1683 0.4066 0.0001 1.3318
0.7992 1.1759 0.4009 0.0001 1.3359
0.7987 1.1768 0.3990 0.0001 1.3378
0.8025 1.1802 0.3992 0.0001 1.3472
0.8056 1.1862 0.3915 0.0002 1.3436
0.8045 1.1863 0.3910 0.0002 1.3439
0.8056 1.1888 0.3859 0.0002 1.3473
0.7974 1.1802 0.4060 0.0001 1.3427
0.7971 1.1786 0.4087 0.0001 1.3432
0.8066 1.1773 0.3829 0.0003 1.3433
0.8012 1.1688 0.3934 0.0002 1.3365
0.8005 1.1701 0.3923 0.0002 1.3361
0.8012 1.1702 0.3981 0.0001 1.3360
0.8022 1.1652 0.4075 0.0001 1.3309
0.8029 1.1651 0.4073 0.0001 1.3301
0.8025 1.1589 0.4103 0.0001 1.3280
0.8146 1.1585 0.4160 0.0001 1.3441
0.8164 1.1590 0.4167 0.0001 1.3446
0.8244 1.1649 0.4141 0.0001 1.3496
0.8223 1.1638 0.4173 0.0001 1.3493
0.8160 1.1582 0.4223 0.0001 1.3417
0.8173 1.1633 0.4107 0.0001 1.3338
0.8197 1.1653 0.4090 0.0001 1.3346
0.8208 1.1659 0.4092 0.0001 1.3347
0.8221 1.1666 0.4087 0.0001 1.3353
0.8249 1.1684 0.4077 0.0001 1.3375
0.8329 1.1715 0.4020 0.0001 1.3432
0.8286 1.1650 0.4152 0.0001 1.3424
0.8217 1.1558 0.4336 0.0000 1.3382
0.8206 1.1540 0.4363 0.0000 1.3385
0.8222 1.1553 0.4350 0.0000 1.3402
0.8209 1.1526 0.4401 0.0000 1.3396
0.8280 1.1660 0.4147 0.0001 1.3389
0.8306 1.1685 0.4121 0.0001 1.3453
0.8280 1.1652 0.4197 0.0001 1.3455
0.8271 1.1641 0.4219 0.0001 1.3460
0.8279 1.1671 0.4109 0.0001 1.3431
0.8167 1.1587 0.4233 0.0000 1.3359
0.8158 1.1605 0.4352 0.0000 1.3294
0.8141 1.1607 0.4375 0.0000 1.3311
0.7913 1.1344 0.4679 0.0000 1.3219
0.7817 1.1283 0.4741 0.0000 1.3144
0.7829 1.1280 0.4696 0.0000 1.3071
0.7842 1.1305 0.4659 0.0000 1.3113
0.7872 1.1319 0.4618 0.0000 1.3123
0.7870 1.1316 0.4623 0.0000 1.3120
0.7876 1.1325 0.4611 0.0000 1.3128
0.7875 1.1321 0.4618 0.0000 1.3131
0.7880 1.1327 0.4611 0.0000 1.3140
0.7872 1.1317 0.4639 0.0000 1.3104
0.7837 1.1275 0.4704 0.0000 1.3073
0.7847 1.1327 0.4653 0.0000 1.3099
0.7848 1.1327 0.4634 0.0000 1.3104
0.7838 1.1320 0.4635 0.0000 1.3087
0.7792 1.1292 0.4720 0.0000 1.3025
0.7794 1.1289 0.4723 0.0000 1.3023
0.7792 1.1297 0.4638 0.0000 1.3022
0.7792 1.1302 0.4631 0.0000 1.3029
0.7817 1.1350 0.4560 0.0000 1.3047
0.7817 1.1352 0.4571 0.0000 1.3045
0.7819 1.1357 0.4559 0.0000 1.3041
0.7818 1.1357 0.4560 0.0000 1.3042
0.7821 1.1361 0.4512 0.0000 1.3042
0.7828 1.1380 0.4479 0.0000 1.3062
0.7820 1.1398 0.4464 0.0000 1.3069
0.7815 1.1396 0.4478 0.0000 1.3069
0.7821 1.1407 0.4465 0.0000 1.3072
0.7806 1.1381 0.4509 0.0000 1.3056
0.7769 1.1397 0.4486 0.0000 1.3022
0.7768 1.1398 0.4486 0.0000 1.3024
0.7759 1.1373 0.4485 0.0000 1.3003
0.7757 1.1370 0.4490 0.0000 1.3003
0.7765 1.1392 0.4468 0.0000 1.3023
0.7778 1.1402 0.4480 0.0000 1.3004
0.7748 1.1354 0.4509 0.0000 1.2977
0.7755 1.1355 0.4509 0.0000 1.2977
0.7746 1.1345 0.4521 0.0000 1.2971
0.7760 1.1313 0.4553 0.0000 1.2956
0.7752 1.1307 0.4560 0.0000 1.2952
0.7747 1.1298 0.4569 0.0000 1.2946
0.7743 1.1293 0.4576 0.0000 1.2943
0.7801 1.1366 0.4438 0.0000 1.2963
0.7798 1.1365 0.4440 0.0000 1.2961
0.7804 1.1415 0.4488 0.0000 1.2980
0.7808 1.1418 0.4478 0.0000 1.2980
0.7806 1.1424 0.4458 0.0000 1.2982
0.7816 1.1436 0.4411 0.0000 1.2993
0.7812 1.1406 0.4416 0.0000 1.2983
0.7811 1.1412 0.4423 0.0000 1.2984
0.7899 1.1391 0.4431 0.0000 1.2986
0.7902 1.1398 0.4421 0.0000 1.2987
0.7901 1.1418 0.4411 0.0000 1.2994
0.7901 1.1432 0.4393 0.0000 1.2995
0.7894 1.1435 0.4390 0.0000 1.2998
0.7893 1.1434 0.4389 0.0000 1.2996
0.7884 1.1428 0.4401 0.0000 1.2989
0.7887 1.1438 0.4391 0.0000 1.2993
0.7874 1.1429 0.4428 0.0000 1.2979
0.7873 1.1416 0.4448 0.0000 1.2971
0.7860 1.1424 0.4440 0.0000 1.2975
0.7843 1.1367 0.4565 0.0000 1.2940
0.7837 1.1365 0.4569 0.0000 1.2938
0.7834 1.1345 0.4627 0.0000 1.2924
0.7832 1.1345 0.4626 0.0000 1.2922
0.7810 1.1318 0.4671 0.0000 1.2903
0.7815 1.1307 0.4687 0.0000 1.2890
0.7808 1.1300 0.4697 0.0000 1.2885
0.7802 1.1298 0.4702 0.0000 1.2882
0.7821 1.1323 0.4655 0.0000 1.2904
0.7820 1.1346 0.4623 0.0000 1.2910
0.7815 1.1347 0.4596 0.0000 1.2924
0.7798 1.1323 0.4618 0.0000 1.2909
0.7809 1.1352 0.4606 0.0000 1.2915
0.7803 1.1350 0.4601 0.0000 1.2913
0.7837 1.1417 0.4502 0.0000 1.2947
0.7832 1.1415 0.4505 0.0000 1.2945
0.7800 1.1405 0.4527 0.0000 1.2938
0.7817 1.1437 0.4495 0.0000 1.2956
0.7817 1.1439 0.4471 0.0000 1.2956
0.7668 1.1215 0.4676 0.0000 1.2831
0.7719 1.1263 0.4620 0.0000 1.2860
0.7636 1.1188 0.4786 0.0000 1.2781
0.7640 1.1194 0.4777 0.0000 1.2783
0.7632 1.1187 0.4782 0.0000 1.2773
0.7571 1.1098 0.4982 0.0000 1.2711
0.7617 1.1196 0.4920 0.0000 1.2722
0.7614 1.1187 0.4933 0.0000 1.2715
0.7609 1.1196 0.4916 0.0000 1.2732
0.7604 1.1187 0.4935 0.0000 1.2720
0.7592 1.1162 0.4981 0.0000 1.2710
0.7608 1.1171 0.4973 0.0000 1.2711
0.7605 1.1169 0.4977 0.0000 1.2708
0.7603 1.1166 0.4980 0.0000 1.2705
0.7586 1.1173 0.4966 0.0000 1.2709
0.7587 1.1182 0.4954 0.0000 1.2710
0.7605 1.1195 0.4959 0.0000 1.2719
0.7605 1.1210 0.4965 0.0000 1.2731
0.7601 1.1207 0.4971 0.0000 1.2727
0.7611 1.1220 0.4961 0.0000 1.2734
0.7579 1.1176 0.5033 0.0000 1.2704
0.7603 1.1223 0.5014 0.0000 1.2732
0.7601 1.1224 0.5014 0.0000 1.2731
0.7623 1.1244 0.4955 0.0000 1.2745
0.7661 1.1273 0.4955 0.0000 1.2770
0.7692 1.1297 0.4921 0.0000 1.2792
0.7687 1.1275 0.4983 0.0000 1.2774
0.7690 1.1285 0.4976 0.0000 1.2782
0.7690 1.1287 0.4977 0.0000 1.2783
0.7679 1.1299 0.4963 0.0000 1.2804
0.7711 1.1358 0.4826 0.0000 1.2867
0.7731 1.1360 0.4808 0.0000 1.2881
0.7729 1.1357 0.4818 0.0000 1.2878
0.7765 1.1438 0.4683 0.0000 1.2933
0.7759 1.1387 0.4636 0.0000 1.2910
0.7728 1.1403 0.4714 0.0000 1.2934
0.7712 1.1400 0.4727 0.0000 1.2932
0.7715 1.1368 0.4743 0.0000 1.2907
0.7653 1.1270 0.4935 0.0000 1.2838
0.7651 1.1266 0.4949 0.0000 1.2837
0.7643 1.1245 0.4978 0.0000 1.2826
0.7625 1.1241 0.4992 0.0000 1.2824
0.7618 1.1255 0.4996 0.0000 1.2824
0.7626 1.1273 0.4944 0.0000 1.2838
0.7627 1.1274 0.4947 0.0000 1.2837
0.7623 1.1270 0.4958 0.0000 1.2831
0.7659 1.1294 0.4888 0.0000 1.2853
0.7571 1.1168 0.5109 0.0000 1.2764
0.7556 1.1154 0.5134 0.0000 1.2753
0.7562 1.1164 0.5115 0.0000 1.2754
0.7565 1.1164 0.5112 0.0000 1.2755
0.7560 1.1176 0.5106 0.0000 1.2760
0.7586 1.1219 0.5039 0.0000 1.2797
0.7579 1.1212 0.5057 0.0000 1.2790
0.7600 1.1237 0.5014 0.0000 1.2814
0.7581 1.1213 0.5062 0.0000 1.2796
0.7575 1.1202 0.5081 0.0000 1.2788
0.7589 1.1203 0.5062 0.0000 1.2786
0.7589 1.1207 0.5060 0.0000 1.2787
0.7584 1.1211 0.5101 0.0000 1.2776
0.7602 1.1232 0.5042 0.0000 1.2796
0.7598 1.1231 0.5048 0.0000 1.2794
0.7576 1.1192 0.5056 0.0000 1.2775
0.7576 1.1195 0.5064 0.0000 1.2774
0.7545 1.1173 0.5072 0.0000 1.2756
0.7534 1.1164 0.5113 0.0000 1.2753
0.7543 1.1184 0.5072 0.0000 1.2746
0.7512 1.1142 0.5166 0.0000 1.2702
0.7531 1.1149 0.5087 0.0000 1.2717
0.7533 1.1158 0.5078 0.0000 1.2721
0.7538 1.1168 0.5059 0.0000 1.2725
0.7534 1.1160 0.5075 0.0000 1.2718
0.7534 1.1152 0.5075 0.0000 1.2712
0.7509 1.1104 0.5184 0.0000 1.2689
0.7526 1.1166 0.5100 0.0000 1.2733
0.7528 1.1170 0.5094 0.0000 1.2736
0.7573 1.1239 0.4961 0.0000 1.2786
0.7571 1.1233 0.4968 0.0000 1.2771
0.7570 1.1235 0.4966 0.0000 1.2771
0.7574 1.1242 0.4939 0.0000 1.2777
0.7576 1.1244 0.4934 0.0000 1.2776
0.7586 1.1276 0.4860 0.0000 1.2793
0.7605 1.1241 0.4891 0.0000 1.2778
0.7602 1.1239 0.4897 0.0000 1.2776
0.7610 1.1243 0.4820 0.0000 1.2793
0.7627 1.1271 0.4776 0.0000 1.2822
0.7629 1.1247 0.4800 0.0000 1.2813
0.7629 1.1247 0.4801 0.0000 1.2811
0.7628 1.1245 0.4806 0.0000 1.2806
0.7626 1.1240 0.4813 0.0000 1.2803
0.7614 1.1204 0.4913 0.0000 1.2778
0.7602 1.1183 0.4940 0.0000 1.2765
0.7610 1.1195 0.4916 0.0000 1.2767
0.7595 1.1175 0.4952 0.0000 1.2755
0.7593 1.1173 0.4958 0.0000 1.2754
0.7597 1.1186 0.4942 0.0000 1.2763
0.7605 1.1197 0.4921 0.0000 1.2764
0.7604 1.1196 0.4940 0.0000 1.2759
0.7611 1.1197 0.4899 0.0000 1.2749
0.7636 1.1242 0.4824 0.0000 1.2783
0.7638 1.1246 0.4816 0.0000 1.2786
0.7634 1.1241 0.4826 0.0000 1.2783
0.7633 1.1240 0.4829 0.0000 1.2781
0.7630 1.1238 0.4838 0.0000 1.2781
0.7629 1.1237 0.4840 0.0000 1.2780
0.7642 1.1241 0.4844 0.0000 1.2782
0.7645 1.1239 0.4846 0.0000 1.2784
0.7645 1.1244 0.4841 0.0000 1.2786
0.7636 1.1208 0.4874 0.0000 1.2759
0.7635 1.1206 0.4876 0.0000 1.2757
0.7668 1.1241 0.4830 0.0000 1.2791
0.7668 1.1243 0.4828 0.0000 1.2792
0.7667 1.1242 0.4831 0.0000 1.2791
0.7661 1.1234 0.4846 0.0000 1.2786
0.7672 1.1225 0.4847 0.0000 1.2785
0.7690 1.1248 0.4799 0.0000 1.2797
0.7674 1.1219 0.4860 0.0000 1.2776
0.7673 1.1227 0.4853 0.0000 1.2778
0.7680 1.1234 0.4837 0.0000 1.2782
0.7693 1.1245 0.4822 0.0000 1.2790
0.7694 1.1248 0.4816 0.0000 1.2793
0.7694 1.1244 0.4822 0.0000 1.2790
0.7697 1.1247 0.4815 0.0000 1.2792
0.7706 1.1258 0.4796 0.0000 1.2797
0.7714 1.1262 0.4787 0.0000 1.2801
0.7731 1.1281 0.4754 0.0000 1.2816
0.7682 1.1194 0.4902 0.0000 1.2764
0.7728 1.1270 0.4835 0.0000 1.2820
0.7724 1.1244 0.4874 0.0000 1.2805
0.7731 1.1259 0.4840 0.0000 1.2814
0.7718 1.1233 0.4872 0.0000 1.2801
0.7741 1.1264 0.4838 0.0000 1.2828
0.7743 1.1262 0.4842 0.0000 1.2821
0.7744 1.1263 0.4842 0.0000 1.2821
0.7758 1.1289 0.4807 0.0000 1.2842
0.7758 1.1285 0.4808 0.0000 1.2841
0.7729 1.1218 0.4791 0.0000 1.2808
0.7728 1.1217 0.4792 0.0000 1.2806
0.7723 1.1220 0.4831 0.0000 1.2798
0.7726 1.1222 0.4833 0.0000 1.2799
0.7727 1.1221 0.4831 0.0000 1.2798
0.7722 1.1213 0.4844 0.0000 1.2789
0.7712 1.1210 0.4858 0.0000 1.2781
0.7710 1.1209 0.4865 0.0000 1.2780
0.7717 1.1233 0.4827 0.0000 1.2797
0.7716 1.1233 0.4828 0.0000 1.2796
0.7715 1.1233 0.4829 0.0000 1.2795
0.7714 1.1237 0.4823 0.0000 1.2796
0.7709 1.1216 0.4845 0.0000 1.2779
0.7704 1.1213 0.4852 0.0000 1.2776
0.7687 1.1186 0.4885 0.0000 1.2755
0.7685 1.1186 0.4892 0.0000 1.2755
0.7684 1.1177 0.4907 0.0000 1.2749
0.7758 1.1216 0.4794 0.0000 1.2771
0.7756 1.1216 0.4797 0.0000 1.2769
0.7756 1.1217 0.4797 0.0000 1.2768
0.7755 1.1216 0.4800 0.0000 1.2766
0.7752 1.1197 0.4810 0.0000 1.2752
0.7752 1.1199 0.4809 0.0000 1.2753
0.7750 1.1199 0.4811 0.0000 1.2751
0.7756 1.1215 0.4784 0.0000 1.2760
0.7756 1.1214 0.4788 0.0000 1.2759
0.7755 1.1214 0.4789 0.0000 1.2759
0.7752 1.1215 0.4775 0.0000 1.2758
0.7731 1.1174 0.4841 0.0000 1.2732
0.7733 1.1177 0.4835 0.0000 1.2733
0.7732 1.1178 0.4840 0.0000 1.2733
0.7738 1.1183 0.4838 0.0000 1.2739
0.7737 1.1176 0.4847 0.0000 1.2730
0.7751 1.1201 0.4783 0.0000 1.2756
0.7750 1.1208 0.4772 0.0000 1.2756
0.7747 1.1203 0.4763 0.0000 1.2750
0.7746 1.1204 0.4764 0.0000 1.2749
0.7745 1.1204 0.4765 0.0000 1.2748
0.7748 1.1203 0.4768 0.0000 1.2748
0.7748 1.1205 0.4766 0.0000 1.2750
0.7744 1.1201 0.4746 0.0000 1.2756
0.7754 1.1219 0.4714 0.0000 1.2767
0.7745 1.1203 0.4791 0.0000 1.2745
0.7741 1.1195 0.4808 0.0000 1.2742
0.7740 1.1195 0.4810 0.0000 1.2741
0.7776 1.1239 0.4734 0.0000 1.2775
0.7782 1.1239 0.4700 0.0000 1.2733
0.7783 1.1239 0.4704 0.0000 1.2729
0.7786 1.1241 0.4695 0.0000 1.2733
0.7788 1.1177 0.4774 0.0000 1.2693
0.7790 1.1189 0.4760 0.0000 1.2701
0.7787 1.1205 0.4741 0.0000 1.2712
0.7782 1.1208 0.4739 0.0000 1.2712
0.7788 1.1205 0.4754 0.0000 1.2713
0.7788 1.1206 0.4750 0.0000 1.2713
0.7778 1.1188 0.4784 0.0000 1.2708
0.7776 1.1188 0.4784 0.0000 1.2706
0.7776 1.1188 0.4784 0.0000 1.2705
0.7779 1.1185 0.4785 0.0000 1.2703
0.7774 1.1178 0.4792 0.0000 1.2696
0.7773 1.1175 0.4796 0.0000 1.2695
0.7774 1.1191 0.4775 0.0000 1.2705
0.7773 1.1192 0.4775 0.0000 1.2704
0.7773 1.1192 0.4775 0.0000 1.2703
0.7781 1.1192 0.4773 0.0000 1.2701
0.7785 1.1195 0.4767 0.0000 1.2703
0.7780 1.1191 0.4775 0.0000 1.2698
0.7742 1.1182 0.4791 0.0000 1.2695
0.7754 1.1184 0.4785 0.0000 1.2697
0.7748 1.1174 0.4787 0.0000 1.2695
0.7747 1.1173 0.4792 0.0000 1.2691
0.7743 1.1170 0.4796 0.0000 1.2688
0.7741 1.1179 0.4780 0.0000 1.2693
0.7743 1.1185 0.4768 0.0000 1.2696
0.7739 1.1183 0.4779 0.0000 1.2692
0.7738 1.1179 0.4783 0.0000 1.2687
0.7738 1.1179 0.4783 0.0000 1.2686
0.7736 1.1178 0.4784 0.0000 1.2684
0.7735 1.1183 0.4778 0.0000 1.2687
0.7744 1.1193 0.4764 0.0000 1.2695
0.7749 1.1203 0.4741 0.0000 1.2699
0.7749 1.1207 0.4734 0.0000 1.2702
0.7747 1.1204 0.4739 0.0000 1.2700
0.7747 1.1210 0.4731 0.0000 1.2704
0.7755 1.1214 0.4727 0.0000 1.2718
0.7760 1.1207 0.4725 0.0000 1.2714
0.7766 1.1201 0.4731 0.0000 1.2712
0.7771 1.1210 0.4725 0.0000 1.2718
0.7770 1.1207 0.4740 0.0000 1.2719
0.7782 1.1214 0.4734 0.0000 1.2728
0.7790 1.1225 0.4721 0.0000 1.2737
0.7784 1.1217 0.4742 0.0000 1.2733
0.7788 1.1229 0.4714 0.0000 1.2739
0.7795 1.1229 0.4717 0.0000 1.2742
0.7792 1.1224 0.4721 0.0000 1.2738
0.7788 1.1222 0.4724 0.0000 1.2737
0.7786 1.1224 0.4720 0.0000 1.2737
0.7783 1.1223 0.4725 0.0000 1.2738
0.7775 1.1215 0.4729 0.0000 1.2725
0.7759 1.1199 0.4751 0.0000 1.2713
0.7758 1.1199 0.4749 0.0000 1.2713
0.7771 1.1215 0.4706 0.0000 1.2724
0.7778 1.1221 0.4697 0.0000 1.2725
0.7778 1.1219 0.4701 0.0000 1.2723
0.7771 1.1193 0.4740 0.0000 1.2707
0.7767 1.1182 0.4754 0.0000 1.2697
0.7765 1.1181 0.4756 0.0000 1.2697
0.7759 1.1176 0.4766 0.0000 1.2692
0.7747 1.1163 0.4800 0.0000 1.2690
0.7750 1.1174 0.4781 0.0000 1.2696
0.7735 1.1116 0.4883 0.0000 1.2678
0.7733 1.1113 0.4888 0.0000 1.2677
0.7739 1.1113 0.4886 0.0000 1.2677
0.7734 1.1102 0.4900 0.0000 1.2669
0.7741 1.1115 0.4871 0.0000 1.2689
0.7740 1.1114 0.4874 0.0000 1.2687
0.7735 1.1110 0.4882 0.0000 1.2682
0.7745 1.1128 0.4848 0.0000 1.2687
0.7741 1.1123 0.4852 0.0000 1.2685
0.7736 1.1120 0.4858 0.0000 1.2682
0.7736 1.1124 0.4852 0.0000 1.2686
0.7751 1.1140 0.4827 0.0000 1.2697
0.7747 1.1140 0.4828 0.0000 1.2695
0.7751 1.1149 0.4813 0.0000 1.2700
0.7752 1.1156 0.4800 0.0000 1.2708
0.7751 1.1154 0.4801 0.0000 1.2706
0.7752 1.1153 0.4803 0.0000 1.2703
0.7789 1.1135 0.4802 0.0000 1.2691
0.7783 1.1129 0.4834 0.0000 1.2709
0.7782 1.1135 0.4829 0.0000 1.2714
0.7795 1.1098 0.4887 0.0000 1.2693
0.7821 1.1105 0.4835 0.0000 1.2684
0.7826 1.1115 0.4819 0.0000 1.2688
0.7821 1.1109 0.4829 0.0000 1.2684
0.7816 1.1108 0.4830 0.0000 1.2680
0.7815 1.1107 0.4830 0.0000 1.2679
0.7805 1.1101 0.4851 0.0000 1.2680
0.7810 1.1107 0.4845 0.0000 1.2683
0.7806 1.1103 0.4852 0.0000 1.2679
0.7809 1.1100 0.4856 0.0000 1.2677
0.7791 1.1099 0.4857 0.0000 1.2677
0.7789 1.1106 0.4851 0.0000 1.2681
0.7776 1.1105 0.4857 0.0000 1.2678
0.7776 1.1105 0.4856 0.0000 1.2676
0.7788 1.1113 0.4848 0.0000 1.2687
0.7790 1.1114 0.4847 0.0000 1.2688
0.7789 1.1122 0.4834 0.0000 1.2693
0.7785 1.1126 0.4832 0.0000 1.2695
0.7779 1.1120 0.4842 0.0000 1.2691
0.7778 1.1118 0.4832 0.0000 1.2689
0.7777 1.1114 0.4841 0.0000 1.2686
0.7776 1.1111 0.4847 0.0000 1.2682
0.7768 1.1102 0.4873 0.0000 1.2684
0.7778 1.1106 0.4868 0.0000 1.2688
0.7779 1.1099 0.4878 0.0000 1.2683
0.7785 1.1090 0.4902 0.0000 1.2684
0.7776 1.1092 0.4898 0.0000 1.2685
0.7789 1.1111 0.4858 0.0000 1.2694
0.7784 1.1111 0.4857 0.0000 1.2693
0.7784 1.1111 0.4860 0.0000 1.2693
0.7780 1.1114 0.4857 0.0000 1.2689
0.7779 1.1112 0.4859 0.0000 1.2687
0.7776 1.1110 0.4862 0.0000 1.2685
0.7773 1.1095 0.4884 0.0000 1.2677
0.7771 1.1092 0.4888 0.0000 1.2673
0.7763 1.1086 0.4896 0.0000 1.2667
0.7761 1.1083 0.4898 0.0000 1.2664
0.7757 1.1080 0.4903 0.0000 1.2660
0.7757 1.1081 0.4901 0.0000 1.2660
0.7765 1.1089 0.4887 0.0000 1.2664
0.7763 1.1089 0.4885 0.0000 1.2663
0.7793 1.1119 0.4840 0.0000 1.2682
0.7798 1.1124 0.4834 0.0000 1.2690
0.7810 1.1131 0.4822 0.0000 1.2694
0.7815 1.1122 0.4834 0.0000 1.2688
0.7809 1.1116 0.4843 0.0000 1.2683
0.7808 1.1115 0.4844 0.0000 1.2682
0.7809 1.1116 0.4842 0.0000 1.2682
0.7810 1.1122 0.4832 0.0000 1.2688
0.7805 1.1125 0.4836 0.0000 1.2689
0.7811 1.1121 0.4835 0.0000 1.2686
0.7817 1.1129 0.4827 0.0000 1.2692
0.7816 1.1134 0.4823 0.0000 1.2700
0.7825 1.1138 0.4811 0.0000 1.2700
0.7824 1.1138 0.4811 0.0000 1.2699
0.7825 1.1139 0.4808 0.0000 1.2700
0.7824 1.1140 0.4807 0.0000 1.2699
0.7817 1.1139 0.4808 0.0000 1.2699
0.7812 1.1134 0.4819 0.0000 1.2694
0.7810 1.1131 0.4825 0.0000 1.2693
0.7818 1.1146 0.4805 0.0000 1.2703
0.7819 1.1144 0.4809 0.0000 1.2702
0.7817 1.1141 0.4814 0.0000 1.2699
0.7815 1.1140 0.4814 0.0000 1.2698
0.7801 1.1117 0.4852 0.0000 1.2681
0.7796 1.1112 0.4860 0.0000 1.2679
