0.8756 1.3500 0.0000 1.0000 6.4297
0.8650 1.3337 -0.0179 0.8698 3.5760
0.8766 1.3516 -0.0222 0.8393 4.9251
0.8699 1.3408 0.3625 0.0006 21.6999
0.8070 1.2305 0.4142 0.0001 4.9059
0.8546 1.3173 0.3717 0.0004 21.6781
0.8269 1.2610 0.3742 0.0004 16.2420
0.8679 1.3387 -0.0189 0.8628 4.5176
0.8491 1.3063 0.3573 0.0007 7.6160
0.8730 1.3462 0.0000 1.0000 5.7256
0.8045 1.2303 0.4222 0.0001 3.5915
0.8377 1.2906 0.3991 0.0001 36.7169
0.8777 1.3532 nan 1.0000 10.5291
0.8742 1.3480 0.0000 1.0000 40.2195
0.8620 1.3285 0.3744 0.0004 5.7639
0.8226 1.2421 0.4377 0.0000 2.9861
0.8668 1.3368 0.0000 1.0000 10.4939
0.7867 1.1974 0.4271 0.0000 5.9675
0.8219 1.2581 0.4211 0.0001 2.8192
0.8436 1.2935 0.4146 0.0001 3.0463
0.8680 1.3388 0.0000 1.0000 21.1666
0.8595 1.3255 0.4196 0.0001 1.7342
0.8215 1.2512 0.4039 0.0001 1.7184
0.8121 1.2381 0.4116 0.0001 1.3385
0.8592 1.3230 0.4115 0.0001 5.5972
0.8172 1.2433 0.4205 0.0001 2.0116
0.7974 1.2108 0.4345 0.0000 2.6411
0.7757 1.1802 0.4112 0.0001 2.3497
0.8422 1.2940 0.4228 0.0000 2.0452
0.8176 1.2472 0.4112 0.0001 1.3463
0.7924 1.2047 0.3906 0.0002 4.8115
0.8004 1.2073 0.3964 0.0002 1.3507
0.8237 1.2584 0.4174 0.0001 1.3631
0.8014 1.2069 0.4120 0.0001 1.3471
0.8558 1.3168 -0.1283 0.2392 1.6954
0.8525 1.3105 -0.1107 0.3102 12.3184
0.8028 1.2099 0.4143 0.0001 1.3467
0.8005 1.2130 0.3818 0.0003 1.3503
0.8481 1.3022 -0.1087 0.3189 24.9172
0.8016 1.2155 0.3835 0.0003 1.3489
0.8022 1.2070 0.4201 0.0001 2.9745
0.7853 1.1833 0.4256 0.0000 2.4781
0.8507 1.3069 0.0000 1.0000 81.8067
0.8233 1.2535 0.4164 0.0001 1.7467
0.8368 1.2820 0.4067 0.0001 2.2835
0.8156 1.2384 0.4138 0.0001 4.6311
0.8108 1.2358 0.3971 0.0002 1.3534
0.8545 1.3143 -0.1263 0.2464 5.6542
0.8041 1.2227 0.4244 0.0000 3.0176
0.8156 1.2435 0.4078 0.0001 1.3559
0.8145 1.2320 0.4159 0.0001 9.7003
0.8100 1.2342 0.4300 0.0000 2.2868
0.8405 1.2889 0.3602 0.0007 1.3908
0.8014 1.2177 0.4204 0.0001 1.3372
0.8504 1.3065 nan 1.0000 4.5807
0.7932 1.2003 0.4404 0.0000 4.8716
0.7899 1.2015 0.4649 0.0000 1.7870
0.8012 1.2184 0.4223 0.0001 1.3373
0.7996 1.2137 0.4188 0.0001 5.4356
0.7810 1.1791 0.4498 0.0000 8.5858
0.7937 1.1848 0.4711 0.0000 2.2713
0.8045 1.2193 0.4278 0.0000 2.0646
0.8489 1.3038 -0.0000 1.0000 2.8870
0.8063 1.2253 0.3943 0.0002 1.3509
0.7994 1.2096 0.4237 0.0000 4.1947
0.8098 1.2278 0.3828 0.0003 1.3523
0.8556 1.3165 -0.0000 1.0000 13.1134
0.8129 1.2265 0.3997 0.0001 1.3386
0.8185 1.2528 0.4259 0.0000 3.0741
0.8099 1.2257 0.4410 0.0000 1.7140
0.8061 1.2195 0.4368 0.0000 1.3294
0.8615 1.3272 nan 1.0000 9.7060
0.8032 1.2167 0.4279 0.0000 2.0169
0.8132 1.2421 0.4344 0.0000 3.5503
0.8175 1.2227 0.3810 0.0003 25.8616
0.8202 1.2564 0.4131 0.0001 2.6214
0.8316 1.2758 0.3926 0.0002 2.2929
0.8178 1.2503 0.4041 0.0001 2.1691
0.8257 1.2387 0.3859 0.0002 3.5525
0.8204 1.2401 0.4029 0.0001 4.5517
0.8320 1.2695 0.3586 0.0007 1.3620
0.8209 1.2537 0.4102 0.0001 2.6218
0.8175 1.2440 0.4052 0.0001 3.1577
0.8323 1.2769 0.4023 0.0001 2.3721
0.8235 1.2547 0.4041 0.0001 2.2014
0.8240 1.2616 0.4293 0.0000 3.8645
0.8205 1.2505 0.4024 0.0001 3.5047
0.8184 1.2421 0.3969 0.0002 4.2646
0.8100 1.2173 0.4254 0.0000 2.8642
0.8240 1.2444 0.3679 0.0005 1.3806
0.8423 1.2957 0.4077 0.0001 2.6822
0.8303 1.2580 0.3194 0.0027 1.3626
0.8191 1.2336 0.3770 0.0003 1.3449
0.8215 1.2390 0.3891 0.0002 1.3404
0.8213 1.2332 0.3666 0.0005 1.3387
0.8545 1.3143 -0.0000 1.0000 17.3531
0.8218 1.2402 0.3630 0.0006 1.3726
0.8193 1.2393 0.3714 0.0004 2.4575
0.8225 1.2356 0.3550 0.0008 1.4940
0.8186 1.2400 0.3782 0.0003 2.2103
0.8349 1.2605 0.2466 0.0221 1.4156
0.8214 1.2379 0.3191 0.0028 1.3531
0.8152 1.2306 0.3225 0.0025 1.3540
0.8149 1.2290 0.3254 0.0022 1.3540
0.8213 1.2468 0.3004 0.0050 1.3641
0.8200 1.2435 0.3087 0.0038 1.3675
0.8137 1.2290 0.3378 0.0015 5.8952
0.8151 1.2302 0.3373 0.0015 2.6464
0.8362 1.2580 0.2465 0.0221 1.4148
0.8360 1.2581 0.2442 0.0235 1.3784
0.8230 1.2425 0.3146 0.0032 281.7963
0.8249 1.2406 0.2939 0.0060 1.4221
0.8342 1.2507 0.2616 0.0150 1.4324
0.8274 1.2452 0.2781 0.0095 1.3751
0.8350 1.2592 0.2458 0.0226 1.3878
0.8362 1.2537 0.2454 0.0228 1.4286
0.8224 1.2349 0.3115 0.0035 14.3996
0.8259 1.2379 0.2986 0.0052 1.4034
0.8115 1.2215 0.3423 0.0013 2.3492
0.8115 1.2235 0.3429 0.0012 2.5492
0.8105 1.2208 0.3583 0.0007 21.4959
0.8122 1.2216 0.3413 0.0013 10.5176
0.8168 1.2283 0.3252 0.0023 1.3728
0.8104 1.2218 0.3407 0.0013 1.4088
0.8160 1.2269 0.3308 0.0019 1.3814
0.8130 1.2263 0.3363 0.0015 1.3855
0.8182 1.2292 0.3217 0.0025 1.4111
0.8195 1.2304 0.3156 0.0031 1.4220
0.8114 1.2186 0.3389 0.0014 3.2334
0.8162 1.2265 0.3358 0.0016 1.3868
0.8109 1.2193 0.3446 0.0012 14.2134
0.8110 1.2157 0.3639 0.0006 4.3435
0.8167 1.2304 0.3645 0.0006 1.3942
0.8152 1.2253 0.3617 0.0006 1.4155
0.8062 1.2142 0.3805 0.0003 11.9969
0.8113 1.2190 0.3560 0.0008 6.0204
0.8129 1.2264 0.3666 0.0005 26.7112
0.8129 1.2188 0.3765 0.0004 71.8325
0.8167 1.2336 0.3905 0.0002 7.3879
0.8208 1.2355 0.3565 0.0008 1.3654
0.8184 1.2346 0.3723 0.0004 28.0435
0.8182 1.2392 0.3771 0.0003 9.0920
0.8167 1.2242 0.4082 0.0001 5.3186
0.8172 1.2320 0.3869 0.0002 11.7341
0.8159 1.2325 0.4069 0.0001 1.7424
0.8154 1.2302 0.3910 0.0002 7.3639
0.8143 1.2197 0.4058 0.0001 4.5440
0.8119 1.2238 0.4140 0.0001 1.8594
0.8164 1.2314 0.4094 0.0001 2.0401
0.8147 1.2359 0.4033 0.0001 21.3695
0.8216 1.2282 0.3965 0.0002 5.6181
0.8179 1.2420 0.3974 0.0002 18.8117
0.8165 1.2248 0.4206 0.0001 3.9089
0.8231 1.2366 0.3657 0.0005 1.3892
0.8193 1.2452 0.4148 0.0001 2.7413
0.8126 1.2297 0.4088 0.0001 11.1193
0.8105 1.2236 0.3975 0.0002 12.4623
0.8133 1.2222 0.3959 0.0002 6.7575
0.8115 1.2239 0.3950 0.0002 11.4769
0.8177 1.2260 0.4046 0.0001 2.2297
0.8135 1.2201 0.3948 0.0002 13.4239
0.8157 1.2330 0.3835 0.0003 1.4175
0.7893 1.1822 0.4555 0.0000 3.2817
0.7992 1.1896 0.4529 0.0000 1.3259
0.7873 1.1793 0.4630 0.0000 2.0439
0.7894 1.1804 0.4615 0.0000 1.8591
0.7886 1.1844 0.4587 0.0000 2.2122
0.7879 1.1804 0.4626 0.0000 1.9544
0.7851 1.1746 0.4680 0.0000 2.0812
0.7859 1.1733 0.4703 0.0000 2.3893
0.7882 1.1802 0.4662 0.0000 1.8522
0.7856 1.1751 0.4674 0.0000 2.2361
0.7842 1.1710 0.4751 0.0000 2.1133
0.7852 1.1728 0.4736 0.0000 3.0441
0.7893 1.1827 0.4368 0.0000 1.3767
0.7835 1.1681 0.4792 0.0000 2.0402
0.7838 1.1686 0.4802 0.0000 1.9123
0.7848 1.1701 0.4775 0.0000 1.8244
0.7955 1.1965 0.4354 0.0000 1.3978
0.7797 1.1608 0.4946 0.0000 1.9699
0.7819 1.1634 0.4961 0.0000 1.9207
0.7831 1.1677 0.4864 0.0000 1.9728
0.7839 1.1687 0.4907 0.0000 1.9846
0.7859 1.1761 0.4840 0.0000 2.6327
0.7844 1.1675 0.4974 0.0000 2.7260
0.7829 1.1662 0.4984 0.0000 2.9978
0.7887 1.1839 0.4555 0.0000 1.3763
0.7841 1.1693 0.4971 0.0000 2.0516
0.8011 1.2069 0.4439 0.0000 1.4086
0.7828 1.1692 0.5014 0.0000 2.0015
0.7817 1.1666 0.5035 0.0000 2.3436
0.7882 1.1807 0.4711 0.0000 1.3374
0.7877 1.1789 0.4714 0.0000 1.3329
0.7829 1.1696 0.4986 0.0000 1.9375
0.7829 1.1688 0.5005 0.0000 1.8651
0.7830 1.1682 0.5039 0.0000 1.8183
0.7882 1.1786 0.4702 0.0000 1.3506
0.7858 1.1762 0.4656 0.0000 1.3757
0.7840 1.1694 0.4659 0.0000 1.3755
0.7873 1.1789 0.4578 0.0000 1.3785
0.7995 1.2000 0.4441 0.0000 1.4080
0.7815 1.1648 0.4949 0.0000 1.7828
0.7743 1.1479 0.5121 0.0000 2.4585
0.7764 1.1532 0.5059 0.0000 1.9061
0.7781 1.1568 0.5052 0.0000 1.8665
0.7769 1.1551 0.5005 0.0000 2.0957
0.7926 1.1886 0.4559 0.0000 1.3962
0.7778 1.1572 0.4967 0.0000 2.0060
0.7779 1.1579 0.4960 0.0000 1.9424
0.7786 1.1592 0.4922 0.0000 2.6982
0.7815 1.1637 0.4669 0.0000 1.3755
0.7821 1.1589 0.4796 0.0000 1.2955
0.7821 1.1635 0.4669 0.0000 1.3034
0.7798 1.1658 0.4786 0.0000 1.9376
0.7808 1.1700 0.4725 0.0000 2.1270
0.7952 1.1924 0.4430 0.0000 1.4013
0.7876 1.1846 0.4512 0.0000 1.3726
0.7883 1.1731 0.4609 0.0000 1.3281
0.7900 1.1756 0.4611 0.0000 1.3182
0.7902 1.1774 0.4610 0.0000 1.3287
0.7851 1.1671 0.4649 0.0000 1.3200
0.7874 1.1743 0.4681 0.0000 1.3226
0.7858 1.1698 0.4676 0.0000 1.3239
0.7840 1.1663 0.4715 0.0000 1.3179
0.7835 1.1653 0.4729 0.0000 1.3162
0.7858 1.1694 0.4721 0.0000 1.3101
0.7832 1.1680 0.4722 0.0000 1.3161
0.7874 1.1758 0.4653 0.0000 1.3171
0.7852 1.1711 0.4650 0.0000 1.3232
0.7855 1.1676 0.4749 0.0000 1.3137
0.7841 1.1663 0.4739 0.0000 1.3207
0.7886 1.1729 0.4672 0.0000 1.3184
0.7863 1.1708 0.4717 0.0000 1.3158
0.7856 1.1704 0.4660 0.0000 1.3030
0.7848 1.1700 0.4666 0.0000 1.3193
0.7887 1.1754 0.4642 0.0000 1.3225
0.7872 1.1721 0.4650 0.0000 1.3206
0.7870 1.1739 0.4577 0.0000 1.3269
0.7884 1.1740 0.4569 0.0000 1.3220
0.7835 1.1662 0.4552 0.0000 1.2975
0.7865 1.1721 0.4554 0.0000 1.3071
0.7855 1.1744 0.4492 0.0000 1.3330
0.7854 1.1744 0.4591 0.0000 1.3244
0.7847 1.1719 0.4549 0.0000 1.2982
0.7847 1.1734 0.4563 0.0000 1.3261
0.7838 1.1719 0.4563 0.0000 1.3218
0.7889 1.1795 0.4466 0.0000 1.3449
0.7873 1.1807 0.4516 0.0000 1.3235
0.7891 1.1839 0.4489 0.0000 1.3260
0.7854 1.1779 0.4506 0.0000 1.3301
0.7847 1.1778 0.4528 0.0000 1.3222
0.7858 1.1793 0.4560 0.0000 1.3215
0.7860 1.1783 0.4505 0.0000 1.3048
0.7869 1.1798 0.4562 0.0000 1.3284
0.7857 1.1792 0.4673 0.0000 1.3206
0.7882 1.1886 0.4488 0.0000 1.3516
0.7860 1.1776 0.4584 0.0000 1.3312
0.7900 1.1847 0.4426 0.0000 1.3273
0.7901 1.1830 0.4440 0.0000 1.3333
0.7886 1.1802 0.4456 0.0000 1.3246
0.7857 1.1765 0.4420 0.0000 1.3040
0.7886 1.1796 0.4412 0.0000 1.3303
0.7859 1.1725 0.4490 0.0000 1.3052
0.7855 1.1753 0.4489 0.0000 1.3432
0.7795 1.1701 0.4531 0.0000 1.3472
0.7821 1.1738 0.4573 0.0000 1.3281
0.7807 1.1718 0.4594 0.0000 1.3208
0.7814 1.1723 0.4544 0.0000 1.3224
0.7781 1.1668 0.4539 0.0000 1.2939
0.7825 1.1745 0.4529 0.0000 1.3198
0.7817 1.1713 0.4564 0.0000 1.3193
0.7812 1.1707 0.4547 0.0000 1.3159
0.7798 1.1697 0.4596 0.0000 1.3133
0.7826 1.1725 0.4532 0.0000 1.3312
0.7806 1.1725 0.4579 0.0000 1.3144
0.7786 1.1717 0.4521 0.0000 1.3317
0.7819 1.1733 0.4596 0.0000 1.3158
0.7776 1.1675 0.4641 0.0000 1.3188
0.7801 1.1714 0.4610 0.0000 3.0066
0.7804 1.1729 0.4513 0.0000 1.3237
0.7842 1.1791 0.4548 0.0000 1.3174
0.7796 1.1772 0.4376 0.0000 1.3443
0.7846 1.1787 0.4445 0.0000 1.3254
0.7817 1.1787 0.4405 0.0000 1.3532
0.7845 1.1789 0.4328 0.0000 1.3786
0.7815 1.1776 0.4412 0.0000 1.3224
0.7828 1.1801 0.4353 0.0000 1.3462
0.7813 1.1754 0.4376 0.0000 1.3276
0.7829 1.1782 0.4386 0.0000 1.3210
0.7808 1.1764 0.4386 0.0000 1.3207
0.7838 1.1786 0.4406 0.0000 1.3042
0.7795 1.1750 0.4409 0.0000 1.3057
0.7795 1.1732 0.4445 0.0000 1.3161
0.7834 1.1772 0.4334 0.0000 1.3169
0.7790 1.1679 0.4449 0.0000 1.2876
0.7814 1.1729 0.4492 0.0000 1.3166
0.7796 1.1673 0.4501 0.0000 1.2942
0.7779 1.1624 0.4562 0.0000 1.3065
0.7803 1.1726 0.4386 0.0000 1.3791
0.7790 1.1672 0.4460 0.0000 1.3621
0.7830 1.1716 0.4488 0.0000 1.3158
0.7807 1.1660 0.4489 0.0000 1.3188
0.7834 1.1748 0.4327 0.0000 1.3449
0.7810 1.1655 0.4493 0.0000 1.3141
0.7842 1.1681 0.4562 0.0000 1.3025
0.7794 1.1646 0.4597 0.0000 1.3149
0.7756 1.1583 0.4680 0.0000 1.3119
0.7793 1.1623 0.4628 0.0000 1.3149
0.7820 1.1642 0.4642 0.0000 1.3143
0.7818 1.1641 0.4635 0.0000 1.3171
0.7815 1.1623 0.4619 0.0000 1.3000
0.7853 1.1661 0.4546 0.0000 1.2885
0.7860 1.1669 0.4610 0.0000 1.2997
0.7849 1.1665 0.4567 0.0000 1.3443
0.7841 1.1639 0.4579 0.0000 1.3162
0.7823 1.1617 0.4666 0.0000 1.3099
0.7845 1.1625 0.4641 0.0000 1.2950
0.7851 1.1681 0.4551 0.0000 1.3581
0.7806 1.1572 0.4636 0.0000 1.3086
0.7823 1.1599 0.4637 0.0000 1.3093
0.7830 1.1615 0.4625 0.0000 1.3108
0.7837 1.1614 0.4572 0.0000 1.2873
0.7836 1.1617 0.4662 0.0000 1.3018
0.7804 1.1555 0.4654 0.0000 1.3038
0.7803 1.1539 0.4761 0.0000 1.3025
0.7830 1.1576 0.4668 0.0000 1.3173
0.7781 1.1512 0.4847 0.0000 1.2949
0.7794 1.1525 0.4830 0.0000 1.2948
0.7785 1.1496 0.4775 0.0000 1.3008
0.7822 1.1549 0.4804 0.0000 1.3023
0.7799 1.1505 0.4776 0.0000 1.2957
0.7775 1.1481 0.4791 0.0000 1.2984
0.7822 1.1562 0.4741 0.0000 1.3049
0.7842 1.1555 0.4691 0.0000 1.2968
0.7794 1.1488 0.4752 0.0000 1.2794
0.7793 1.1493 0.4786 0.0000 1.3003
0.7792 1.1491 0.4779 0.0000 1.2991
0.7806 1.1516 0.4768 0.0000 1.2990
0.7811 1.1539 0.4732 0.0000 1.3001
0.7832 1.1551 0.4715 0.0000 1.3003
0.7800 1.1505 0.4750 0.0000 1.2787
0.7802 1.1509 0.4746 0.0000 1.2792
0.7804 1.1521 0.4798 0.0000 1.2850
0.7795 1.1529 0.4767 0.0000 1.3109
0.7786 1.1493 0.4907 0.0000 3.3825
0.7802 1.1518 0.4818 0.0000 1.2781
0.7798 1.1513 0.4788 0.0000 1.2921
0.7819 1.1540 0.4707 0.0000 1.3086
0.7835 1.1561 0.4682 0.0000 1.3076
0.7781 1.1485 0.4831 0.0000 1.2834
0.7770 1.1464 0.4844 0.0000 1.2918
0.7787 1.1484 0.4842 0.0000 1.2785
0.7786 1.1478 0.4840 0.0000 1.2781
0.7806 1.1524 0.4763 0.0000 1.3040
0.7783 1.1464 0.4819 0.0000 1.2991
0.7783 1.1467 0.4809 0.0000 1.2928
0.7833 1.1536 0.4774 0.0000 1.2889
0.7806 1.1468 0.4801 0.0000 1.2756
0.7796 1.1489 0.4824 0.0000 1.2971
0.7780 1.1457 0.4868 0.0000 1.2775
0.7784 1.1469 0.4867 0.0000 1.2814
0.7791 1.1485 0.4807 0.0000 1.2840
0.7800 1.1518 0.4784 0.0000 1.2951
0.7794 1.1508 0.4783 0.0000 1.2919
0.7795 1.1498 0.4836 0.0000 1.2948
0.7847 1.1580 0.4705 0.0000 1.2990
0.7816 1.1515 0.4777 0.0000 1.2772
0.7813 1.1535 0.4777 0.0000 1.2951
0.7808 1.1540 0.4926 0.0000 1.2884
0.7787 1.1491 0.4828 0.0000 1.2924
0.7818 1.1536 0.4772 0.0000 1.2921
0.7814 1.1530 0.4814 0.0000 1.2886
0.7850 1.1565 0.4749 0.0000 1.2895
0.7847 1.1550 0.4758 0.0000 1.2785
0.7847 1.1547 0.4752 0.0000 1.2781
0.7824 1.1551 0.4842 0.0000 1.2894
0.7814 1.1527 0.4861 0.0000 1.2763
0.7812 1.1538 0.4865 0.0000 1.2897
0.7834 1.1572 0.4766 0.0000 1.2997
0.7798 1.1505 0.4921 0.0000 1.2652
0.7854 1.1594 0.4818 0.0000 1.2842
0.7769 1.1486 0.5006 0.0000 1.2789
0.7743 1.1435 0.5063 0.0000 1.2575
0.7800 1.1502 0.4848 0.0000 1.2823
0.7829 1.1549 0.4858 0.0000 1.2850
0.7828 1.1536 0.4829 0.0000 1.2730
0.7840 1.1572 0.4849 0.0000 1.2867
0.7829 1.1564 0.4756 0.0000 1.2884
0.7812 1.1526 0.4844 0.0000 1.2678
0.7812 1.1543 0.4880 0.0000 1.2983
0.7843 1.1563 0.4807 0.0000 1.2848
0.7831 1.1542 0.4843 0.0000 1.2684
0.7850 1.1575 0.4788 0.0000 1.2822
0.7856 1.1558 0.4841 0.0000 1.2693
0.7842 1.1534 0.4853 0.0000 1.2696
0.7827 1.1513 0.4873 0.0000 1.2796
0.7830 1.1520 0.4878 0.0000 1.2683
0.7823 1.1501 0.4831 0.0000 1.2670
0.7839 1.1536 0.4835 0.0000 1.2677
0.7891 1.1607 0.4770 0.0000 1.2821
0.7863 1.1567 0.4846 0.0000 1.2828
0.7876 1.1567 0.4841 0.0000 1.2804
0.7888 1.1611 0.4892 0.0000 1.2832
0.7888 1.1573 0.4717 0.0000 1.2711
0.7889 1.1576 0.4699 0.0000 1.2714
0.7848 1.1564 0.4850 0.0000 1.2872
0.7902 1.1627 0.4713 0.0000 1.2801
0.7900 1.1640 0.4763 0.0000 1.2862
0.7866 1.1592 0.4819 0.0000 1.2839
0.7891 1.1596 0.4656 0.0000 1.2727
0.7873 1.1595 0.4730 0.0000 1.2841
0.7901 1.1655 0.4712 0.0000 1.2811
0.7864 1.1598 0.4801 0.0000 1.2695
0.7864 1.1596 0.4739 0.0000 1.2827
0.7899 1.1660 0.4734 0.0000 1.2884
0.7902 1.1657 0.4676 0.0000 1.2959
0.7888 1.1623 0.4723 0.0000 1.2819
0.7870 1.1596 0.4704 0.0000 1.2732
0.7872 1.1610 0.4752 0.0000 1.2711
0.7897 1.1611 0.4600 0.0000 1.2769
0.7931 1.1679 0.4585 0.0000 1.2846
0.7849 1.1571 0.4811 0.0000 1.2792
0.7844 1.1552 0.4792 0.0000 1.2678
0.7853 1.1575 0.4786 0.0000 1.2834
0.7847 1.1544 0.4725 0.0000 1.2691
0.7851 1.1553 0.4720 0.0000 1.2692
0.7863 1.1600 0.4724 0.0000 1.2767
0.7818 1.1521 0.4827 0.0000 1.2773
0.7833 1.1524 0.4722 0.0000 1.2702
0.7822 1.1521 0.4805 0.0000 1.2828
0.7804 1.1494 0.4843 0.0000 1.2739
0.7814 1.1527 0.4968 0.0000 1.2751
0.7837 1.1537 0.4837 0.0000 1.2691
0.7833 1.1538 0.4811 0.0000 1.2807
0.7842 1.1545 0.4714 0.0000 1.2707
0.7834 1.1564 0.4911 0.0000 1.2807
0.7836 1.1548 0.4717 0.0000 1.2700
0.7825 1.1532 0.4758 0.0000 1.2681
0.7822 1.1530 0.4798 0.0000 1.2670
0.7813 1.1530 0.4756 0.0000 1.2872
0.7746 1.1445 0.5154 0.0000 1.2558
0.7825 1.1530 0.4757 0.0000 1.2679
0.7771 1.1468 0.5136 0.0000 1.2593
0.7747 1.1426 0.4994 0.0000 1.2558
0.7826 1.1515 0.4761 0.0000 1.2699
0.7805 1.1499 0.4888 0.0000 1.2791
0.7774 1.1463 0.4992 0.0000 1.2617
0.7764 1.1442 0.4989 0.0000 1.2557
0.7822 1.1547 0.4811 0.0000 1.2824
0.7817 1.1522 0.4673 0.0000 1.2668
0.7830 1.1553 0.4669 0.0000 1.2723
