0.4918 0.6376 0.3503 0.0000 1.0087
0.5052 0.6492 0.2945 0.0000 0.9037
0.5058 0.6553 0.2727 0.0000 0.9656
0.5180 0.6769 0.3346 0.0000 0.9261
0.4902 0.6412 0.3533 0.0000 0.9600
0.4927 0.6401 0.3470 0.0000 0.9853
0.4910 0.6426 0.3457 0.0000 0.9394
0.4919 0.6440 0.3446 0.0000 0.9831
0.4931 0.6438 0.3543 0.0000 0.9256
0.4905 0.6434 0.3573 0.0000 0.9195
0.4892 0.6422 0.3594 0.0000 0.9249
0.4915 0.6455 0.3557 0.0000 0.9253
0.4893 0.6390 0.3640 0.0000 0.9616
0.4947 0.6478 0.3452 0.0000 1.0013
0.5012 0.6401 0.3200 0.0000 0.9278
0.5015 0.6421 0.3158 0.0000 0.9200
0.4960 0.6427 0.3451 0.0000 0.9450
0.5144 0.6492 0.2532 0.0001 7.0940
0.4945 0.6531 0.3289 0.0000 0.8877
0.4979 0.6485 0.3255 0.0000 0.8920
0.4997 0.6456 0.3213 0.0000 0.9292
0.4949 0.6509 0.3282 0.0000 0.8702
0.4983 0.6452 0.3252 0.0000 0.9305
0.4980 0.6452 0.3260 0.0000 0.9309
0.4958 0.6523 0.3249 0.0000 0.8884
0.5050 0.6476 0.2929 0.0000 37.4650
0.4946 0.6465 0.3253 0.0000 0.9585
0.4989 0.6438 0.3182 0.0000 0.9274
0.4942 0.6422 0.3417 0.0000 0.9550
0.5141 0.6482 0.2674 0.0000 0.9831
0.4924 0.6425 0.3425 0.0000 0.9664
0.4973 0.6424 0.3247 0.0000 0.9269
0.4963 0.6417 0.3279 0.0000 0.9265
0.4954 0.6414 0.3328 0.0000 0.9264
0.4900 0.6446 0.3513 0.0000 0.8860
0.4956 0.6420 0.3308 0.0000 0.9300
0.5005 0.6438 0.3144 0.0000 0.9134
0.4977 0.6432 0.3235 0.0000 0.9294
0.4977 0.6438 0.3238 0.0000 0.9313
0.4918 0.6482 0.3420 0.0000 0.8610
0.4967 0.6438 0.3267 0.0000 0.9302
0.4918 0.6480 0.3392 0.0000 0.8861
0.4926 0.6501 0.3380 0.0000 0.8871
0.4960 0.6504 0.3210 0.0000 2.3279
0.4939 0.6511 0.3335 0.0000 0.8600
0.5005 0.6473 0.3083 0.0000 0.9354
0.4927 0.6521 0.3348 0.0000 0.8839
0.5001 0.6470 0.3101 0.0000 0.9359
0.4920 0.6511 0.3356 0.0000 0.8829
0.4995 0.6470 0.3198 0.0000 0.9338
0.4925 0.6522 0.3401 0.0000 0.8916
0.4943 0.6490 0.3361 0.0000 0.8746
0.4948 0.6526 0.3336 0.0000 0.8855
0.4976 0.6531 0.3122 0.0000 1.2235
0.4950 0.6498 0.3325 0.0000 0.9401
0.4948 0.6554 0.3307 0.0000 0.8781
0.4946 0.6544 0.3245 0.0000 0.8694
0.4942 0.6552 0.3284 0.0000 0.8818
0.4943 0.6543 0.3312 0.0000 0.8776
0.4943 0.6545 0.3311 0.0000 0.8772
0.4970 0.6491 0.3287 0.0000 0.9288
0.4950 0.6554 0.3227 0.0000 0.8772
0.4929 0.6562 0.3408 0.0000 0.9144
0.4953 0.6539 0.3351 0.0000 0.8830
0.4976 0.6490 0.3264 0.0000 0.9470
0.4977 0.6490 0.3241 0.0000 0.9425
0.4952 0.6516 0.3255 0.0000 0.9534
0.4981 0.6491 0.3190 0.0000 0.9436
0.4980 0.6490 0.3231 0.0000 0.9427
0.4966 0.6554 0.3116 0.0000 0.8524
0.4955 0.6571 0.3207 0.0000 0.8776
0.4955 0.6577 0.3262 0.0000 0.8877
0.4967 0.6559 0.3099 0.0000 0.8570
0.4962 0.6563 0.3138 0.0000 0.8549
0.4958 0.6514 0.3242 0.0000 0.9338
0.4955 0.6569 0.3187 0.0000 0.8699
0.4969 0.6555 0.3100 0.0000 0.8534
0.4955 0.6595 0.3244 0.0000 0.8880
0.4954 0.6565 0.3239 0.0000 0.8659
0.4981 0.6498 0.3175 0.0000 0.9406
0.4969 0.6562 0.3260 0.0000 0.8536
0.4956 0.6577 0.3219 0.0000 0.8684
0.4957 0.6549 0.3170 0.0000 0.8498
0.4991 0.6497 0.3148 0.0000 0.9403
0.4958 0.6576 0.3203 0.0000 0.8742
0.4958 0.6578 0.3214 0.0000 0.8718
0.4959 0.6595 0.3237 0.0000 0.8762
0.5100 0.6508 0.2583 0.0000 0.8525
0.4957 0.6579 0.3195 0.0000 0.8699
0.4957 0.6567 0.3179 0.0000 0.8674
0.4956 0.6574 0.3227 0.0000 0.8691
0.4959 0.6555 0.3123 0.0000 0.8508
0.4955 0.6587 0.3229 0.0000 0.8791
0.4959 0.6563 0.3200 0.0000 0.8655
0.4957 0.6583 0.3214 0.0000 0.8488
0.4961 0.6583 0.3224 0.0000 0.8701
0.4957 0.6586 0.3257 0.0000 0.8906
0.4941 0.6557 0.3356 0.0000 0.8700
0.4937 0.6565 0.3390 0.0000 0.8773
0.4931 0.6541 0.3437 0.0000 0.8745
0.4938 0.6533 0.3396 0.0000 0.8570
0.4937 0.6480 0.3332 0.0000 0.8277
0.4937 0.6525 0.3396 0.0000 0.8591
0.4927 0.6490 0.3441 0.0000 0.8394
0.4936 0.6502 0.3365 0.0000 0.8508
0.4932 0.6493 0.3355 0.0000 0.8530
0.4959 0.6543 0.3236 0.0000 0.8792
0.4948 0.6518 0.3276 0.0000 0.8575
0.4954 0.6521 0.3232 0.0000 0.8562
0.4941 0.6487 0.3286 0.0000 0.8481
0.4954 0.6522 0.3251 0.0000 0.8478
0.5008 0.6557 0.2983 0.0000 0.9254
0.4975 0.6509 0.3114 0.0000 0.9130
0.4999 0.6558 0.2977 0.0000 0.9040
0.4996 0.6549 0.3010 0.0000 0.8622
0.4984 0.6525 0.3036 0.0000 0.9057
0.4972 0.6511 0.3068 0.0000 0.9099
0.4988 0.6546 0.2984 0.0000 0.8967
0.4990 0.6551 0.3009 0.0000 0.8789
0.5005 0.6564 0.2959 0.0000 0.9205
0.5004 0.6592 0.2983 0.0000 0.8560
0.4990 0.6537 0.2996 0.0000 0.8894
0.5006 0.6586 0.2962 0.0000 0.8730
0.5006 0.6561 0.2960 0.0000 0.9241
0.5022 0.6603 0.2826 0.0000 0.9009
0.5001 0.6560 0.2922 0.0000 0.8890
0.4986 0.6552 0.2979 0.0000 0.9158
0.5007 0.6622 0.2941 0.0000 0.8702
0.4998 0.6600 0.3000 0.0000 0.8493
0.4999 0.6580 0.2999 0.0000 0.8991
0.4983 0.6555 0.3053 0.0000 0.9150
0.4993 0.6570 0.3015 0.0000 0.8769
0.4982 0.6531 0.3041 0.0000 0.8179
0.4987 0.6551 0.3031 0.0000 0.8552
0.4988 0.6550 0.3015 0.0000 0.8384
0.4992 0.6552 0.3017 0.0000 0.8918
0.4964 0.6444 0.3086 0.0000 0.8207
0.4988 0.6538 0.3035 0.0000 0.9117
0.5017 0.6630 0.2973 0.0000 0.8528
0.4986 0.6573 0.3032 0.0000 0.8467
0.4979 0.6529 0.2998 0.0000 0.8568
0.4977 0.6541 0.3048 0.0000 0.8511
0.4983 0.6547 0.3023 0.0000 0.8599
0.4974 0.6519 0.3038 0.0000 0.8327
0.4984 0.6563 0.3032 0.0000 0.8421
0.4954 0.6454 0.3118 0.0000 0.8329
0.4989 0.6586 0.3035 0.0000 0.8516
0.4993 0.6588 0.3005 0.0000 0.8525
0.4987 0.6581 0.3037 0.0000 0.8497
0.4988 0.6578 0.3051 0.0000 0.8571
0.4962 0.6516 0.3118 0.0000 0.8422
0.4958 0.6490 0.3155 0.0000 0.8535
0.4970 0.6441 0.3149 0.0000 0.8430
0.4964 0.6516 0.3118 0.0000 0.8379
0.4974 0.6545 0.3088 0.0000 0.8559
0.4961 0.6500 0.3109 0.0000 0.8472
0.4976 0.6548 0.3052 0.0000 0.8513
0.4993 0.6595 0.3029 0.0000 0.8771
0.4969 0.6501 0.3031 0.0000 0.8303
0.4970 0.6533 0.3068 0.0000 0.8598
0.4978 0.6552 0.3039 0.0000 0.8464
0.4968 0.6504 0.3039 0.0000 0.8297
0.4977 0.6556 0.2992 0.0000 0.8617
0.4992 0.6596 0.2987 0.0000 0.8651
0.4991 0.6589 0.2989 0.0000 0.8536
0.4989 0.6599 0.3012 0.0000 0.8716
0.4987 0.6583 0.3020 0.0000 0.8663
0.5103 0.6606 0.2449 0.0001 0.9150
0.4982 0.6580 0.3075 0.0000 0.8447
0.4958 0.6506 0.3104 0.0000 0.8517
0.4983 0.6581 0.3035 0.0000 0.8583
0.4975 0.6543 0.3037 0.0000 0.8238
0.4992 0.6602 0.3010 0.0000 0.8391
0.4966 0.6550 0.3114 0.0000 0.8310
0.4973 0.6576 0.3071 0.0000 0.8423
0.4983 0.6587 0.3001 0.0000 0.8302
0.4980 0.6591 0.3042 0.0000 0.8358
0.4967 0.6535 0.3053 0.0000 0.8216
0.4981 0.6581 0.3022 0.0000 0.8466
0.4983 0.6588 0.2998 0.0000 0.8510
0.4984 0.6582 0.2973 0.0000 0.8324
0.4981 0.6535 0.2960 0.0000 0.8237
0.4974 0.6534 0.3018 0.0000 0.8460
0.4971 0.6533 0.3039 0.0000 0.8194
0.4974 0.6551 0.3047 0.0000 0.8223
0.4994 0.6626 0.3019 0.0000 0.8632
0.4983 0.6600 0.3079 0.0000 0.8352
0.4992 0.6612 0.3019 0.0000 0.8417
0.4963 0.6497 0.3052 0.0000 0.8195
0.4999 0.6630 0.2953 0.0000 0.8549
0.4989 0.6600 0.2990 0.0000 0.8398
0.5028 0.6666 0.2662 0.0000 0.8439
0.4985 0.6583 0.2893 0.0000 0.8376
0.4972 0.6533 0.2981 0.0000 0.8213
0.4974 0.6542 0.2971 0.0000 0.8279
0.4981 0.6593 0.2925 0.0000 0.8267
0.4980 0.6584 0.2956 0.0000 0.8433
0.4994 0.6632 0.2917 0.0000 0.8609
0.4994 0.6620 0.3014 0.0000 0.8452
0.4989 0.6595 0.3033 0.0000 0.8428
0.4987 0.6618 0.2967 0.0000 0.8394
0.4990 0.6618 0.2982 0.0000 0.8533
0.4993 0.6579 0.2980 0.0000 0.8333
0.4981 0.6528 0.2996 0.0000 0.8185
0.5009 0.6636 0.2928 0.0000 0.8623
0.4994 0.6584 0.2973 0.0000 0.8260
0.4992 0.6588 0.2985 0.0000 0.8458
0.4985 0.6559 0.3007 0.0000 0.8258
0.5016 0.6668 0.2938 0.0000 0.8527
0.4982 0.6559 0.3022 0.0000 0.8282
0.4996 0.6609 0.3010 0.0000 0.8363
0.5038 0.6693 0.2705 0.0000 0.8496
0.5019 0.6698 0.2835 0.0000 0.8688
0.4982 0.6552 0.2925 0.0000 0.8326
0.4997 0.6605 0.2893 0.0000 0.8311
0.5099 0.6716 0.2318 0.0002 0.8625
0.4998 0.6606 0.2898 0.0000 0.8423
0.5004 0.6621 0.2885 0.0000 0.8484
0.4983 0.6517 0.2916 0.0000 0.8264
0.5019 0.6646 0.2820 0.0000 0.8498
0.5017 0.6641 0.2833 0.0000 0.8459
0.5018 0.6646 0.2813 0.0000 0.8379
0.5007 0.6629 0.2859 0.0000 0.8315
0.5002 0.6620 0.2893 0.0000 0.8397
0.5008 0.6640 0.2868 0.0000 0.8452
0.5015 0.6655 0.2850 0.0000 0.8451
0.5066 0.6782 0.2582 0.0000 0.8709
0.5008 0.6634 0.2874 0.0000 0.8583
0.4992 0.6574 0.2875 0.0000 0.8248
0.5012 0.6640 0.2847 0.0000 0.8426
0.4980 0.6498 0.2913 0.0000 0.8099
0.5023 0.6683 0.2803 0.0000 0.8587
0.5006 0.6623 0.2871 0.0000 0.8409
0.4988 0.6541 0.2871 0.0000 0.8211
0.5002 0.6618 0.2858 0.0000 0.8415
0.5014 0.6649 0.2843 0.0000 0.8385
0.4988 0.6548 0.2855 0.0000 0.8192
0.5031 0.6703 0.2789 0.0000 0.8629
0.5010 0.6643 0.2840 0.0000 0.8413
0.5032 0.6706 0.2751 0.0000 0.8459
0.5020 0.6666 0.2822 0.0000 0.8382
0.5022 0.6673 0.2815 0.0000 0.8535
0.5018 0.6659 0.2784 0.0000 0.8526
0.5032 0.6702 0.2779 0.0000 0.8617
0.5021 0.6673 0.2805 0.0000 0.8530
0.5020 0.6671 0.2831 0.0000 0.8521
0.5000 0.6610 0.2909 0.0000 0.8388
0.5012 0.6650 0.2885 0.0000 0.8427
0.4986 0.6565 0.2917 0.0000 0.8341
0.5012 0.6658 0.2889 0.0000 0.8705
0.5016 0.6668 0.2909 0.0000 0.8533
0.5002 0.6573 0.2868 0.0000 0.8383
0.5011 0.6600 0.2867 0.0000 0.8371
0.4984 0.6501 0.2921 0.0000 0.8090
0.5007 0.6607 0.2895 0.0000 0.8413
0.5008 0.6592 0.2857 0.0000 0.8262
0.5020 0.6632 0.2853 0.0000 0.8441
0.5002 0.6587 0.2880 0.0000 0.8259
0.5020 0.6631 0.2820 0.0000 0.8241
0.5020 0.6648 0.2908 0.0000 0.8336
0.5016 0.6635 0.2907 0.0000 0.8503
0.4998 0.6569 0.2900 0.0000 0.8230
0.5036 0.6676 0.2823 0.0000 0.8650
0.5037 0.6683 0.2841 0.0000 0.8390
0.5016 0.6617 0.2901 0.0000 0.8547
0.5030 0.6651 0.2807 0.0000 0.8271
0.4990 0.6514 0.2943 0.0000 0.8098
0.5025 0.6628 0.2895 0.0000 0.8397
0.5028 0.6636 0.2869 0.0000 0.8255
0.5018 0.6607 0.2923 0.0000 0.8382
0.5002 0.6557 0.2927 0.0000 0.8216
0.5034 0.6673 0.2904 0.0000 0.8553
0.5027 0.6641 0.2920 0.0000 0.8446
0.5025 0.6644 0.2919 0.0000 0.8473
0.5029 0.6659 0.2920 0.0000 0.8543
0.5014 0.6602 0.2942 0.0000 0.8295
0.5004 0.6576 0.2967 0.0000 0.8311
0.5027 0.6650 0.2939 0.0000 0.8564
0.4994 0.6545 0.2969 0.0000 0.8280
0.5018 0.6617 0.2922 0.0000 0.8305
0.5023 0.6625 0.2855 0.0000 0.8319
0.5014 0.6605 0.2947 0.0000 0.8497
0.5014 0.6605 0.2960 0.0000 0.8378
0.5002 0.6602 0.2995 0.0000 0.8344
0.5024 0.6675 0.2950 0.0000 0.8405
0.5019 0.6663 0.2969 0.0000 0.8592
0.5016 0.6642 0.2976 0.0000 0.8472
0.5021 0.6650 0.2942 0.0000 0.8510
0.5016 0.6632 0.2905 0.0000 0.8332
0.5027 0.6676 0.2941 0.0000 0.8543
0.5019 0.6647 0.2971 0.0000 0.8492
0.4984 0.6498 0.3039 0.0000 0.8143
0.4982 0.6487 0.3038 0.0000 0.8109
0.5035 0.6703 0.2908 0.0000 0.8750
0.4998 0.6592 0.2988 0.0000 0.8515
0.5015 0.6619 0.2898 0.0000 0.8267
0.4997 0.6584 0.3032 0.0000 0.8437
0.4994 0.6569 0.3024 0.0000 0.8410
0.5006 0.6628 0.2989 0.0000 0.8521
0.4986 0.6549 0.3053 0.0000 0.8291
0.5010 0.6644 0.3012 0.0000 0.8399
0.5000 0.6604 0.3001 0.0000 0.8309
0.5002 0.6629 0.3047 0.0000 0.8408
0.4980 0.6508 0.3088 0.0000 0.8240
0.5016 0.6652 0.3030 0.0000 0.8471
0.4979 0.6513 0.3086 0.0000 0.8251
0.4986 0.6571 0.3054 0.0000 0.8363
0.4981 0.6542 0.3082 0.0000 0.8225
0.4990 0.6586 0.3032 0.0000 0.8385
0.4992 0.6597 0.3035 0.0000 0.8291
0.5012 0.6646 0.2950 0.0000 0.8540
0.5018 0.6622 0.2875 0.0000 0.8418
0.5010 0.6583 0.2914 0.0000 0.8304
0.5001 0.6569 0.2919 0.0000 0.8291
0.4997 0.6555 0.2960 0.0000 0.8227
0.5024 0.6641 0.2866 0.0000 0.8354
0.5013 0.6605 0.2896 0.0000 0.8331
0.4992 0.6521 0.2978 0.0000 0.8198
0.5001 0.6582 0.2959 0.0000 0.8242
0.4995 0.6564 0.2974 0.0000 0.8187
0.5000 0.6593 0.2977 0.0000 0.8309
0.5007 0.6615 0.2934 0.0000 0.8486
0.4992 0.6567 0.2999 0.0000 0.8258
0.5002 0.6587 0.2964 0.0000 0.8329
0.5007 0.6617 0.2973 0.0000 0.8486
0.4987 0.6556 0.3028 0.0000 0.8210
0.5009 0.6619 0.2968 0.0000 0.8348
0.4997 0.6570 0.2972 0.0000 0.8179
0.4990 0.6544 0.2995 0.0000 0.8021
0.5001 0.6591 0.2992 0.0000 0.8363
0.4996 0.6566 0.2984 0.0000 0.8326
0.5006 0.6542 0.2920 0.0000 0.8021
0.5013 0.6639 0.2956 0.0000 0.8318
0.5006 0.6582 0.2924 0.0000 0.8151
0.4992 0.6574 0.3028 0.0000 0.8292
0.4993 0.6581 0.3035 0.0000 0.8356
0.4977 0.6532 0.3088 0.0000 0.8182
0.4982 0.6521 0.3068 0.0000 0.8037
0.4973 0.6505 0.3121 0.0000 0.8210
0.4978 0.6449 0.3124 0.0000 0.7854
0.4966 0.6505 0.3147 0.0000 0.8150
0.4975 0.6502 0.3098 0.0000 0.8018
0.4976 0.6579 0.3131 0.0000 0.8215
0.4972 0.6529 0.3134 0.0000 0.8149
0.4980 0.6481 0.3078 0.0000 0.7932
0.4987 0.6512 0.3030 0.0000 0.8003
0.4967 0.6436 0.3108 0.0000 0.7983
0.4967 0.6461 0.3103 0.0000 0.8082
0.4971 0.6451 0.3101 0.0000 0.8033
0.4975 0.6515 0.3099 0.0000 0.8189
0.4984 0.6459 0.3075 0.0000 0.7949
0.4980 0.6557 0.3086 0.0000 0.8122
0.4977 0.6518 0.3097 0.0000 0.8174
0.4978 0.6577 0.3114 0.0000 0.8182
0.4976 0.6520 0.3082 0.0000 0.8003
0.4988 0.6573 0.3058 0.0000 0.8329
0.4986 0.6534 0.3033 0.0000 0.8126
0.4980 0.6534 0.3094 0.0000 0.8179
0.4977 0.6517 0.3085 0.0000 0.8092
0.4966 0.6473 0.3142 0.0000 0.8046
0.4980 0.6550 0.3092 0.0000 0.8102
0.4981 0.6532 0.3065 0.0000 0.8095
0.4966 0.6476 0.3110 0.0000 0.7986
0.4973 0.6509 0.3097 0.0000 0.7984
0.4987 0.6390 0.3123 0.0000 0.7900
0.4967 0.6517 0.3121 0.0000 0.8180
0.4972 0.6556 0.3115 0.0000 0.8148
0.4974 0.6581 0.3132 0.0000 0.8202
0.4970 0.6566 0.3140 0.0000 0.8292
0.4966 0.6502 0.3137 0.0000 0.8163
0.4967 0.6534 0.3132 0.0000 0.8081
0.4963 0.6527 0.3145 0.0000 0.8251
0.4963 0.6510 0.3137 0.0000 0.8232
0.4970 0.6549 0.3136 0.0000 0.8240
0.4973 0.6564 0.3125 0.0000 0.8261
0.4968 0.6526 0.3123 0.0000 0.8235
0.4970 0.6538 0.3106 0.0000 0.8194
0.4962 0.6510 0.3136 0.0000 0.8087
0.4959 0.6479 0.3140 0.0000 0.7980
0.4966 0.6552 0.3148 0.0000 0.8252
0.4960 0.6446 0.3134 0.0000 0.7985
0.4977 0.6590 0.3097 0.0000 0.8272
0.4973 0.6543 0.3127 0.0000 0.8330
0.4962 0.6500 0.3141 0.0000 0.8210
0.4952 0.6519 0.3183 0.0000 0.8273
0.4964 0.6523 0.3111 0.0000 0.8174
0.4956 0.6549 0.3160 0.0000 0.8389
0.4953 0.6513 0.3180 0.0000 0.8042
0.4949 0.6500 0.3185 0.0000 0.8194
0.4953 0.6505 0.3166 0.0000 0.8014
0.4960 0.6493 0.3137 0.0000 0.8134
0.4953 0.6529 0.3179 0.0000 0.8078
0.4956 0.6519 0.3147 0.0000 0.8111
0.4953 0.6511 0.3166 0.0000 0.8046
0.4944 0.6477 0.3199 0.0000 0.8020
0.4948 0.6511 0.3192 0.0000 0.8059
0.4944 0.6519 0.3217 0.0000 0.8096
0.4947 0.6495 0.3204 0.0000 0.8001
0.4937 0.6520 0.3255 0.0000 0.8135
0.4943 0.6508 0.3226 0.0000 0.8059
0.4947 0.6541 0.3233 0.0000 0.8389
0.4947 0.6487 0.3240 0.0000 0.8018
0.4942 0.6546 0.3255 0.0000 0.8166
0.4937 0.6503 0.3256 0.0000 0.8235
0.4942 0.6499 0.3238 0.0000 0.8204
0.4942 0.6476 0.3226 0.0000 0.8153
0.4949 0.6528 0.3201 0.0000 0.8183
0.4941 0.6498 0.3245 0.0000 0.8148
0.4956 0.6516 0.3176 0.0000 0.8111
0.4950 0.6527 0.3212 0.0000 0.8091
0.4949 0.6533 0.3212 0.0000 0.8127
0.4947 0.6554 0.3229 0.0000 0.8211
0.4947 0.6436 0.3230 0.0000 0.7887
0.4956 0.6476 0.3179 0.0000 0.7957
0.4956 0.6520 0.3187 0.0000 0.8221
0.4962 0.6497 0.3177 0.0000 0.8063
0.4947 0.6505 0.3237 0.0000 0.8050
0.4947 0.6519 0.3246 0.0000 0.8101
0.4951 0.6480 0.3234 0.0000 0.7980
0.4936 0.6508 0.3291 0.0000 0.8136
0.4958 0.6520 0.3205 0.0000 0.8124
0.4946 0.6514 0.3258 0.0000 0.8161
0.4953 0.6500 0.3228 0.0000 0.8146
0.4950 0.6496 0.3246 0.0000 0.8053
0.4936 0.6443 0.3322 0.0000 0.8030
0.4957 0.6456 0.3231 0.0000 0.7939
0.4933 0.6450 0.3335 0.0000 0.8141
0.4933 0.6449 0.3351 0.0000 0.8172
0.4937 0.6469 0.3314 0.0000 0.8046
0.4935 0.6500 0.3317 0.0000 0.8112
0.4927 0.6411 0.3370 0.0000 0.7968
0.4931 0.6461 0.3339 0.0000 0.8167
0.4930 0.6456 0.3356 0.0000 0.8065
0.4927 0.6427 0.3364 0.0000 0.8059
0.4941 0.6500 0.3274 0.0000 0.8085
0.4922 0.6488 0.3364 0.0000 0.8231
0.4915 0.6465 0.3401 0.0000 0.8199
0.4918 0.6454 0.3382 0.0000 0.8172
0.4917 0.6432 0.3377 0.0000 0.8075
0.4934 0.6495 0.3294 0.0000 0.8223
0.4926 0.6468 0.3350 0.0000 0.8135
0.4926 0.6437 0.3346 0.0000 0.8096
0.4924 0.6455 0.3363 0.0000 0.8193
0.4932 0.6449 0.3314 0.0000 0.8002
0.4929 0.6453 0.3345 0.0000 0.8055
0.4930 0.6431 0.3342 0.0000 0.8042
0.4953 0.6526 0.3236 0.0000 0.8268
0.4960 0.6526 0.3194 0.0000 0.8301
0.4972 0.6480 0.3154 0.0000 0.8016
0.4966 0.6519 0.3183 0.0000 0.8155
0.4962 0.6513 0.3201 0.0000 0.8136
