1.2998 1.7867 0.2212 0.0002 2.0368
1.2887 1.7749 0.2253 0.0001 2.0292
1.2891 1.7752 0.2250 0.0001 2.0341
1.2911 1.7776 0.2264 0.0001 2.0418
1.2676 1.7560 0.2254 0.0001 2.0270
1.2416 1.7200 0.2466 0.0000 1.9874
1.2028 1.6492 0.2697 0.0000 1.9217
1.2037 1.6501 0.2696 0.0000 1.9220
1.1879 1.6446 0.2735 0.0000 1.9190
1.2425 1.7104 0.2573 0.0000 1.9580
1.2352 1.7044 0.2513 0.0000 1.9550
1.2380 1.7079 0.2459 0.0000 1.9571
1.2396 1.7102 0.2454 0.0000 1.9582
1.2391 1.7109 0.2462 0.0000 1.9587
1.2393 1.7124 0.2463 0.0000 1.9599
1.2221 1.6933 0.2504 0.0000 1.9486
1.2250 1.7035 0.2386 0.0001 1.9549
1.2653 1.7157 0.2487 0.0000 1.9720
1.2548 1.7067 0.2442 0.0000 1.9684
1.2508 1.7023 0.2434 0.0000 1.9647
1.2342 1.6880 0.2463 0.0000 1.9586
1.2357 1.6866 0.2485 0.0000 1.9572
1.2353 1.6902 0.2474 0.0000 1.9577
1.2367 1.6920 0.2472 0.0000 1.9568
1.2327 1.6856 0.2498 0.0000 1.9530
1.2345 1.6898 0.2496 0.0000 1.9540
1.2331 1.6929 0.2475 0.0000 1.9542
1.2350 1.6956 0.2471 0.0000 1.9543
1.2305 1.6964 0.2437 0.0000 1.9542
1.2268 1.6953 0.2465 0.0000 1.9532
1.2275 1.6960 0.2467 0.0000 1.9532
1.2292 1.6985 0.2488 0.0000 1.9537
1.2223 1.6928 0.2503 0.0000 1.9512
1.2238 1.6946 0.2502 0.0000 1.9515
1.2266 1.6979 0.2505 0.0000 1.9528
1.2230 1.6923 0.2468 0.0000 1.9489
1.2196 1.6883 0.2516 0.0000 1.9464
1.2237 1.6943 0.2498 0.0000 1.9492
1.2298 1.6997 0.2501 0.0000 1.9520
1.2292 1.7015 0.2514 0.0000 1.9531
1.2313 1.6999 0.2456 0.0000 1.9522
1.2273 1.7026 0.2438 0.0000 1.9536
1.2247 1.7104 0.2309 0.0001 1.9583
1.2246 1.7084 0.2317 0.0001 1.9573
1.2262 1.7108 0.2302 0.0001 1.9590
1.2245 1.7121 0.2308 0.0001 1.9600
1.2242 1.7137 0.2303 0.0001 1.9613
1.1844 1.6715 0.2499 0.0000 1.9370
1.1780 1.6727 0.2411 0.0000 1.9379
1.1769 1.6709 0.2404 0.0000 1.9367
1.1813 1.6659 0.2338 0.0001 1.9430
1.1853 1.6732 0.2302 0.0001 1.9456
1.1857 1.6739 0.2301 0.0001 1.9449
1.1864 1.6749 0.2285 0.0001 1.9447
1.1842 1.6682 0.2274 0.0001 1.9418
1.1844 1.6698 0.2268 0.0001 1.9418
1.1849 1.6707 0.2267 0.0001 1.9414
1.1857 1.6715 0.2265 0.0001 1.9411
1.1864 1.6710 0.2250 0.0001 1.9402
1.1869 1.6701 0.2236 0.0001 1.9392
1.1862 1.6696 0.2241 0.0001 1.9383
1.1860 1.6724 0.2233 0.0002 1.9394
1.1873 1.6734 0.2232 0.0002 1.9394
1.1874 1.6727 0.2243 0.0001 1.9386
1.1871 1.6748 0.2211 0.0002 1.9395
1.1867 1.6738 0.2201 0.0002 1.9384
1.1816 1.6684 0.2233 0.0002 1.9353
1.1818 1.6685 0.2235 0.0001 1.9351
1.1822 1.6685 0.2241 0.0001 1.9348
1.1790 1.6590 0.2273 0.0001 1.9306
1.1791 1.6606 0.2232 0.0002 1.9313
1.1782 1.6595 0.2215 0.0002 1.9305
1.1771 1.6615 0.2220 0.0002 1.9313
1.1771 1.6628 0.2238 0.0001 1.9317
1.1764 1.6637 0.2245 0.0001 1.9320
1.1762 1.6650 0.2273 0.0001 1.9325
1.1726 1.6623 0.2308 0.0001 1.9308
1.1732 1.6642 0.2281 0.0001 1.9316
1.1741 1.6637 0.2301 0.0001 1.9311
1.1730 1.6631 0.2290 0.0001 1.9307
1.1739 1.6648 0.2284 0.0001 1.9315
1.1726 1.6654 0.2286 0.0001 1.9319
1.1722 1.6659 0.2300 0.0001 1.9320
1.1734 1.6665 0.2298 0.0001 1.9323
1.1702 1.6624 0.2250 0.0001 1.9298
1.1841 1.6750 0.2127 0.0003 1.9385
1.1842 1.6753 0.2125 0.0003 1.9384
1.1845 1.6756 0.2124 0.0003 1.9383
1.1845 1.6760 0.2128 0.0003 1.9383
1.1877 1.6722 0.2105 0.0004 1.9373
1.1874 1.6717 0.2106 0.0004 1.9367
1.1876 1.6684 0.2092 0.0004 1.9350
1.2032 1.6780 0.1845 0.0018 1.9397
1.2048 1.6830 0.1814 0.0022 1.9421
1.2055 1.6824 0.1814 0.0022 1.9415
1.2051 1.6827 0.1806 0.0023 1.9416
1.2073 1.6846 0.1790 0.0025 1.9422
1.2102 1.6873 0.1797 0.0024 1.9436
1.2095 1.6852 0.1819 0.0021 1.9423
1.2072 1.6851 0.1803 0.0023 1.9423
1.2073 1.6853 0.1803 0.0023 1.9423
1.2209 1.6864 0.1712 0.0039 1.9474
1.2157 1.6790 0.1745 0.0032 1.9437
1.2159 1.6783 0.1750 0.0031 1.9430
1.2160 1.6766 0.1775 0.0027 1.9419
1.2143 1.6747 0.1779 0.0027 1.9406
1.2103 1.6701 0.1815 0.0022 1.9383
1.2079 1.6691 0.1841 0.0019 1.9373
1.2072 1.6714 0.1821 0.0021 1.9385
1.2045 1.6694 0.1845 0.0018 1.9372
1.2058 1.6666 0.1846 0.0018 1.9358
1.2053 1.6679 0.1840 0.0019 1.9361
1.2065 1.6668 0.1844 0.0018 1.9354
1.2066 1.6669 0.1846 0.0018 1.9350
1.2075 1.6656 0.1854 0.0017 1.9341
1.2063 1.6670 0.1859 0.0017 1.9345
1.2039 1.6676 0.1843 0.0019 1.9349
1.2120 1.6673 0.1792 0.0025 1.9358
1.2133 1.6674 0.1782 0.0026 1.9354
1.2105 1.6661 0.1818 0.0021 1.9345
1.2152 1.6662 0.1800 0.0024 1.9347
1.2149 1.6674 0.1797 0.0024 1.9349
1.2144 1.6629 0.1863 0.0016 1.9327
1.2141 1.6634 0.1861 0.0017 1.9326
1.2135 1.6619 0.1888 0.0014 1.9315
1.2098 1.6584 0.1939 0.0010 1.9296
1.2096 1.6576 0.1951 0.0010 1.9289
1.2091 1.6580 0.1955 0.0009 1.9288
1.2093 1.6589 0.1894 0.0014 1.9293
1.2098 1.6577 0.1915 0.0012 1.9286
1.2071 1.6550 0.1933 0.0011 1.9270
1.2090 1.6543 0.1912 0.0012 1.9263
1.2080 1.6533 0.1930 0.0011 1.9255
1.2059 1.6480 0.2024 0.0006 1.9229
1.2044 1.6484 0.2026 0.0006 1.9229
1.2033 1.6444 0.2103 0.0004 1.9207
1.2026 1.6428 0.2141 0.0003 1.9196
1.1989 1.6371 0.2198 0.0002 1.9166
1.1974 1.6362 0.2196 0.0002 1.9160
1.1976 1.6352 0.2218 0.0002 1.9152
1.1971 1.6375 0.2184 0.0002 1.9163
1.1964 1.6372 0.2179 0.0002 1.9159
1.1964 1.6381 0.2166 0.0002 1.9161
1.1963 1.6381 0.2165 0.0002 1.9159
1.1926 1.6358 0.2185 0.0002 1.9147
1.1925 1.6367 0.2175 0.0002 1.9149
1.1925 1.6364 0.2175 0.0002 1.9145
1.1909 1.6359 0.2183 0.0002 1.9140
1.1910 1.6364 0.2176 0.0002 1.9141
1.1925 1.6358 0.2175 0.0002 1.9137
1.1921 1.6373 0.2151 0.0003 1.9144
1.1930 1.6367 0.2161 0.0002 1.9140
1.1901 1.6346 0.2192 0.0002 1.9128
1.1964 1.6348 0.2185 0.0002 1.9129
1.1957 1.6354 0.2167 0.0002 1.9132
1.1967 1.6351 0.2165 0.0002 1.9128
1.1984 1.6382 0.2165 0.0002 1.9145
1.1983 1.6360 0.2200 0.0002 1.9133
1.1970 1.6363 0.2203 0.0002 1.9133
1.1968 1.6364 0.2160 0.0003 1.9135
1.1972 1.6366 0.2156 0.0003 1.9135
1.1967 1.6365 0.2158 0.0003 1.9132
1.1879 1.6246 0.2346 0.0001 1.9073
1.1863 1.6243 0.2334 0.0001 1.9072
1.1827 1.6215 0.2372 0.0001 1.9059
1.1821 1.6208 0.2378 0.0001 1.9053
1.1832 1.6214 0.2367 0.0001 1.9053
1.1831 1.6214 0.2367 0.0001 1.9051
1.1832 1.6215 0.2366 0.0001 1.9050
1.1830 1.6226 0.2345 0.0001 1.9054
1.1836 1.6253 0.2286 0.0001 1.9069
1.1818 1.6251 0.2287 0.0001 1.9068
1.1794 1.6227 0.2321 0.0001 1.9056
1.1788 1.6228 0.2319 0.0001 1.9055
1.1782 1.6225 0.2327 0.0001 1.9051
1.1781 1.6225 0.2327 0.0001 1.9049
1.1768 1.6219 0.2336 0.0001 1.9046
1.1766 1.6219 0.2337 0.0001 1.9044
1.1748 1.6222 0.2335 0.0001 1.9045
1.1722 1.6203 0.2377 0.0001 1.9034
1.1711 1.6208 0.2371 0.0001 1.9036
1.1715 1.6221 0.2346 0.0001 1.9043
1.1762 1.6166 0.2450 0.0000 1.9066
1.1750 1.6170 0.2442 0.0000 1.9067
1.1752 1.6171 0.2440 0.0000 1.9064
1.1757 1.6166 0.2447 0.0000 1.9059
1.1750 1.6166 0.2449 0.0000 1.9056
1.1750 1.6163 0.2455 0.0000 1.9051
1.1727 1.6157 0.2472 0.0000 1.9046
1.1705 1.6149 0.2491 0.0000 1.9040
1.1716 1.6154 0.2481 0.0000 1.9042
1.1716 1.6157 0.2476 0.0000 1.9041
1.1709 1.6101 0.2595 0.0000 1.9022
1.1731 1.6082 0.2643 0.0000 1.9032
1.1729 1.6085 0.2633 0.0000 1.9033
1.1748 1.6087 0.2633 0.0000 1.9035
1.1723 1.6082 0.2643 0.0000 1.9030
1.1724 1.6080 0.2647 0.0000 1.9026
1.1723 1.6087 0.2629 0.0000 1.9029
1.1791 1.6152 0.2536 0.0000 1.9136
1.1787 1.6152 0.2537 0.0000 1.9131
1.1789 1.6151 0.2540 0.0000 1.9127
1.1806 1.6166 0.2522 0.0000 1.9136
1.1804 1.6165 0.2523 0.0000 1.9131
1.1810 1.6166 0.2531 0.0000 1.9130
1.1820 1.6180 0.2492 0.0000 1.9137
1.1818 1.6182 0.2489 0.0000 1.9133
1.1824 1.6183 0.2487 0.0000 1.9130
1.1823 1.6185 0.2474 0.0000 1.9129
1.1829 1.6187 0.2469 0.0000 1.9126
1.1810 1.6181 0.2483 0.0000 1.9121
1.1802 1.6187 0.2472 0.0000 1.9121
1.1800 1.6181 0.2485 0.0000 1.9115
1.1797 1.6185 0.2478 0.0000 1.9113
1.1796 1.6200 0.2453 0.0000 1.9118
1.1804 1.6205 0.2445 0.0000 1.9117
1.1793 1.6206 0.2443 0.0000 1.9116
1.1792 1.6206 0.2444 0.0000 1.9112
1.1795 1.6220 0.2409 0.0000 1.9119
1.1788 1.6224 0.2406 0.0000 1.9118
1.1767 1.6224 0.2405 0.0000 1.9118
1.1772 1.6219 0.2432 0.0000 1.9120
1.1968 1.6379 0.2246 0.0001 1.9409
1.1948 1.6350 0.2278 0.0001 1.9395
1.1949 1.6350 0.2278 0.0001 1.9390
1.1933 1.6325 0.2305 0.0001 1.9377
1.1934 1.6326 0.2305 0.0001 1.9371
1.1911 1.6315 0.2321 0.0001 1.9363
1.1924 1.6315 0.2312 0.0001 1.9359
1.1921 1.6315 0.2313 0.0001 1.9354
1.1916 1.6324 0.2292 0.0001 1.9356
1.1905 1.6326 0.2295 0.0001 1.9352
1.1873 1.6288 0.2336 0.0001 1.9342
1.1872 1.6282 0.2348 0.0001 1.9334
1.1865 1.6282 0.2352 0.0001 1.9329
1.1878 1.6308 0.2300 0.0001 1.9338
1.1903 1.6310 0.2285 0.0001 1.9340
1.1894 1.6312 0.2286 0.0001 1.9337
1.1881 1.6308 0.2299 0.0001 1.9330
1.1901 1.6307 0.2294 0.0001 1.9331
1.1901 1.6297 0.2315 0.0001 1.9323
1.1918 1.6297 0.2318 0.0001 1.9326
1.1921 1.6299 0.2315 0.0001 1.9322
1.1924 1.6300 0.2312 0.0001 1.9317
1.1918 1.6253 0.2409 0.0000 1.9341
1.1921 1.6254 0.2409 0.0000 1.9336
1.1920 1.6260 0.2386 0.0001 1.9337
1.1917 1.6261 0.2383 0.0001 1.9333
1.1900 1.6261 0.2386 0.0001 1.9331
1.1912 1.6264 0.2386 0.0001 1.9329
1.1915 1.6244 0.2422 0.0000 1.9319
1.1919 1.6236 0.2435 0.0000 1.9314
1.1915 1.6238 0.2433 0.0000 1.9310
1.1916 1.6237 0.2439 0.0000 1.9305
1.1923 1.6241 0.2436 0.0000 1.9302
1.1930 1.6241 0.2434 0.0000 1.9298
1.1937 1.6243 0.2431 0.0000 1.9294
1.1936 1.6245 0.2426 0.0000 1.9291
1.1935 1.6241 0.2438 0.0000 1.9285
1.1925 1.6240 0.2443 0.0000 1.9280
1.1914 1.6237 0.2440 0.0000 1.9279
1.1901 1.6234 0.2444 0.0000 1.9274
1.1885 1.6230 0.2456 0.0000 1.9268
1.1949 1.6244 0.2438 0.0000 1.9304
1.1948 1.6252 0.2426 0.0000 1.9303
1.1958 1.6249 0.2426 0.0000 1.9300
1.1942 1.6241 0.2441 0.0000 1.9293
1.1953 1.6242 0.2438 0.0000 1.9291
1.1954 1.6242 0.2438 0.0000 1.9287
1.1953 1.6242 0.2437 0.0000 1.9282
1.1936 1.6237 0.2449 0.0000 1.9276
1.1939 1.6243 0.2437 0.0000 1.9275
1.1931 1.6242 0.2432 0.0000 1.9272
1.1934 1.6244 0.2431 0.0000 1.9268
1.1914 1.6236 0.2445 0.0000 1.9262
1.1911 1.6238 0.2433 0.0000 1.9260
1.1915 1.6236 0.2442 0.0000 1.9258
1.1905 1.6238 0.2441 0.0000 1.9257
1.1905 1.6239 0.2440 0.0000 1.9253
1.1895 1.6238 0.2441 0.0000 1.9249
1.1905 1.6235 0.2455 0.0000 1.9247
1.1904 1.6240 0.2444 0.0000 1.9246
1.1896 1.6241 0.2447 0.0000 1.9243
1.1900 1.6242 0.2448 0.0000 1.9240
1.1899 1.6230 0.2472 0.0000 1.9231
1.1900 1.6231 0.2472 0.0000 1.9228
1.1899 1.6234 0.2469 0.0000 1.9225
1.1899 1.6234 0.2469 0.0000 1.9221
1.1895 1.6234 0.2470 0.0000 1.9218
1.1907 1.6235 0.2469 0.0000 1.9216
1.1888 1.6231 0.2466 0.0000 1.9212
1.1885 1.6231 0.2467 0.0000 1.9209
1.1874 1.6226 0.2479 0.0000 1.9203
1.1873 1.6227 0.2476 0.0000 1.9200
1.1869 1.6227 0.2474 0.0000 1.9197
1.1871 1.6228 0.2474 0.0000 1.9194
1.1859 1.6226 0.2479 0.0000 1.9190
1.1857 1.6229 0.2474 0.0000 1.9188
1.1857 1.6228 0.2475 0.0000 1.9185
1.1853 1.6230 0.2469 0.0000 1.9183
1.1848 1.6232 0.2463 0.0000 1.9182
1.1848 1.6228 0.2471 0.0000 1.9176
1.1840 1.6226 0.2478 0.0000 1.9172
1.1832 1.6225 0.2480 0.0000 1.9169
1.1832 1.6219 0.2489 0.0000 1.9164
1.1827 1.6220 0.2490 0.0000 1.9161
1.1839 1.6216 0.2499 0.0000 1.9160
1.1835 1.6217 0.2490 0.0000 1.9159
1.1824 1.6215 0.2490 0.0000 1.9156
1.1832 1.6226 0.2482 0.0000 1.9159
1.1818 1.6219 0.2493 0.0000 1.9153
1.1818 1.6219 0.2493 0.0000 1.9150
1.1806 1.6216 0.2500 0.0000 1.9146
1.1803 1.6215 0.2501 0.0000 1.9143
1.1793 1.6218 0.2498 0.0000 1.9143
1.1793 1.6218 0.2498 0.0000 1.9140
1.1790 1.6214 0.2506 0.0000 1.9136
1.1786 1.6218 0.2501 0.0000 1.9137
1.1797 1.6226 0.2491 0.0000 1.9137
1.1797 1.6226 0.2491 0.0000 1.9135
1.1793 1.6225 0.2494 0.0000 1.9131
1.1787 1.6225 0.2493 0.0000 1.9130
1.1766 1.6212 0.2517 0.0000 1.9122
1.1758 1.6212 0.2521 0.0000 1.9120
1.1738 1.6182 0.2556 0.0000 1.9108
1.1734 1.6176 0.2555 0.0000 1.9106
1.1732 1.6176 0.2557 0.0000 1.9103
1.1729 1.6180 0.2546 0.0000 1.9104
1.1732 1.6176 0.2551 0.0000 1.9101
1.1720 1.6169 0.2565 0.0000 1.9095
1.1727 1.6168 0.2564 0.0000 1.9093
1.1764 1.6181 0.2559 0.0000 1.9105
1.1774 1.6185 0.2551 0.0000 1.9104
1.1777 1.6182 0.2557 0.0000 1.9101
1.1773 1.6181 0.2556 0.0000 1.9099
1.1770 1.6179 0.2560 0.0000 1.9095
1.1759 1.6174 0.2571 0.0000 1.9091
1.1754 1.6168 0.2579 0.0000 1.9086
1.1746 1.6165 0.2582 0.0000 1.9083
1.1739 1.6165 0.2578 0.0000 1.9081
1.1717 1.6147 0.2607 0.0000 1.9072
1.1725 1.6144 0.2608 0.0000 1.9069
1.1708 1.6139 0.2622 0.0000 1.9065
1.1717 1.6137 0.2624 0.0000 1.9064
1.1671 1.6100 0.2682 0.0000 1.9046
1.1688 1.6107 0.2672 0.0000 1.9049
1.1688 1.6107 0.2672 0.0000 1.9047
1.1678 1.6100 0.2678 0.0000 1.9043
1.1676 1.6105 0.2670 0.0000 1.9044
1.1680 1.6104 0.2671 0.0000 1.9042
1.1677 1.6107 0.2662 0.0000 1.9042
1.1684 1.6113 0.2652 0.0000 1.9043
1.1698 1.6118 0.2651 0.0000 1.9045
1.1696 1.6118 0.2651 0.0000 1.9043
1.1686 1.6116 0.2644 0.0000 1.9044
1.1688 1.6117 0.2644 0.0000 1.9043
1.1686 1.6117 0.2644 0.0000 1.9040
1.1656 1.6081 0.2695 0.0000 1.9024
1.1677 1.6089 0.2675 0.0000 1.9028
1.1649 1.6063 0.2713 0.0000 1.9018
1.1660 1.6069 0.2702 0.0000 1.9019
1.1660 1.6069 0.2702 0.0000 1.9017
1.1647 1.6038 0.2762 0.0000 1.9004
1.1639 1.6038 0.2761 0.0000 1.9003
1.1634 1.6040 0.2758 0.0000 1.9002
1.1621 1.6027 0.2778 0.0000 1.8995
1.1632 1.6036 0.2773 0.0000 1.9000
1.1632 1.6035 0.2780 0.0000 1.8998
1.1638 1.6031 0.2789 0.0000 1.8997
1.1638 1.6034 0.2785 0.0000 1.8996
1.1638 1.6037 0.2780 0.0000 1.8996
1.1622 1.6021 0.2802 0.0000 1.8987
1.1628 1.6025 0.2795 0.0000 1.8988
1.1629 1.6027 0.2793 0.0000 1.8987
1.1619 1.5977 0.2883 0.0000 1.8967
1.1618 1.5977 0.2883 0.0000 1.8965
1.1618 1.5974 0.2890 0.0000 1.8962
1.1619 1.5974 0.2890 0.0000 1.8960
1.1621 1.5975 0.2890 0.0000 1.8958
1.1614 1.5973 0.2893 0.0000 1.8956
1.1608 1.5970 0.2898 0.0000 1.8953
1.1608 1.5970 0.2898 0.0000 1.8951
1.1600 1.5972 0.2888 0.0000 1.8955
1.1605 1.5972 0.2893 0.0000 1.8954
1.1599 1.5975 0.2881 0.0000 1.8957
1.1598 1.5975 0.2881 0.0000 1.8955
1.1596 1.5978 0.2875 0.0000 1.8956
1.1597 1.5977 0.2876 0.0000 1.8953
1.1642 1.5982 0.2873 0.0000 1.8974
1.1638 1.5984 0.2868 0.0000 1.8973
1.1624 1.5977 0.2880 0.0000 1.8968
1.1640 1.5968 0.2897 0.0000 1.8970
1.1641 1.5965 0.2902 0.0000 1.8967
1.1635 1.5962 0.2907 0.0000 1.8963
1.1635 1.5963 0.2906 0.0000 1.8961
1.1633 1.5955 0.2924 0.0000 1.8956
1.1637 1.5955 0.2924 0.0000 1.8954
1.1635 1.5954 0.2926 0.0000 1.8952
1.1618 1.5945 0.2940 0.0000 1.8947
1.1620 1.5943 0.2943 0.0000 1.8945
1.1615 1.5947 0.2935 0.0000 1.8945
1.1615 1.5946 0.2938 0.0000 1.8943
1.1605 1.5937 0.2952 0.0000 1.8937
1.1621 1.5973 0.2881 0.0000 1.8956
1.1618 1.5974 0.2878 0.0000 1.8955
1.1612 1.5976 0.2875 0.0000 1.8955
1.1614 1.5977 0.2873 0.0000 1.8954
1.1619 1.5979 0.2870 0.0000 1.8953
1.1615 1.5980 0.2867 0.0000 1.8952
1.1611 1.5988 0.2852 0.0000 1.8956
1.1607 1.5987 0.2853 0.0000 1.8954
1.1610 1.5994 0.2840 0.0000 1.8956
1.1582 1.5965 0.2890 0.0000 1.8943
1.1562 1.5955 0.2909 0.0000 1.8937
1.1567 1.5958 0.2906 0.0000 1.8938
1.1559 1.5957 0.2906 0.0000 1.8937
1.1562 1.5958 0.2904 0.0000 1.8935
1.1574 1.5961 0.2898 0.0000 1.8936
1.1580 1.5962 0.2897 0.0000 1.8936
1.1567 1.5955 0.2908 0.0000 1.8933
1.1584 1.5980 0.2862 0.0000 1.8944
1.1572 1.5972 0.2876 0.0000 1.8940
1.1574 1.5974 0.2872 0.0000 1.8939
1.1576 1.5994 0.2835 0.0000 1.8948
1.1575 1.5993 0.2836 0.0000 1.8946
1.1561 1.5989 0.2844 0.0000 1.8944
1.1560 1.5989 0.2845 0.0000 1.8942
1.1556 1.5988 0.2847 0.0000 1.8940
1.1564 1.5977 0.2869 0.0000 1.8938
1.1563 1.5978 0.2867 0.0000 1.8937
1.1556 1.5957 0.2907 0.0000 1.8926
1.1556 1.5954 0.2912 0.0000 1.8923
1.1555 1.5925 0.2967 0.0000 1.8919
1.1551 1.5924 0.2968 0.0000 1.8917
1.1544 1.5923 0.2970 0.0000 1.8914
1.1555 1.5926 0.2964 0.0000 1.8915
1.1554 1.5920 0.2976 0.0000 1.8911
1.1550 1.5920 0.2976 0.0000 1.8910
1.1529 1.5911 0.2991 0.0000 1.8903
1.1527 1.5907 0.3000 0.0000 1.8899
1.1527 1.5907 0.3000 0.0000 1.8897
1.1532 1.5904 0.3007 0.0000 1.8896
1.1533 1.5905 0.3005 0.0000 1.8895
1.1534 1.5907 0.3002 0.0000 1.8894
1.1533 1.5907 0.3002 0.0000 1.8893
1.1518 1.5895 0.3024 0.0000 1.8885
1.1515 1.5894 0.3025 0.0000 1.8883
1.1513 1.5894 0.3025 0.0000 1.8882
1.1511 1.5893 0.3026 0.0000 1.8880
1.1502 1.5886 0.3039 0.0000 1.8875
1.1500 1.5885 0.3040 0.0000 1.8873
