1.1845 1.7345 0.2257 0.0001 1.6879
1.1831 1.7327 0.2258 0.0001 1.6893
1.1935 1.7446 0.2260 0.0001 1.7043
1.2077 1.7602 0.2200 0.0002 1.7235
1.2089 1.7617 0.2190 0.0002 1.7294
1.2106 1.7687 0.2199 0.0002 1.7349
1.2120 1.7707 0.2185 0.0002 1.7414
1.1869 1.7471 0.2486 0.0000 1.6994
1.1728 1.7283 0.2677 0.0000 1.6844
1.1592 1.7132 0.2763 0.0000 1.6692
1.1637 1.7253 0.2686 0.0000 1.6730
1.1715 1.7350 0.2634 0.0000 1.6818
1.1751 1.7388 0.2627 0.0000 1.6896
1.1754 1.7373 0.2632 0.0000 1.6908
1.1756 1.7371 0.2626 0.0000 1.6928
1.1746 1.7325 0.2660 0.0000 1.6931
1.1670 1.7222 0.2668 0.0000 1.6804
1.1667 1.7246 0.2658 0.0000 1.6823
1.1656 1.7232 0.2599 0.0000 1.6813
1.1662 1.7232 0.2599 0.0000 1.6839
1.1615 1.7273 0.2532 0.0000 1.6725
1.1626 1.7282 0.2536 0.0000 1.6758
1.1651 1.7269 0.2507 0.0000 1.6764
1.1651 1.7269 0.2532 0.0000 1.6776
1.1674 1.7280 0.2491 0.0000 1.6830
1.1610 1.7207 0.2525 0.0000 1.6751
1.1607 1.7200 0.2526 0.0000 1.6758
1.1549 1.7125 0.2563 0.0000 1.6657
1.1516 1.7081 0.2577 0.0000 1.6615
1.1527 1.7100 0.2609 0.0000 1.6653
1.1414 1.7108 0.2861 0.0000 1.6340
1.1378 1.7027 0.2893 0.0000 1.6319
1.1410 1.6950 0.2858 0.0000 1.6353
1.1421 1.6995 0.2951 0.0000 1.6315
1.1425 1.6981 0.2895 0.0000 1.6277
1.1392 1.6894 0.2926 0.0000 1.6260
1.1426 1.6942 0.2951 0.0000 1.6341
1.1402 1.6993 0.2954 0.0000 1.6342
1.1416 1.7017 0.2930 0.0000 1.6361
1.1348 1.6936 0.2972 0.0000 1.6331
1.1350 1.6942 0.2982 0.0000 1.6331
1.1399 1.7042 0.2953 0.0000 1.6350
1.1341 1.6935 0.3002 0.0000 1.6306
1.1416 1.7039 0.2904 0.0000 1.6348
1.1400 1.7014 0.2920 0.0000 1.6335
1.1388 1.6994 0.2928 0.0000 1.6318
1.1427 1.7042 0.2904 0.0000 1.6358
1.1419 1.7045 0.2920 0.0000 1.6345
1.1420 1.6963 0.2951 0.0000 1.6330
1.1429 1.6976 0.2898 0.0000 1.6314
1.1394 1.6977 0.3040 0.0000 1.6303
1.1395 1.6973 0.3036 0.0000 1.6296
1.1402 1.6992 0.3025 0.0000 1.6295
1.1310 1.6874 0.3129 0.0000 1.6234
1.1289 1.6837 0.3156 0.0000 1.6214
1.1283 1.6828 0.3160 0.0000 1.6207
1.1275 1.6826 0.3116 0.0000 1.6203
1.1257 1.6801 0.3113 0.0000 1.6191
1.1267 1.6768 0.3154 0.0000 1.6193
1.1278 1.6779 0.3129 0.0000 1.6201
1.1295 1.6838 0.3169 0.0000 1.6193
1.1291 1.6829 0.3171 0.0000 1.6185
1.1252 1.6769 0.3248 0.0000 1.6166
1.1243 1.6756 0.3252 0.0000 1.6155
1.1214 1.6722 0.3241 0.0000 1.6145
1.1214 1.6704 0.3201 0.0000 1.6145
1.1210 1.6693 0.3203 0.0000 1.6137
1.1193 1.6652 0.3229 0.0000 1.6118
1.1195 1.6641 0.3211 0.0000 1.6116
1.1172 1.6591 0.3228 0.0000 1.6107
1.1190 1.6630 0.3204 0.0000 1.6119
1.1191 1.6631 0.3202 0.0000 1.6116
1.1156 1.6589 0.3236 0.0000 1.6096
1.1196 1.6647 0.3208 0.0000 1.6110
1.1237 1.6684 0.3190 0.0000 1.6124
1.1237 1.6643 0.3217 0.0000 1.6115
1.1254 1.6671 0.3211 0.0000 1.6120
1.1248 1.6675 0.3227 0.0000 1.6111
1.1248 1.6691 0.3251 0.0000 1.6110
1.1278 1.6726 0.3214 0.0000 1.6125
1.1213 1.6644 0.3307 0.0000 1.6087
1.1224 1.6626 0.3300 0.0000 1.6075
1.1187 1.6603 0.3345 0.0000 1.6056
1.1189 1.6616 0.3321 0.0000 1.6058
1.1208 1.6629 0.3284 0.0000 1.6074
1.1222 1.6529 0.3238 0.0000 1.6093
1.1279 1.6620 0.3175 0.0000 1.6119
1.1271 1.6607 0.3187 0.0000 1.6110
1.1266 1.6584 0.3199 0.0000 1.6099
1.1268 1.6594 0.3195 0.0000 1.6097
1.1265 1.6598 0.3191 0.0000 1.6091
1.1242 1.6562 0.3206 0.0000 1.6081
1.1242 1.6550 0.3194 0.0000 1.6086
1.1245 1.6549 0.3193 0.0000 1.6084
1.1245 1.6551 0.3195 0.0000 1.6081
1.1254 1.6574 0.3186 0.0000 1.6090
1.1252 1.6560 0.3182 0.0000 1.6083
1.1254 1.6566 0.3181 0.0000 1.6084
1.1253 1.6570 0.3186 0.0000 1.6080
1.1256 1.6560 0.3184 0.0000 1.6078
1.1237 1.6491 0.3211 0.0000 1.6072
1.1202 1.6438 0.3251 0.0000 1.6055
1.1202 1.6452 0.3268 0.0000 1.6044
1.1242 1.6505 0.3224 0.0000 1.6057
1.1248 1.6501 0.3204 0.0000 1.6059
1.1252 1.6505 0.3198 0.0000 1.6060
1.1244 1.6493 0.3225 0.0000 1.6048
1.1248 1.6501 0.3223 0.0000 1.6048
1.1216 1.6449 0.3265 0.0000 1.6028
1.1221 1.6447 0.3252 0.0000 1.6031
1.1201 1.6423 0.3292 0.0000 1.6014
1.1197 1.6412 0.3260 0.0000 1.6027
1.1197 1.6411 0.3261 0.0000 1.6025
1.1156 1.6366 0.3327 0.0000 1.6004
1.1178 1.6408 0.3306 0.0000 1.6016
1.1165 1.6403 0.3346 0.0000 1.6003
1.1178 1.6420 0.3321 0.0000 1.6014
1.1179 1.6428 0.3321 0.0000 1.6015
1.1189 1.6412 0.3303 0.0000 1.6019
1.1204 1.6428 0.3338 0.0000 1.6014
1.1201 1.6422 0.3345 0.0000 1.6010
1.1247 1.6476 0.3280 0.0000 1.6043
1.1232 1.6434 0.3289 0.0000 1.6041
1.1224 1.6424 0.3298 0.0000 1.6035
1.1224 1.6384 0.3306 0.0000 1.6032
1.1213 1.6373 0.3300 0.0000 1.6029
1.1212 1.6391 0.3305 0.0000 1.6022
1.1183 1.6364 0.3333 0.0000 1.6002
1.1166 1.6332 0.3314 0.0000 1.6011
1.1164 1.6321 0.3319 0.0000 1.6008
1.1163 1.6320 0.3319 0.0000 1.6007
1.1159 1.6322 0.3325 0.0000 1.6008
1.1149 1.6325 0.3367 0.0000 1.5985
1.1145 1.6340 0.3362 0.0000 1.5982
1.1148 1.6344 0.3376 0.0000 1.5979
1.1165 1.6371 0.3363 0.0000 1.5984
1.1173 1.6389 0.3342 0.0000 1.5989
1.1187 1.6420 0.3335 0.0000 1.6002
1.1177 1.6403 0.3331 0.0000 1.5999
1.1183 1.6418 0.3314 0.0000 1.6003
1.1183 1.6416 0.3315 0.0000 1.6001
1.1183 1.6416 0.3316 0.0000 1.6000
1.1183 1.6412 0.3317 0.0000 1.5999
1.1189 1.6418 0.3315 0.0000 1.6002
1.1163 1.6399 0.3314 0.0000 1.6001
1.1161 1.6395 0.3322 0.0000 1.5998
1.1152 1.6386 0.3330 0.0000 1.5991
1.1147 1.6378 0.3327 0.0000 1.5991
1.1165 1.6402 0.3329 0.0000 1.5996
1.1165 1.6394 0.3331 0.0000 1.5995
1.1159 1.6394 0.3331 0.0000 1.5992
1.1160 1.6394 0.3333 0.0000 1.5991
1.1177 1.6407 0.3314 0.0000 1.6003
1.1182 1.6427 0.3285 0.0000 1.6008
1.1159 1.6417 0.3295 0.0000 1.6000
1.1171 1.6395 0.3264 0.0000 1.6003
1.1167 1.6392 0.3292 0.0000 1.5994
1.1183 1.6434 0.3295 0.0000 1.5990
1.1183 1.6434 0.3288 0.0000 1.5995
1.1187 1.6435 0.3284 0.0000 1.5997
1.1219 1.6478 0.3221 0.0000 1.6032
1.1223 1.6482 0.3219 0.0000 1.6036
1.1231 1.6499 0.3222 0.0000 1.6032
1.1231 1.6496 0.3223 0.0000 1.6032
1.1232 1.6501 0.3222 0.0000 1.6033
1.1224 1.6495 0.3222 0.0000 1.6031
1.1224 1.6494 0.3217 0.0000 1.6032
1.1213 1.6481 0.3231 0.0000 1.6023
1.1212 1.6451 0.3223 0.0000 1.6022
1.1207 1.6424 0.3223 0.0000 1.6023
1.1205 1.6422 0.3235 0.0000 1.6020
1.1181 1.6403 0.3316 0.0000 1.5993
1.1162 1.6371 0.3344 0.0000 1.5980
1.1166 1.6379 0.3340 0.0000 1.5982
1.1157 1.6364 0.3374 0.0000 1.5972
1.1144 1.6353 0.3388 0.0000 1.5962
1.1141 1.6347 0.3403 0.0000 1.5955
1.1161 1.6362 0.3406 0.0000 1.5962
1.1161 1.6361 0.3403 0.0000 1.5963
1.1154 1.6359 0.3403 0.0000 1.5964
1.1135 1.6332 0.3415 0.0000 1.5952
1.1134 1.6325 0.3396 0.0000 1.5954
1.1153 1.6348 0.3367 0.0000 1.5964
1.1150 1.6346 0.3383 0.0000 1.5959
1.1154 1.6352 0.3363 0.0000 1.5959
1.1157 1.6359 0.3354 0.0000 1.5962
1.1149 1.6344 0.3368 0.0000 1.5954
1.1127 1.6304 0.3370 0.0000 1.5952
1.1125 1.6301 0.3368 0.0000 1.5954
1.1137 1.6306 0.3364 0.0000 1.5963
1.1136 1.6305 0.3364 0.0000 1.5963
1.1137 1.6310 0.3359 0.0000 1.5967
1.1117 1.6292 0.3364 0.0000 1.5963
1.1126 1.6306 0.3319 0.0000 1.5983
1.1117 1.6301 0.3317 0.0000 1.5982
1.1134 1.6293 0.3304 0.0000 1.5993
1.1125 1.6255 0.3321 0.0000 1.5985
1.1119 1.6305 0.3309 0.0000 1.5984
1.1115 1.6278 0.3326 0.0000 1.5978
1.1089 1.6273 0.3362 0.0000 1.5962
1.1089 1.6273 0.3360 0.0000 1.5963
1.1092 1.6266 0.3352 0.0000 1.5972
1.1094 1.6256 0.3355 0.0000 1.5974
1.1089 1.6261 0.3363 0.0000 1.5968
1.1081 1.6275 0.3338 0.0000 1.5966
1.1062 1.6253 0.3358 0.0000 1.5952
1.1046 1.6249 0.3391 0.0000 1.5934
1.1050 1.6251 0.3381 0.0000 1.5936
1.1051 1.6251 0.3381 0.0000 1.5936
1.1052 1.6257 0.3379 0.0000 1.5938
1.1056 1.6258 0.3377 0.0000 1.5941
1.1064 1.6263 0.3378 0.0000 1.5947
1.1067 1.6289 0.3364 0.0000 1.5949
1.1060 1.6277 0.3371 0.0000 1.5944
1.1055 1.6271 0.3374 0.0000 1.5941
1.1082 1.6322 0.3341 0.0000 1.5956
1.1076 1.6314 0.3339 0.0000 1.5957
1.1070 1.6309 0.3346 0.0000 1.5951
1.1068 1.6307 0.3345 0.0000 1.5949
1.1065 1.6304 0.3344 0.0000 1.5949
1.1070 1.6330 0.3342 0.0000 1.5947
1.1077 1.6332 0.3352 0.0000 1.5945
1.1075 1.6326 0.3348 0.0000 1.5948
1.1074 1.6324 0.3347 0.0000 1.5949
1.1077 1.6326 0.3360 0.0000 1.5942
1.1076 1.6320 0.3354 0.0000 1.5943
1.1078 1.6328 0.3346 0.0000 1.5953
1.1067 1.6329 0.3380 0.0000 1.5951
1.1061 1.6321 0.3379 0.0000 1.5950
1.1059 1.6316 0.3381 0.0000 1.5950
1.1059 1.6314 0.3382 0.0000 1.5949
1.1057 1.6313 0.3386 0.0000 1.5949
1.1050 1.6301 0.3391 0.0000 1.5945
1.1053 1.6304 0.3393 0.0000 1.5947
1.1057 1.6310 0.3385 0.0000 1.5951
1.1051 1.6310 0.3383 0.0000 1.5952
1.1053 1.6308 0.3384 0.0000 1.5953
1.1052 1.6310 0.3388 0.0000 1.5953
1.1051 1.6309 0.3388 0.0000 1.5954
1.1062 1.6326 0.3378 0.0000 1.5967
1.1057 1.6323 0.3380 0.0000 1.5966
1.1049 1.6309 0.3391 0.0000 1.5961
1.1053 1.6312 0.3392 0.0000 1.5961
1.1052 1.6310 0.3392 0.0000 1.5962
1.1054 1.6322 0.3399 0.0000 1.5954
1.1063 1.6299 0.3393 0.0000 1.5960
1.1063 1.6297 0.3395 0.0000 1.5961
1.1061 1.6286 0.3395 0.0000 1.5960
1.1062 1.6289 0.3391 0.0000 1.5962
1.1057 1.6284 0.3395 0.0000 1.5963
1.1040 1.6297 0.3405 0.0000 1.5959
1.1051 1.6322 0.3392 0.0000 1.5966
1.1050 1.6340 0.3386 0.0000 1.5974
1.1050 1.6339 0.3387 0.0000 1.5974
1.1043 1.6338 0.3400 0.0000 1.5970
1.1045 1.6337 0.3401 0.0000 1.5974
1.1054 1.6346 0.3391 0.0000 1.5980
1.1021 1.6338 0.3448 0.0000 1.5955
1.1023 1.6340 0.3445 0.0000 1.5958
1.1022 1.6336 0.3435 0.0000 1.5962
1.1037 1.6359 0.3414 0.0000 1.5974
1.1023 1.6331 0.3451 0.0000 1.5963
1.1025 1.6329 0.3447 0.0000 1.5965
1.1027 1.6322 0.3448 0.0000 1.5963
1.1021 1.6313 0.3474 0.0000 1.5956
1.1025 1.6318 0.3478 0.0000 1.5955
1.1025 1.6314 0.3503 0.0000 1.5943
1.1017 1.6308 0.3509 0.0000 1.5939
1.1033 1.6289 0.3483 0.0000 1.5958
1.1030 1.6290 0.3476 0.0000 1.5960
1.1012 1.6247 0.3516 0.0000 1.5944
1.1008 1.6244 0.3514 0.0000 1.5944
1.1008 1.6264 0.3515 0.0000 1.5942
1.1004 1.6296 0.3513 0.0000 1.5947
1.1033 1.6307 0.3543 0.0000 1.5936
1.1036 1.6305 0.3537 0.0000 1.5938
1.1037 1.6309 0.3547 0.0000 1.5934
1.1029 1.6303 0.3584 0.0000 1.5920
1.1024 1.6302 0.3583 0.0000 1.5921
1.1025 1.6304 0.3582 0.0000 1.5923
1.1039 1.6342 0.3567 0.0000 1.5929
1.1026 1.6335 0.3571 0.0000 1.5918
1.1022 1.6325 0.3564 0.0000 1.5915
1.1030 1.6331 0.3541 0.0000 1.5921
1.1008 1.6299 0.3523 0.0000 1.5925
1.0995 1.6269 0.3544 0.0000 1.5912
1.1006 1.6304 0.3513 0.0000 1.5922
1.1006 1.6295 0.3517 0.0000 1.5921
1.1015 1.6299 0.3493 0.0000 1.5930
1.1012 1.6294 0.3508 0.0000 1.5926
1.0997 1.6321 0.3551 0.0000 1.5895
1.0997 1.6322 0.3550 0.0000 1.5896
1.0997 1.6319 0.3551 0.0000 1.5896
1.0993 1.6315 0.3556 0.0000 1.5893
1.0993 1.6304 0.3579 0.0000 1.5884
1.1001 1.6319 0.3567 0.0000 1.5892
1.1001 1.6319 0.3567 0.0000 1.5892
1.1000 1.6316 0.3569 0.0000 1.5892
1.0995 1.6307 0.3576 0.0000 1.5889
1.0991 1.6303 0.3578 0.0000 1.5888
1.0991 1.6303 0.3579 0.0000 1.5888
1.0990 1.6302 0.3579 0.0000 1.5888
1.0987 1.6297 0.3583 0.0000 1.5885
1.0985 1.6292 0.3574 0.0000 1.5887
1.0987 1.6286 0.3575 0.0000 1.5889
1.0988 1.6285 0.3575 0.0000 1.5890
1.0988 1.6285 0.3575 0.0000 1.5890
1.0991 1.6290 0.3577 0.0000 1.5893
1.0985 1.6283 0.3582 0.0000 1.5890
1.0983 1.6255 0.3596 0.0000 1.5878
1.0978 1.6227 0.3611 0.0000 1.5872
1.0973 1.6237 0.3613 0.0000 1.5871
1.0967 1.6228 0.3617 0.0000 1.5869
1.0946 1.6197 0.3651 0.0000 1.5854
1.0940 1.6184 0.3662 0.0000 1.5850
1.1010 1.6239 0.3619 0.0000 1.5877
1.1078 1.6318 0.3551 0.0000 1.5914
1.1062 1.6291 0.3570 0.0000 1.5904
1.1069 1.6316 0.3551 0.0000 1.5912
1.1068 1.6321 0.3551 0.0000 1.5911
1.1072 1.6327 0.3552 0.0000 1.5912
1.1072 1.6329 0.3556 0.0000 1.5913
1.1080 1.6337 0.3542 0.0000 1.5919
1.1079 1.6337 0.3544 0.0000 1.5919
1.1110 1.6381 0.3481 0.0000 1.5939
1.1111 1.6383 0.3479 0.0000 1.5940
1.1143 1.6483 0.3453 0.0000 1.5965
1.1141 1.6478 0.3458 0.0000 1.5961
1.1135 1.6461 0.3469 0.0000 1.5954
1.1136 1.6462 0.3471 0.0000 1.5952
1.1141 1.6445 0.3459 0.0000 1.5956
1.1141 1.6448 0.3456 0.0000 1.5957
1.1161 1.6483 0.3400 0.0000 1.5978
1.1152 1.6469 0.3406 0.0000 1.5975
1.1142 1.6462 0.3421 0.0000 1.5967
1.1141 1.6455 0.3421 0.0000 1.5969
1.1119 1.6426 0.3465 0.0000 1.5947
1.1112 1.6419 0.3464 0.0000 1.5946
1.1114 1.6427 0.3459 0.0000 1.5947
1.1114 1.6421 0.3454 0.0000 1.5950
1.1119 1.6427 0.3449 0.0000 1.5954
1.1111 1.6421 0.3456 0.0000 1.5950
1.1111 1.6431 0.3452 0.0000 1.5952
1.1112 1.6434 0.3451 0.0000 1.5954
1.1108 1.6427 0.3458 0.0000 1.5952
1.1113 1.6436 0.3452 0.0000 1.5956
1.1114 1.6436 0.3464 0.0000 1.5954
1.1119 1.6435 0.3444 0.0000 1.5961
1.1119 1.6435 0.3447 0.0000 1.5961
1.1123 1.6424 0.3412 0.0000 1.5965
1.1121 1.6421 0.3413 0.0000 1.5965
1.1121 1.6417 0.3413 0.0000 1.5965
1.1121 1.6416 0.3414 0.0000 1.5966
1.1141 1.6440 0.3401 0.0000 1.5977
1.1135 1.6438 0.3426 0.0000 1.5970
1.1136 1.6435 0.3420 0.0000 1.5974
1.1136 1.6455 0.3416 0.0000 1.5975
1.1133 1.6452 0.3417 0.0000 1.5975
1.1136 1.6458 0.3415 0.0000 1.5977
1.1134 1.6456 0.3419 0.0000 1.5976
1.1129 1.6451 0.3426 0.0000 1.5975
1.1129 1.6448 0.3434 0.0000 1.5971
1.1127 1.6445 0.3444 0.0000 1.5969
1.1127 1.6448 0.3431 0.0000 1.5978
1.1124 1.6442 0.3424 0.0000 1.5981
1.1123 1.6440 0.3426 0.0000 1.5981
1.1109 1.6408 0.3467 0.0000 1.5964
1.1107 1.6407 0.3464 0.0000 1.5963
1.1103 1.6395 0.3465 0.0000 1.5961
1.1097 1.6385 0.3472 0.0000 1.5957
1.1070 1.6341 0.3513 0.0000 1.5934
1.1065 1.6333 0.3520 0.0000 1.5931
1.1061 1.6328 0.3521 0.0000 1.5931
1.1055 1.6334 0.3528 0.0000 1.5929
1.1058 1.6352 0.3526 0.0000 1.5925
1.1058 1.6352 0.3526 0.0000 1.5925
1.1054 1.6350 0.3536 0.0000 1.5921
1.1059 1.6344 0.3543 0.0000 1.5917
1.1041 1.6311 0.3580 0.0000 1.5908
1.1036 1.6294 0.3586 0.0000 1.5903
1.1041 1.6321 0.3572 0.0000 1.5912
1.1051 1.6337 0.3560 0.0000 1.5916
1.1049 1.6334 0.3559 0.0000 1.5917
1.1049 1.6331 0.3557 0.0000 1.5918
1.1046 1.6324 0.3562 0.0000 1.5916
1.1038 1.6319 0.3602 0.0000 1.5890
1.1034 1.6305 0.3612 0.0000 1.5886
1.1045 1.6273 0.3604 0.0000 1.5893
1.1046 1.6273 0.3598 0.0000 1.5896
1.1046 1.6269 0.3590 0.0000 1.5896
1.1035 1.6278 0.3606 0.0000 1.5891
1.1029 1.6278 0.3606 0.0000 1.5888
1.1029 1.6274 0.3601 0.0000 1.5889
1.1030 1.6274 0.3597 0.0000 1.5891
1.1025 1.6269 0.3600 0.0000 1.5889
1.1019 1.6249 0.3604 0.0000 1.5887
1.1021 1.6259 0.3595 0.0000 1.5890
1.1023 1.6260 0.3590 0.0000 1.5892
1.1026 1.6263 0.3586 0.0000 1.5894
1.1024 1.6257 0.3593 0.0000 1.5891
1.1025 1.6261 0.3584 0.0000 1.5894
1.1033 1.6280 0.3579 0.0000 1.5896
1.1034 1.6280 0.3568 0.0000 1.5901
1.1037 1.6270 0.3532 0.0000 1.5903
1.1041 1.6269 0.3516 0.0000 1.5908
1.1045 1.6291 0.3515 0.0000 1.5905
1.1038 1.6322 0.3510 0.0000 1.5905
1.1035 1.6325 0.3513 0.0000 1.5903
1.1035 1.6324 0.3515 0.0000 1.5903
1.1035 1.6320 0.3517 0.0000 1.5902
1.1032 1.6307 0.3530 0.0000 1.5897
1.1026 1.6302 0.3530 0.0000 1.5894
1.1029 1.6305 0.3517 0.0000 1.5898
1.1035 1.6313 0.3512 0.0000 1.5901
1.1070 1.6353 0.3437 0.0000 1.5926
1.1066 1.6339 0.3452 0.0000 1.5922
1.1076 1.6346 0.3451 0.0000 1.5924
1.1069 1.6336 0.3466 0.0000 1.5918
1.1070 1.6334 0.3461 0.0000 1.5920
1.1066 1.6329 0.3465 0.0000 1.5919
1.1065 1.6322 0.3474 0.0000 1.5917
1.1064 1.6321 0.3474 0.0000 1.5917
1.1064 1.6340 0.3459 0.0000 1.5926
1.1084 1.6362 0.3451 0.0000 1.5932
1.1083 1.6358 0.3455 0.0000 1.5929
1.1080 1.6352 0.3463 0.0000 1.5926
1.1082 1.6358 0.3461 0.0000 1.5928
1.1080 1.6353 0.3466 0.0000 1.5926
1.1080 1.6352 0.3465 0.0000 1.5926
1.1081 1.6354 0.3464 0.0000 1.5927
1.1081 1.6351 0.3465 0.0000 1.5925
1.1070 1.6357 0.3490 0.0000 1.5917
1.1070 1.6357 0.3491 0.0000 1.5917
1.1070 1.6356 0.3491 0.0000 1.5917
1.1071 1.6353 0.3490 0.0000 1.5916
1.1076 1.6348 0.3481 0.0000 1.5920
1.1076 1.6349 0.3480 0.0000 1.5920
1.1072 1.6342 0.3491 0.0000 1.5917
1.1073 1.6341 0.3492 0.0000 1.5917
1.1071 1.6339 0.3490 0.0000 1.5917
1.1076 1.6359 0.3468 0.0000 1.5926
1.1076 1.6359 0.3470 0.0000 1.5925
1.1080 1.6361 0.3464 0.0000 1.5928
1.1075 1.6358 0.3496 0.0000 1.5918
1.1075 1.6357 0.3499 0.0000 1.5917
1.1075 1.6342 0.3496 0.0000 1.5918
1.1076 1.6333 0.3494 0.0000 1.5914
1.1089 1.6350 0.3477 0.0000 1.5923
1.1092 1.6353 0.3473 0.0000 1.5924
1.1090 1.6348 0.3475 0.0000 1.5923
1.1090 1.6347 0.3476 0.0000 1.5923
