0.4975 0.6592 0.3513 0.0000 0.9397
0.4978 0.6731 0.3391 0.0000 0.8632
0.4970 0.6685 0.3225 0.0000 0.8699
0.5049 0.6469 0.2849 0.0000 1.1307
0.4965 0.6676 0.3258 0.0000 0.8765
0.4982 0.6710 0.3297 0.0000 0.8752
0.4985 0.6733 0.3290 0.0000 0.8747
0.4981 0.6509 0.3394 0.0000 0.9156
0.4982 0.6706 0.3326 0.0000 0.8606
0.4939 0.6427 0.3387 0.0000 0.9207
0.4974 0.6662 0.3173 0.0000 0.8525
0.4969 0.6673 0.3201 0.0000 0.8484
0.4967 0.6662 0.3022 0.0000 0.8457
0.4930 0.6350 0.3384 0.0000 0.8953
0.4935 0.6593 0.3099 0.0000 0.8449
0.4932 0.6589 0.3069 0.0000 0.8502
0.4925 0.6537 0.3446 0.0000 0.8369
0.4924 0.6524 0.3438 0.0000 0.8400
0.4931 0.6564 0.3392 0.0000 0.8360
0.4931 0.6566 0.3407 0.0000 0.8265
0.4932 0.6555 0.3434 0.0000 0.8285
0.4932 0.6564 0.3430 0.0000 0.8321
0.4931 0.6565 0.3427 0.0000 0.8361
0.4927 0.6549 0.3392 0.0000 0.8407
0.4928 0.6570 0.3313 0.0000 0.8391
0.4916 0.6340 0.3433 0.0000 0.8783
0.4899 0.6510 0.3286 0.0000 0.8489
0.4899 0.6511 0.3314 0.0000 0.8509
0.4918 0.6330 0.3435 0.0000 0.8784
0.4904 0.6505 0.3274 0.0000 0.8595
0.4918 0.6546 0.3252 0.0000 0.8450
0.4918 0.6534 0.3233 0.0000 0.8459
0.4911 0.6363 0.3408 0.0000 0.8665
0.4918 0.6381 0.3395 0.0000 0.8625
0.4927 0.6571 0.3331 0.0000 0.8298
0.4922 0.6558 0.3342 0.0000 0.8336
0.4912 0.6539 0.3321 0.0000 0.8359
0.4904 0.6517 0.3352 0.0000 0.8398
0.4905 0.6488 0.3412 0.0000 0.8318
0.4907 0.6466 0.3430 0.0000 0.8206
0.4901 0.6470 0.3502 0.0000 0.8223
0.4900 0.6468 0.3508 0.0000 0.8254
0.4898 0.6461 0.3514 0.0000 0.8295
0.4902 0.6480 0.3502 0.0000 0.8289
0.4900 0.6478 0.3506 0.0000 0.8326
0.4905 0.6316 0.3537 0.0000 0.8619
0.4898 0.6453 0.3445 0.0000 0.8246
0.4901 0.6445 0.3441 0.0000 0.8289
0.4886 0.6419 0.3465 0.0000 0.8297
0.4895 0.6442 0.3471 0.0000 0.8166
0.4946 0.6318 0.3520 0.0000 0.8575
0.4964 0.6300 0.3488 0.0000 0.8273
0.4951 0.6327 0.3542 0.0000 0.8291
0.4963 0.6314 0.3539 0.0000 0.8230
0.4947 0.6298 0.3490 0.0000 0.8315
0.4926 0.6303 0.3490 0.0000 0.8133
0.4930 0.6296 0.3496 0.0000 0.8190
0.4933 0.6287 0.3511 0.0000 0.8188
0.4927 0.6305 0.3508 0.0000 0.8055
0.4926 0.6312 0.3506 0.0000 0.8152
0.4932 0.6306 0.3501 0.0000 0.8186
0.4928 0.6311 0.3496 0.0000 0.8189
0.4929 0.6316 0.3484 0.0000 0.8193
0.4935 0.6295 0.3539 0.0000 0.8168
0.4937 0.6293 0.3536 0.0000 0.8172
0.4948 0.6284 0.3528 0.0000 0.8248
0.4944 0.6283 0.3525 0.0000 0.8179
0.4955 0.6284 0.3524 0.0000 0.8185
0.4970 0.6286 0.3524 0.0000 0.8141
0.4963 0.6282 0.3520 0.0000 0.8184
0.4950 0.6306 0.3501 0.0000 0.8091
0.4945 0.6297 0.3517 0.0000 0.8085
0.4943 0.6325 0.3499 0.0000 0.8163
0.4939 0.6316 0.3514 0.0000 0.8135
0.4939 0.6318 0.3515 0.0000 0.8135
0.4941 0.6320 0.3515 0.0000 0.8136
0.4945 0.6320 0.3501 0.0000 0.8140
0.4948 0.6318 0.3500 0.0000 0.8143
0.4952 0.6341 0.3495 0.0000 0.8116
0.4952 0.6332 0.3496 0.0000 0.8110
0.4953 0.6333 0.3496 0.0000 0.8112
0.4952 0.6346 0.3495 0.0000 0.8039
0.4955 0.6358 0.3493 0.0000 0.8012
0.4955 0.6379 0.3489 0.0000 0.7973
0.4948 0.6374 0.3528 0.0000 0.7983
0.4954 0.6376 0.3508 0.0000 0.7993
0.4953 0.6376 0.3508 0.0000 0.7992
0.4948 0.6385 0.3486 0.0000 0.8001
0.5043 0.6487 0.3220 0.0000 0.8180
0.5030 0.6488 0.3221 0.0000 0.8157
0.5032 0.6479 0.3230 0.0000 0.8150
0.5036 0.6489 0.3209 0.0000 0.8163
0.5039 0.6497 0.3200 0.0000 0.8176
0.5037 0.6506 0.3208 0.0000 0.8152
0.5040 0.6511 0.3204 0.0000 0.8161
0.5020 0.6447 0.3249 0.0000 0.8081
0.5025 0.6449 0.3222 0.0000 0.8088
0.5020 0.6457 0.3222 0.0000 0.8087
0.5023 0.6464 0.3213 0.0000 0.8098
0.5018 0.6461 0.3204 0.0000 0.8093
0.5006 0.6450 0.3220 0.0000 0.8076
0.5006 0.6437 0.3226 0.0000 0.8065
0.5001 0.6426 0.3205 0.0000 0.8061
0.5003 0.6432 0.3181 0.0000 0.8067
0.5007 0.6438 0.3168 0.0000 0.8096
0.5006 0.6436 0.3164 0.0000 0.8096
0.4986 0.6380 0.3289 0.0000 0.7987
0.5008 0.6438 0.3171 0.0000 0.8093
0.5008 0.6454 0.3115 0.0000 0.8181
0.4987 0.6393 0.3236 0.0000 0.8068
0.5015 0.6459 0.3097 0.0000 0.8225
0.5014 0.6465 0.3094 0.0000 0.8211
0.5022 0.6469 0.3091 0.0000 0.8228
0.4981 0.6399 0.3241 0.0000 0.8066
0.4984 0.6446 0.3129 0.0000 0.8166
0.4952 0.6370 0.3257 0.0000 0.8036
0.4968 0.6415 0.3188 0.0000 0.8080
0.4961 0.6412 0.3207 0.0000 0.8058
0.4962 0.6418 0.3202 0.0000 0.8054
0.4950 0.6416 0.3235 0.0000 0.8043
0.4953 0.6403 0.3245 0.0000 0.8028
0.4959 0.6435 0.3210 0.0000 0.8025
0.4887 0.6450 0.3250 0.0000 0.8541
0.4887 0.6453 0.3258 0.0000 0.8539
0.4884 0.6445 0.3276 0.0000 0.8529
0.4883 0.6435 0.3299 0.0000 0.8527
0.4881 0.6437 0.3328 0.0000 0.8517
0.4880 0.6437 0.3331 0.0000 0.8518
0.4881 0.6447 0.3316 0.0000 0.8516
0.4892 0.6470 0.3252 0.0000 0.8536
0.4892 0.6469 0.3253 0.0000 0.8537
0.4897 0.6460 0.3259 0.0000 0.8533
0.4898 0.6462 0.3262 0.0000 0.8543
0.4899 0.6469 0.3248 0.0000 0.8533
0.4901 0.6475 0.3253 0.0000 0.8529
0.4901 0.6477 0.3259 0.0000 0.8528
0.4903 0.6484 0.3266 0.0000 0.8527
0.4904 0.6488 0.3259 0.0000 0.8528
0.4900 0.6478 0.3262 0.0000 0.8529
0.4912 0.6506 0.3281 0.0000 0.8542
0.4920 0.6519 0.3283 0.0000 0.8555
0.4934 0.6522 0.3270 0.0000 0.8542
0.4936 0.6521 0.3250 0.0000 0.8548
0.4935 0.6518 0.3257 0.0000 0.8546
0.4935 0.6515 0.3264 0.0000 0.8547
0.4936 0.6507 0.3239 0.0000 0.8543
0.4931 0.6497 0.3214 0.0000 0.8541
0.4930 0.6491 0.3229 0.0000 0.8545
0.4931 0.6503 0.3211 0.0000 0.8544
0.4931 0.6502 0.3211 0.0000 0.8544
0.4925 0.6490 0.3172 0.0000 0.8535
0.4924 0.6489 0.3171 0.0000 0.8536
0.4925 0.6484 0.3159 0.0000 0.8541
0.4926 0.6492 0.3169 0.0000 0.8535
0.4927 0.6494 0.3192 0.0000 0.8532
0.4925 0.6486 0.3177 0.0000 0.8532
0.4931 0.6498 0.3197 0.0000 0.8534
0.4925 0.6484 0.3211 0.0000 0.8528
0.4925 0.6488 0.3216 0.0000 0.8521
0.4929 0.6499 0.3176 0.0000 0.8524
0.4930 0.6499 0.3211 0.0000 0.8512
0.4926 0.6490 0.3226 0.0000 0.8511
0.4919 0.6475 0.3251 0.0000 0.8502
0.4919 0.6474 0.3251 0.0000 0.8502
0.4920 0.6477 0.3262 0.0000 0.8501
0.4921 0.6487 0.3237 0.0000 0.8505
0.4928 0.6500 0.3230 0.0000 0.8511
0.4928 0.6506 0.3240 0.0000 0.8504
0.4928 0.6507 0.3241 0.0000 0.8505
0.4934 0.6517 0.3199 0.0000 0.8510
0.4932 0.6512 0.3195 0.0000 0.8511
0.4932 0.6514 0.3188 0.0000 0.8524
0.4932 0.6515 0.3198 0.0000 0.8523
0.4930 0.6509 0.3212 0.0000 0.8522
0.4932 0.6513 0.3207 0.0000 0.8522
0.4936 0.6524 0.3200 0.0000 0.8525
0.4936 0.6525 0.3198 0.0000 0.8523
0.4940 0.6539 0.3185 0.0000 0.8527
0.4939 0.6534 0.3143 0.0000 0.8535
0.4939 0.6533 0.3146 0.0000 0.8534
0.4937 0.6533 0.3151 0.0000 0.8524
0.4940 0.6527 0.3148 0.0000 0.8520
0.4939 0.6532 0.3152 0.0000 0.8514
0.4940 0.6538 0.3247 0.0000 0.8517
0.4942 0.6553 0.3214 0.0000 0.8525
0.4943 0.6559 0.3209 0.0000 0.8517
0.4942 0.6552 0.3200 0.0000 0.8517
0.4942 0.6554 0.3206 0.0000 0.8508
0.4936 0.6543 0.3223 0.0000 0.8507
0.4938 0.6549 0.3221 0.0000 0.8508
0.4938 0.6540 0.3236 0.0000 0.8505
0.4938 0.6541 0.3238 0.0000 0.8504
0.4942 0.6550 0.3216 0.0000 0.8507
0.4946 0.6559 0.3211 0.0000 0.8506
0.4946 0.6560 0.3213 0.0000 0.8506
0.4953 0.6577 0.3162 0.0000 0.8516
0.4954 0.6581 0.3160 0.0000 0.8516
0.4955 0.6572 0.3170 0.0000 0.8515
0.4951 0.6559 0.3165 0.0000 0.8502
0.4949 0.6552 0.3170 0.0000 0.8501
0.4952 0.6559 0.3156 0.0000 0.8503
0.4959 0.6572 0.3125 0.0000 0.8504
0.4959 0.6571 0.3126 0.0000 0.8507
0.4954 0.6557 0.3159 0.0000 0.8499
0.4955 0.6562 0.3133 0.0000 0.8505
0.4955 0.6563 0.3137 0.0000 0.8504
0.4953 0.6567 0.3165 0.0000 0.8492
0.4952 0.6562 0.3169 0.0000 0.8492
0.4950 0.6557 0.3150 0.0000 0.8496
0.4953 0.6566 0.3136 0.0000 0.8503
0.4954 0.6572 0.3152 0.0000 0.8496
0.4958 0.6581 0.3180 0.0000 0.8498
0.4960 0.6585 0.3176 0.0000 0.8497
0.4959 0.6585 0.3176 0.0000 0.8497
0.4960 0.6587 0.3175 0.0000 0.8497
0.4959 0.6585 0.3176 0.0000 0.8497
0.4959 0.6585 0.3181 0.0000 0.8497
0.4957 0.6579 0.3200 0.0000 0.8495
0.4956 0.6574 0.3194 0.0000 0.8499
0.4953 0.6564 0.3197 0.0000 0.8495
0.4962 0.6583 0.3161 0.0000 0.8502
0.4959 0.6576 0.3166 0.0000 0.8501
0.4954 0.6561 0.3191 0.0000 0.8493
0.4955 0.6568 0.3212 0.0000 0.8483
0.4952 0.6555 0.3229 0.0000 0.8481
0.4950 0.6548 0.3227 0.0000 0.8484
0.4956 0.6548 0.3197 0.0000 0.8487
0.4954 0.6543 0.3210 0.0000 0.8485
0.4954 0.6543 0.3195 0.0000 0.8484
0.4959 0.6545 0.3146 0.0000 0.8495
0.4959 0.6543 0.3149 0.0000 0.8494
0.4960 0.6548 0.3152 0.0000 0.8494
0.4962 0.6555 0.3147 0.0000 0.8495
0.4961 0.6554 0.3152 0.0000 0.8504
0.4962 0.6559 0.3143 0.0000 0.8494
0.4963 0.6547 0.3162 0.0000 0.8485
0.4966 0.6555 0.3145 0.0000 0.8493
0.4965 0.6554 0.3148 0.0000 0.8490
0.4967 0.6561 0.3136 0.0000 0.8493
0.4967 0.6562 0.3130 0.0000 0.8493
0.4973 0.6573 0.3108 0.0000 0.8499
0.4972 0.6566 0.3096 0.0000 0.8500
0.4969 0.6562 0.3097 0.0000 0.8495
0.4969 0.6558 0.3096 0.0000 0.8493
0.4969 0.6558 0.3096 0.0000 0.8504
0.4970 0.6561 0.3099 0.0000 0.8504
0.4972 0.6558 0.3075 0.0000 0.8504
0.4974 0.6561 0.3069 0.0000 0.8510
0.4974 0.6564 0.3072 0.0000 0.8505
0.4973 0.6558 0.3057 0.0000 0.8512
0.4975 0.6562 0.3060 0.0000 0.8515
0.4990 0.6590 0.2948 0.0000 0.8547
0.4992 0.6591 0.2929 0.0000 0.8538
0.4993 0.6596 0.2927 0.0000 0.8536
0.4993 0.6597 0.2929 0.0000 0.8539
0.4996 0.6603 0.2961 0.0000 0.8531
0.4986 0.6582 0.3022 0.0000 0.8507
0.4987 0.6588 0.3024 0.0000 0.8507
0.4987 0.6588 0.3026 0.0000 0.8510
0.4988 0.6590 0.2998 0.0000 0.8501
0.4980 0.6576 0.3008 0.0000 0.8497
0.4979 0.6574 0.2983 0.0000 0.8491
0.4980 0.6576 0.2980 0.0000 0.8486
0.4982 0.6586 0.2966 0.0000 0.8483
0.4978 0.6578 0.2969 0.0000 0.8485
0.4980 0.6582 0.2947 0.0000 0.8467
0.4977 0.6575 0.2955 0.0000 0.8476
0.4978 0.6572 0.2933 0.0000 0.8486
0.4975 0.6562 0.2958 0.0000 0.8486
0.4975 0.6552 0.2970 0.0000 0.8485
0.4978 0.6559 0.2981 0.0000 0.8478
0.4981 0.6566 0.2986 0.0000 0.8471
0.4981 0.6568 0.2986 0.0000 0.8471
0.4983 0.6576 0.2969 0.0000 0.8473
0.4982 0.6574 0.2971 0.0000 0.8477
0.4982 0.6573 0.2972 0.0000 0.8480
0.4985 0.6582 0.2948 0.0000 0.8485
0.4991 0.6597 0.2911 0.0000 0.8484
0.4989 0.6589 0.2922 0.0000 0.8485
0.4980 0.6576 0.2913 0.0000 0.8529
0.4977 0.6579 0.2928 0.0000 0.8523
0.4976 0.6576 0.2935 0.0000 0.8525
0.4976 0.6578 0.2935 0.0000 0.8525
0.4980 0.6586 0.2926 0.0000 0.8521
0.4977 0.6583 0.2902 0.0000 0.8530
0.4982 0.6599 0.2864 0.0000 0.8541
0.4982 0.6594 0.2854 0.0000 0.8545
0.4982 0.6594 0.2859 0.0000 0.8541
0.4980 0.6590 0.2819 0.0000 0.8555
0.4976 0.6589 0.2833 0.0000 0.8555
0.4978 0.6594 0.2853 0.0000 0.8544
0.4978 0.6597 0.2848 0.0000 0.8544
0.4975 0.6591 0.2834 0.0000 0.8549
0.4972 0.6586 0.2844 0.0000 0.8549
0.4975 0.6594 0.2830 0.0000 0.8547
0.4973 0.6595 0.2846 0.0000 0.8547
0.4945 0.6584 0.2920 0.0000 0.8636
0.4945 0.6585 0.2919 0.0000 0.8638
0.4967 0.6619 0.2810 0.0000 0.8663
0.4967 0.6619 0.2810 0.0000 0.8664
0.4969 0.6623 0.2815 0.0000 0.8658
0.4966 0.6614 0.2839 0.0000 0.8644
0.4959 0.6607 0.2844 0.0000 0.8644
0.4961 0.6609 0.2839 0.0000 0.8647
0.4958 0.6609 0.2856 0.0000 0.8642
0.4957 0.6608 0.2865 0.0000 0.8641
0.4956 0.6603 0.2868 0.0000 0.8642
0.4957 0.6605 0.2849 0.0000 0.8634
0.4956 0.6606 0.2866 0.0000 0.8623
0.4956 0.6603 0.2853 0.0000 0.8627
0.4954 0.6604 0.2862 0.0000 0.8623
0.4949 0.6599 0.2867 0.0000 0.8620
0.4948 0.6596 0.2861 0.0000 0.8628
0.4947 0.6591 0.2863 0.0000 0.8635
0.4948 0.6594 0.2855 0.0000 0.8640
0.4949 0.6595 0.2862 0.0000 0.8638
0.4951 0.6600 0.2874 0.0000 0.8630
0.4951 0.6600 0.2874 0.0000 0.8633
0.4951 0.6599 0.2876 0.0000 0.8636
0.4949 0.6594 0.2884 0.0000 0.8638
0.4953 0.6598 0.2901 0.0000 0.8630
0.4952 0.6596 0.2903 0.0000 0.8634
0.4954 0.6600 0.2898 0.0000 0.8634
0.4953 0.6605 0.2884 0.0000 0.8630
0.4955 0.6604 0.2871 0.0000 0.8640
0.4955 0.6601 0.2871 0.0000 0.8646
0.4955 0.6603 0.2873 0.0000 0.8644
0.4953 0.6596 0.2880 0.0000 0.8641
0.4967 0.6617 0.2807 0.0000 0.8663
0.4976 0.6621 0.2807 0.0000 0.8670
0.4975 0.6616 0.2814 0.0000 0.8673
0.4975 0.6617 0.2815 0.0000 0.8673
0.4977 0.6612 0.2823 0.0000 0.8663
0.4981 0.6612 0.2804 0.0000 0.8659
0.4984 0.6619 0.2788 0.0000 0.8667
0.4986 0.6616 0.2804 0.0000 0.8653
0.4984 0.6608 0.2823 0.0000 0.8647
0.4981 0.6602 0.2826 0.0000 0.8651
0.4975 0.6602 0.2814 0.0000 0.8626
0.4967 0.6585 0.2872 0.0000 0.8601
0.4960 0.6579 0.2897 0.0000 0.8576
0.4958 0.6575 0.2902 0.0000 0.8560
0.4954 0.6574 0.2933 0.0000 0.8541
0.4954 0.6569 0.2936 0.0000 0.8543
0.4953 0.6566 0.2932 0.0000 0.8540
0.4953 0.6570 0.2926 0.0000 0.8542
0.4946 0.6544 0.3037 0.0000 0.8475
0.4932 0.6537 0.3121 0.0000 0.8438
0.4932 0.6532 0.3121 0.0000 0.8434
0.4931 0.6531 0.3118 0.0000 0.8437
0.4929 0.6526 0.3129 0.0000 0.8438
0.4926 0.6529 0.3128 0.0000 0.8439
0.4924 0.6536 0.3122 0.0000 0.8433
0.4921 0.6530 0.3122 0.0000 0.8437
0.4921 0.6530 0.3116 0.0000 0.8442
0.4919 0.6529 0.3119 0.0000 0.8443
0.4936 0.6561 0.3002 0.0000 0.8483
0.4936 0.6561 0.3003 0.0000 0.8484
0.4932 0.6551 0.3031 0.0000 0.8479
0.4932 0.6553 0.3024 0.0000 0.8484
0.4933 0.6554 0.3026 0.0000 0.8484
0.4927 0.6556 0.3085 0.0000 0.8448
0.4935 0.6564 0.3050 0.0000 0.8442
0.4931 0.6568 0.3083 0.0000 0.8437
0.4930 0.6566 0.3079 0.0000 0.8440
0.4929 0.6561 0.3074 0.0000 0.8444
0.4930 0.6564 0.3080 0.0000 0.8438
0.4931 0.6566 0.3076 0.0000 0.8441
0.4929 0.6561 0.3079 0.0000 0.8440
0.4928 0.6553 0.3081 0.0000 0.8443
0.4925 0.6549 0.3072 0.0000 0.8442
0.4921 0.6543 0.3088 0.0000 0.8442
0.4919 0.6532 0.3131 0.0000 0.8415
0.4921 0.6536 0.3136 0.0000 0.8411
0.4916 0.6545 0.3142 0.0000 0.8396
0.4925 0.6548 0.3107 0.0000 0.8396
0.4926 0.6546 0.3135 0.0000 0.8378
0.4928 0.6552 0.3124 0.0000 0.8379
0.4927 0.6550 0.3127 0.0000 0.8382
0.4930 0.6551 0.3138 0.0000 0.8376
0.4925 0.6544 0.3185 0.0000 0.8360
0.4921 0.6537 0.3204 0.0000 0.8360
0.4920 0.6532 0.3205 0.0000 0.8361
0.4919 0.6533 0.3220 0.0000 0.8350
0.4921 0.6526 0.3260 0.0000 0.8333
0.4920 0.6526 0.3260 0.0000 0.8335
0.4927 0.6536 0.3241 0.0000 0.8340
0.4923 0.6528 0.3255 0.0000 0.8338
0.4921 0.6531 0.3251 0.0000 0.8343
0.4931 0.6544 0.3196 0.0000 0.8358
0.4933 0.6549 0.3191 0.0000 0.8358
0.4936 0.6547 0.3188 0.0000 0.8353
0.4933 0.6546 0.3178 0.0000 0.8358
0.4932 0.6542 0.3184 0.0000 0.8351
0.4928 0.6542 0.3176 0.0000 0.8343
0.4928 0.6541 0.3165 0.0000 0.8343
0.4931 0.6540 0.3152 0.0000 0.8340
0.4928 0.6535 0.3158 0.0000 0.8343
0.4927 0.6531 0.3162 0.0000 0.8343
0.4924 0.6527 0.3161 0.0000 0.8350
0.4939 0.6544 0.3123 0.0000 0.8365
0.4938 0.6542 0.3124 0.0000 0.8369
0.4936 0.6543 0.3109 0.0000 0.8386
0.4938 0.6544 0.3097 0.0000 0.8387
0.4940 0.6549 0.3098 0.0000 0.8382
0.4942 0.6550 0.3113 0.0000 0.8369
0.4947 0.6561 0.3078 0.0000 0.8386
0.4943 0.6555 0.3090 0.0000 0.8387
0.4947 0.6565 0.3072 0.0000 0.8387
0.4946 0.6564 0.3069 0.0000 0.8392
0.4944 0.6559 0.3069 0.0000 0.8391
0.4943 0.6558 0.3070 0.0000 0.8395
0.4944 0.6553 0.3081 0.0000 0.8390
0.4946 0.6544 0.3113 0.0000 0.8378
0.4945 0.6541 0.3113 0.0000 0.8381
0.4945 0.6540 0.3135 0.0000 0.8374
0.4944 0.6540 0.3136 0.0000 0.8376
0.4944 0.6539 0.3138 0.0000 0.8378
0.4943 0.6538 0.3138 0.0000 0.8380
0.4942 0.6539 0.3148 0.0000 0.8374
0.4939 0.6538 0.3146 0.0000 0.8366
0.4938 0.6535 0.3147 0.0000 0.8371
0.4936 0.6533 0.3148 0.0000 0.8375
0.4936 0.6532 0.3140 0.0000 0.8384
0.4934 0.6529 0.3141 0.0000 0.8388
0.4929 0.6522 0.3153 0.0000 0.8387
0.4927 0.6520 0.3157 0.0000 0.8390
0.4930 0.6524 0.3169 0.0000 0.8384
0.4929 0.6521 0.3172 0.0000 0.8388
0.4929 0.6518 0.3169 0.0000 0.8395
0.4931 0.6521 0.3168 0.0000 0.8393
0.4931 0.6521 0.3167 0.0000 0.8396
0.4928 0.6518 0.3165 0.0000 0.8397
0.4932 0.6512 0.3183 0.0000 0.8355
0.4933 0.6515 0.3177 0.0000 0.8355
0.4931 0.6519 0.3179 0.0000 0.8350
0.4930 0.6517 0.3180 0.0000 0.8354
0.4922 0.6505 0.3202 0.0000 0.8338
0.4924 0.6510 0.3203 0.0000 0.8333
0.4925 0.6514 0.3194 0.0000 0.8333
0.4928 0.6515 0.3185 0.0000 0.8337
0.4928 0.6529 0.3148 0.0000 0.8341
0.4927 0.6528 0.3153 0.0000 0.8342
0.4929 0.6530 0.3160 0.0000 0.8336
0.4929 0.6527 0.3158 0.0000 0.8339
0.4925 0.6520 0.3161 0.0000 0.8338
0.4925 0.6518 0.3162 0.0000 0.8342
0.4924 0.6524 0.3155 0.0000 0.8335
0.4924 0.6523 0.3153 0.0000 0.8338
0.4917 0.6514 0.3178 0.0000 0.8333
0.4912 0.6509 0.3188 0.0000 0.8334
