0.4931 0.6446 0.3397 0.0000 0.9816
0.4935 0.6465 0.3345 0.0000 0.9853
0.4939 0.6477 0.3370 0.0000 0.9875
0.4945 0.6490 0.3364 0.0000 0.9904
0.4943 0.6494 0.3372 0.0000 0.9917
0.4944 0.6508 0.3348 0.0000 0.9953
0.4945 0.6532 0.3370 0.0000 0.9979
0.4947 0.6527 0.3347 0.0000 0.9983
0.4948 0.6529 0.3348 0.0000 0.9998
0.4946 0.6523 0.3343 0.0000 1.0001
0.4947 0.6529 0.3347 0.0000 1.0029
0.4948 0.6529 0.3346 0.0000 1.0049
0.4950 0.6520 0.3316 0.0000 1.0047
0.4966 0.6545 0.3305 0.0000 1.0111
0.4974 0.6564 0.3273 0.0000 1.0167
0.4986 0.6571 0.3230 0.0000 1.0206
0.4984 0.6556 0.3238 0.0000 1.0193
0.4990 0.6567 0.3245 0.0000 1.0207
0.4988 0.6577 0.3259 0.0000 1.0242
0.4989 0.6579 0.3272 0.0000 1.0273
0.4986 0.6583 0.3268 0.0000 1.0301
0.4981 0.6584 0.3329 0.0000 1.0300
0.4986 0.6583 0.3247 0.0000 1.0264
0.4978 0.6542 0.3056 0.0000 0.9993
0.4987 0.6563 0.3003 0.0000 1.0041
0.4995 0.6579 0.2977 0.0000 1.0082
0.4995 0.6580 0.2982 0.0000 1.0098
0.5004 0.6583 0.2949 0.0000 1.0114
0.5010 0.6589 0.2988 0.0000 1.0116
0.5015 0.6597 0.2977 0.0000 1.0145
0.4985 0.6572 0.3127 0.0000 1.0080
0.4990 0.6579 0.3108 0.0000 1.0109
0.4930 0.6507 0.3298 0.0000 0.9936
0.4930 0.6505 0.3287 0.0000 0.9942
0.4946 0.6498 0.3225 0.0000 0.9926
0.4945 0.6500 0.3254 0.0000 0.9936
0.4928 0.6486 0.3295 0.0000 0.9906
0.4929 0.6499 0.3329 0.0000 0.9932
0.4958 0.6548 0.3316 0.0000 1.0001
0.4955 0.6543 0.3317 0.0000 1.0003
0.4960 0.6561 0.3256 0.0000 1.0042
0.4955 0.6571 0.3264 0.0000 1.0061
0.4960 0.6562 0.3305 0.0000 1.0047
0.4964 0.6574 0.3331 0.0000 1.0074
0.4977 0.6572 0.3354 0.0000 1.0068
0.4976 0.6572 0.3352 0.0000 1.0078
0.4974 0.6562 0.3314 0.0000 1.0069
0.4969 0.6554 0.3311 0.0000 1.0067
0.4977 0.6572 0.3309 0.0000 1.0099
0.4974 0.6569 0.3287 0.0000 1.0104
0.4976 0.6574 0.3218 0.0000 1.0126
0.5058 0.6633 0.2729 0.0000 1.0165
0.5057 0.6655 0.2704 0.0000 1.0214
0.5047 0.6642 0.2756 0.0000 1.0203
0.5042 0.6634 0.2779 0.0000 1.0199
0.5048 0.6637 0.2730 0.0000 1.0212
0.5042 0.6624 0.2729 0.0000 1.0188
0.5028 0.6589 0.2822 0.0000 1.0133
0.5020 0.6599 0.2841 0.0000 1.0150
0.5034 0.6640 0.2742 0.0000 1.0221
0.5025 0.6626 0.2760 0.0000 1.0204
0.4993 0.6559 0.2832 0.0000 1.0014
0.5005 0.6579 0.2679 0.0000 1.0027
0.5005 0.6579 0.2674 0.0000 1.0034
0.5011 0.6586 0.2649 0.0000 1.0054
0.5012 0.6591 0.2642 0.0000 1.0071
0.5016 0.6601 0.2626 0.0000 1.0098
0.5005 0.6603 0.2665 0.0000 1.0104
0.5014 0.6617 0.2626 0.0000 1.0141
0.5012 0.6605 0.2668 0.0000 1.0139
0.5025 0.6591 0.2673 0.0000 1.0093
0.5013 0.6571 0.2722 0.0000 1.0054
0.5024 0.6581 0.2687 0.0000 1.0079
0.5028 0.6579 0.2673 0.0000 1.0082
0.5041 0.6594 0.2669 0.0000 1.0091
0.5050 0.6609 0.2642 0.0000 1.0128
0.5043 0.6601 0.2660 0.0000 1.0122
0.5058 0.6625 0.2590 0.0000 1.0172
0.5082 0.6645 0.2492 0.0001 1.0213
0.5094 0.6652 0.2450 0.0001 1.0224
0.5111 0.6686 0.2361 0.0002 1.0276
0.5081 0.6639 0.2461 0.0001 1.0186
0.5065 0.6641 0.2452 0.0001 1.0185
0.5061 0.6635 0.2508 0.0001 1.0177
0.5049 0.6622 0.2526 0.0001 1.0149
0.5055 0.6631 0.2506 0.0001 1.0173
0.5050 0.6613 0.2530 0.0001 1.0139
0.5041 0.6591 0.2535 0.0001 1.0102
0.5044 0.6605 0.2496 0.0001 1.0133
0.5046 0.6609 0.2489 0.0001 1.0149
0.5011 0.6567 0.2635 0.0000 1.0036
0.4978 0.6507 0.2929 0.0000 0.9926
0.4992 0.6540 0.2821 0.0000 0.9985
0.4999 0.6549 0.2785 0.0000 1.0009
0.5026 0.6582 0.2630 0.0000 1.0064
0.5023 0.6578 0.2640 0.0000 1.0064
0.5018 0.6579 0.2687 0.0000 1.0069
0.5037 0.6591 0.2609 0.0000 1.0081
0.5022 0.6587 0.2665 0.0000 1.0076
0.5027 0.6595 0.2647 0.0000 1.0099
0.5026 0.6594 0.2661 0.0000 1.0099
0.5033 0.6601 0.2632 0.0000 1.0120
0.5036 0.6611 0.2622 0.0000 1.0138
0.5040 0.6616 0.2618 0.0000 1.0155
0.5030 0.6601 0.2666 0.0000 1.0119
0.5032 0.6600 0.2662 0.0000 1.0125
0.5026 0.6588 0.2676 0.0000 1.0104
0.5019 0.6562 0.2734 0.0000 1.0058
0.5022 0.6565 0.2729 0.0000 1.0070
0.5021 0.6564 0.2732 0.0000 1.0075
0.5023 0.6566 0.2725 0.0000 1.0088
0.5026 0.6570 0.2709 0.0000 1.0100
0.5033 0.6576 0.2694 0.0000 1.0120
0.5036 0.6580 0.2692 0.0000 1.0134
0.5021 0.6547 0.2756 0.0000 1.0067
0.5024 0.6550 0.2743 0.0000 1.0081
0.5023 0.6551 0.2783 0.0000 1.0086
0.5026 0.6554 0.2773 0.0000 1.0101
0.5005 0.6538 0.2845 0.0000 1.0064
0.5003 0.6534 0.2863 0.0000 1.0059
0.5002 0.6536 0.2860 0.0000 1.0071
0.5002 0.6534 0.2866 0.0000 1.0076
0.5002 0.6536 0.2862 0.0000 1.0088
0.5004 0.6538 0.2858 0.0000 1.0100
0.5000 0.6530 0.2875 0.0000 1.0092
0.4999 0.6528 0.2880 0.0000 1.0098
0.5009 0.6543 0.2820 0.0000 1.0131
0.4975 0.6495 0.2955 0.0000 0.9988
0.4983 0.6491 0.2877 0.0000 0.9896
0.4982 0.6487 0.2884 0.0000 0.9893
0.4984 0.6488 0.2865 0.0000 0.9897
0.4933 0.6407 0.3324 0.0000 0.9772
0.4938 0.6410 0.3350 0.0000 0.9780
0.4938 0.6409 0.3353 0.0000 0.9783
0.4934 0.6409 0.3340 0.0000 0.9786
0.4932 0.6408 0.3325 0.0000 0.9789
0.4933 0.6408 0.3364 0.0000 0.9790
0.4926 0.6407 0.3353 0.0000 0.9792
0.4925 0.6407 0.3337 0.0000 0.9797
0.4919 0.6400 0.3347 0.0000 0.9789
0.4945 0.6442 0.3098 0.0000 0.9868
0.4949 0.6445 0.3070 0.0000 0.9881
0.4950 0.6447 0.3056 0.0000 0.9889
0.4949 0.6446 0.3063 0.0000 0.9892
0.4941 0.6438 0.3115 0.0000 0.9880
0.4942 0.6442 0.3103 0.0000 0.9892
0.4933 0.6422 0.3163 0.0000 0.9842
0.4930 0.6413 0.3201 0.0000 0.9831
0.4931 0.6409 0.3210 0.0000 0.9829
0.4929 0.6407 0.3236 0.0000 0.9829
0.4931 0.6407 0.3228 0.0000 0.9833
0.4931 0.6415 0.3208 0.0000 0.9849
0.4931 0.6416 0.3206 0.0000 0.9856
0.4932 0.6414 0.3200 0.0000 0.9854
0.4932 0.6416 0.3196 0.0000 0.9863
0.4934 0.6425 0.3161 0.0000 0.9879
0.4941 0.6435 0.3114 0.0000 0.9901
0.4927 0.6406 0.3332 0.0000 0.9826
0.4927 0.6406 0.3328 0.0000 0.9833
0.4927 0.6406 0.3322 0.0000 0.9838
0.4960 0.6441 0.3354 0.0000 0.9884
0.4956 0.6432 0.3337 0.0000 0.9871
0.4952 0.6429 0.3338 0.0000 0.9871
0.4959 0.6448 0.3346 0.0000 0.9901
0.4959 0.6448 0.3346 0.0000 0.9906
0.4957 0.6446 0.3348 0.0000 0.9906
0.4953 0.6446 0.3336 0.0000 0.9907
0.4952 0.6448 0.3327 0.0000 0.9915
0.4952 0.6444 0.3321 0.0000 0.9911
0.4938 0.6417 0.3320 0.0000 0.9833
0.4937 0.6417 0.3320 0.0000 0.9838
0.4935 0.6417 0.3315 0.0000 0.9843
0.4937 0.6424 0.3308 0.0000 0.9859
0.4948 0.6423 0.3290 0.0000 0.9847
0.4942 0.6418 0.3271 0.0000 0.9842
0.4935 0.6416 0.3264 0.0000 0.9845
0.4934 0.6416 0.3259 0.0000 0.9849
0.4933 0.6416 0.3257 0.0000 0.9855
0.4927 0.6417 0.3275 0.0000 0.9856
0.4923 0.6413 0.3259 0.0000 0.9855
0.4925 0.6414 0.3240 0.0000 0.9860
0.4927 0.6412 0.3284 0.0000 0.9856
0.4929 0.6412 0.3271 0.0000 0.9859
0.4931 0.6416 0.3213 0.0000 0.9869
0.4928 0.6416 0.3214 0.0000 0.9872
0.4923 0.6417 0.3198 0.0000 0.9881
0.4926 0.6405 0.3210 0.0000 0.9853
0.4927 0.6405 0.3204 0.0000 0.9857
0.4927 0.6405 0.3200 0.0000 0.9863
0.4927 0.6407 0.3194 0.0000 0.9869
0.4932 0.6397 0.3208 0.0000 0.9842
0.4927 0.6386 0.3238 0.0000 0.9812
0.4929 0.6387 0.3252 0.0000 0.9815
0.4928 0.6385 0.3254 0.0000 0.9817
0.4922 0.6384 0.3283 0.0000 0.9812
0.4924 0.6376 0.3319 0.0000 0.9771
0.4920 0.6382 0.3303 0.0000 0.9782
0.4923 0.6386 0.3284 0.0000 0.9789
0.4922 0.6385 0.3275 0.0000 0.9787
0.4917 0.6382 0.3319 0.0000 0.9779
0.4915 0.6383 0.3328 0.0000 0.9784
0.4915 0.6383 0.3330 0.0000 0.9788
0.4924 0.6403 0.3237 0.0000 0.9824
0.4922 0.6402 0.3233 0.0000 0.9827
0.4920 0.6400 0.3230 0.0000 0.9822
0.4919 0.6413 0.3163 0.0000 0.9850
0.4922 0.6414 0.3154 0.0000 0.9854
0.4920 0.6413 0.3149 0.0000 0.9858
0.4931 0.6408 0.3182 0.0000 0.9839
0.4932 0.6409 0.3172 0.0000 0.9845
0.4936 0.6408 0.3149 0.0000 0.9826
0.4935 0.6405 0.3151 0.0000 0.9821
0.4933 0.6397 0.3186 0.0000 0.9811
0.4926 0.6398 0.3186 0.0000 0.9814
0.4925 0.6402 0.3175 0.0000 0.9822
0.4925 0.6402 0.3173 0.0000 0.9826
0.4920 0.6392 0.3204 0.0000 0.9808
0.4916 0.6393 0.3210 0.0000 0.9811
0.4916 0.6395 0.3211 0.0000 0.9817
0.4913 0.6394 0.3226 0.0000 0.9819
0.4912 0.6395 0.3215 0.0000 0.9825
0.4926 0.6392 0.3246 0.0000 0.9814
0.4919 0.6377 0.3266 0.0000 0.9785
0.4913 0.6375 0.3275 0.0000 0.9785
0.4906 0.6369 0.3266 0.0000 0.9777
0.4904 0.6366 0.3281 0.0000 0.9774
0.4899 0.6367 0.3283 0.0000 0.9774
0.4900 0.6371 0.3276 0.0000 0.9783
0.4907 0.6377 0.3256 0.0000 0.9794
0.4917 0.6378 0.3231 0.0000 0.9787
0.4917 0.6382 0.3216 0.0000 0.9799
0.4915 0.6386 0.3206 0.0000 0.9807
0.4912 0.6387 0.3209 0.0000 0.9812
0.4916 0.6383 0.3213 0.0000 0.9804
0.4916 0.6382 0.3205 0.0000 0.9803
0.4913 0.6381 0.3207 0.0000 0.9802
0.4910 0.6375 0.3219 0.0000 0.9793
0.4911 0.6373 0.3219 0.0000 0.9788
0.4912 0.6372 0.3221 0.0000 0.9790
0.4910 0.6372 0.3220 0.0000 0.9793
0.4910 0.6374 0.3225 0.0000 0.9798
0.4907 0.6373 0.3235 0.0000 0.9800
0.4916 0.6390 0.3172 0.0000 0.9828
0.4916 0.6391 0.3179 0.0000 0.9833
0.4912 0.6392 0.3192 0.0000 0.9834
0.4912 0.6406 0.3142 0.0000 0.9861
0.4912 0.6407 0.3146 0.0000 0.9866
0.4908 0.6398 0.3180 0.0000 0.9854
0.4909 0.6409 0.3148 0.0000 0.9870
0.4901 0.6397 0.3189 0.0000 0.9853
0.4900 0.6396 0.3196 0.0000 0.9854
0.4897 0.6398 0.3200 0.0000 0.9859
0.4899 0.6396 0.3222 0.0000 0.9849
0.4896 0.6396 0.3233 0.0000 0.9852
0.4895 0.6396 0.3231 0.0000 0.9855
0.4889 0.6383 0.3278 0.0000 0.9830
0.4887 0.6381 0.3309 0.0000 0.9823
0.4887 0.6376 0.3322 0.0000 0.9817
0.4884 0.6378 0.3327 0.0000 0.9822
0.4882 0.6376 0.3345 0.0000 0.9818
0.4893 0.6374 0.3320 0.0000 0.9776
0.4893 0.6374 0.3320 0.0000 0.9779
0.4890 0.6373 0.3330 0.0000 0.9781
0.4889 0.6372 0.3333 0.0000 0.9781
0.4888 0.6372 0.3336 0.0000 0.9785
0.4901 0.6378 0.3297 0.0000 0.9787
0.4894 0.6377 0.3305 0.0000 0.9788
0.4894 0.6376 0.3304 0.0000 0.9790
0.4885 0.6369 0.3313 0.0000 0.9774
0.4885 0.6369 0.3311 0.0000 0.9778
0.4885 0.6372 0.3297 0.0000 0.9787
0.4888 0.6372 0.3294 0.0000 0.9789
0.4888 0.6371 0.3295 0.0000 0.9792
0.4887 0.6371 0.3315 0.0000 0.9789
0.4894 0.6373 0.3294 0.0000 0.9789
0.4892 0.6372 0.3299 0.0000 0.9791
0.4894 0.6372 0.3288 0.0000 0.9794
0.4894 0.6372 0.3288 0.0000 0.9798
0.4894 0.6372 0.3288 0.0000 0.9802
0.4893 0.6375 0.3277 0.0000 0.9809
0.4893 0.6369 0.3303 0.0000 0.9800
0.4892 0.6369 0.3301 0.0000 0.9802
0.4890 0.6373 0.3296 0.0000 0.9808
0.4895 0.6381 0.3259 0.0000 0.9825
0.4897 0.6379 0.3257 0.0000 0.9819
0.4897 0.6379 0.3257 0.0000 0.9823
0.4896 0.6384 0.3243 0.0000 0.9830
0.4897 0.6382 0.3250 0.0000 0.9830
0.4899 0.6387 0.3231 0.0000 0.9841
0.4899 0.6382 0.3243 0.0000 0.9836
0.4896 0.6383 0.3241 0.0000 0.9840
0.4896 0.6387 0.3230 0.0000 0.9850
0.4903 0.6394 0.3221 0.0000 0.9856
0.4901 0.6396 0.3227 0.0000 0.9858
0.4903 0.6401 0.3224 0.0000 0.9864
0.4903 0.6401 0.3221 0.0000 0.9869
0.4913 0.6404 0.3181 0.0000 0.9844
0.4912 0.6404 0.3182 0.0000 0.9846
0.4912 0.6404 0.3182 0.0000 0.9850
0.4913 0.6402 0.3175 0.0000 0.9846
0.4913 0.6401 0.3177 0.0000 0.9849
0.4913 0.6402 0.3171 0.0000 0.9853
0.4911 0.6401 0.3177 0.0000 0.9855
0.4897 0.6385 0.3228 0.0000 0.9800
0.4896 0.6386 0.3237 0.0000 0.9800
0.4894 0.6378 0.3273 0.0000 0.9787
0.4895 0.6384 0.3248 0.0000 0.9800
0.4896 0.6369 0.3304 0.0000 0.9769
0.4891 0.6353 0.3375 0.0000 0.9735
0.4890 0.6351 0.3376 0.0000 0.9736
0.4890 0.6356 0.3363 0.0000 0.9744
0.4887 0.6356 0.3359 0.0000 0.9745
0.4889 0.6357 0.3366 0.0000 0.9746
0.4892 0.6359 0.3338 0.0000 0.9752
0.4893 0.6356 0.3346 0.0000 0.9747
0.4891 0.6359 0.3367 0.0000 0.9746
0.4886 0.6359 0.3382 0.0000 0.9746
0.4886 0.6356 0.3399 0.0000 0.9743
0.4896 0.6353 0.3386 0.0000 0.9730
0.4895 0.6353 0.3384 0.0000 0.9734
0.4895 0.6353 0.3386 0.0000 0.9736
0.4894 0.6352 0.3391 0.0000 0.9736
0.4898 0.6357 0.3382 0.0000 0.9744
0.4900 0.6355 0.3389 0.0000 0.9742
0.4902 0.6355 0.3377 0.0000 0.9739
0.4902 0.6355 0.3375 0.0000 0.9741
0.4905 0.6354 0.3359 0.0000 0.9737
0.4905 0.6356 0.3352 0.0000 0.9742
0.4899 0.6354 0.3364 0.0000 0.9739
0.4899 0.6350 0.3370 0.0000 0.9733
0.4917 0.6357 0.3337 0.0000 0.9725
0.4909 0.6334 0.3419 0.0000 0.9670
0.4908 0.6333 0.3413 0.0000 0.9669
0.4909 0.6334 0.3413 0.0000 0.9672
0.4909 0.6334 0.3413 0.0000 0.9673
0.4909 0.6335 0.3394 0.0000 0.9677
0.4910 0.6338 0.3385 0.0000 0.9683
0.4904 0.6336 0.3401 0.0000 0.9681
0.4900 0.6336 0.3415 0.0000 0.9679
0.4902 0.6338 0.3413 0.0000 0.9682
0.4903 0.6334 0.3427 0.0000 0.9678
0.4902 0.6335 0.3423 0.0000 0.9682
0.4900 0.6335 0.3432 0.0000 0.9681
0.4900 0.6335 0.3432 0.0000 0.9683
0.4903 0.6340 0.3408 0.0000 0.9691
0.4900 0.6336 0.3410 0.0000 0.9686
0.4897 0.6327 0.3424 0.0000 0.9670
0.4903 0.6330 0.3404 0.0000 0.9673
0.4905 0.6329 0.3399 0.0000 0.9672
0.4909 0.6339 0.3370 0.0000 0.9687
0.4909 0.6338 0.3378 0.0000 0.9687
0.4910 0.6339 0.3367 0.0000 0.9689
0.4905 0.6340 0.3375 0.0000 0.9689
0.4905 0.6338 0.3369 0.0000 0.9686
0.4898 0.6334 0.3391 0.0000 0.9681
0.4898 0.6331 0.3400 0.0000 0.9676
0.4901 0.6332 0.3385 0.0000 0.9679
0.4902 0.6330 0.3386 0.0000 0.9678
0.4900 0.6332 0.3388 0.0000 0.9681
0.4899 0.6331 0.3392 0.0000 0.9682
0.4896 0.6331 0.3406 0.0000 0.9680
0.4897 0.6332 0.3404 0.0000 0.9684
0.4895 0.6331 0.3408 0.0000 0.9683
0.4897 0.6332 0.3407 0.0000 0.9687
0.4901 0.6337 0.3397 0.0000 0.9693
0.4897 0.6326 0.3433 0.0000 0.9674
0.4899 0.6330 0.3399 0.0000 0.9678
0.4898 0.6332 0.3398 0.0000 0.9683
0.4898 0.6332 0.3394 0.0000 0.9685
0.4898 0.6330 0.3395 0.0000 0.9682
0.4901 0.6334 0.3382 0.0000 0.9689
0.4906 0.6336 0.3368 0.0000 0.9689
0.4909 0.6339 0.3340 0.0000 0.9694
0.4907 0.6338 0.3347 0.0000 0.9693
0.4906 0.6335 0.3348 0.0000 0.9685
0.4903 0.6336 0.3348 0.0000 0.9689
0.4900 0.6337 0.3352 0.0000 0.9691
0.4895 0.6333 0.3372 0.0000 0.9685
0.4894 0.6332 0.3367 0.0000 0.9680
0.4893 0.6331 0.3370 0.0000 0.9681
0.4893 0.6331 0.3370 0.0000 0.9683
0.4899 0.6338 0.3342 0.0000 0.9696
0.4905 0.6334 0.3345 0.0000 0.9680
0.4899 0.6330 0.3367 0.0000 0.9674
0.4906 0.6333 0.3343 0.0000 0.9679
0.4907 0.6333 0.3335 0.0000 0.9677
0.4907 0.6332 0.3343 0.0000 0.9676
0.4908 0.6332 0.3332 0.0000 0.9672
0.4908 0.6332 0.3332 0.0000 0.9673
0.4910 0.6338 0.3315 0.0000 0.9683
0.4911 0.6339 0.3306 0.0000 0.9686
0.4918 0.6341 0.3278 0.0000 0.9682
0.4918 0.6341 0.3278 0.0000 0.9683
0.4921 0.6352 0.3237 0.0000 0.9701
0.4921 0.6353 0.3243 0.0000 0.9701
0.4921 0.6353 0.3243 0.0000 0.9702
0.4922 0.6353 0.3241 0.0000 0.9704
0.4922 0.6354 0.3239 0.0000 0.9707
0.4915 0.6351 0.3267 0.0000 0.9699
0.4913 0.6345 0.3292 0.0000 0.9690
0.4912 0.6345 0.3296 0.0000 0.9691
0.4912 0.6345 0.3296 0.0000 0.9693
0.4915 0.6345 0.3284 0.0000 0.9693
0.4915 0.6345 0.3282 0.0000 0.9693
0.4917 0.6349 0.3253 0.0000 0.9699
0.4921 0.6349 0.3248 0.0000 0.9695
0.4924 0.6353 0.3230 0.0000 0.9702
0.4917 0.6347 0.3250 0.0000 0.9691
0.4917 0.6349 0.3243 0.0000 0.9695
0.4916 0.6348 0.3247 0.0000 0.9695
0.4922 0.6357 0.3209 0.0000 0.9710
0.4923 0.6354 0.3204 0.0000 0.9698
0.4925 0.6355 0.3197 0.0000 0.9701
0.4924 0.6355 0.3199 0.0000 0.9701
0.4933 0.6353 0.3192 0.0000 0.9687
0.4933 0.6353 0.3193 0.0000 0.9688
0.4934 0.6356 0.3181 0.0000 0.9693
0.4934 0.6356 0.3178 0.0000 0.9695
0.4938 0.6359 0.3163 0.0000 0.9700
0.4939 0.6360 0.3156 0.0000 0.9705
0.4941 0.6361 0.3151 0.0000 0.9706
0.4938 0.6352 0.3185 0.0000 0.9681
0.4937 0.6355 0.3182 0.0000 0.9685
0.4931 0.6352 0.3209 0.0000 0.9678
0.4931 0.6350 0.3212 0.0000 0.9677
0.4930 0.6350 0.3214 0.0000 0.9678
0.4923 0.6335 0.3278 0.0000 0.9652
0.4921 0.6336 0.3279 0.0000 0.9653
0.4920 0.6334 0.3284 0.0000 0.9651
0.4919 0.6335 0.3282 0.0000 0.9654
0.4921 0.6334 0.3287 0.0000 0.9653
0.4933 0.6341 0.3247 0.0000 0.9663
0.4933 0.6341 0.3257 0.0000 0.9660
0.4934 0.6341 0.3263 0.0000 0.9661
0.4932 0.6342 0.3259 0.0000 0.9663
0.4932 0.6341 0.3261 0.0000 0.9663
0.4930 0.6342 0.3262 0.0000 0.9665
0.4928 0.6341 0.3267 0.0000 0.9664
0.4927 0.6339 0.3281 0.0000 0.9661
0.4924 0.6332 0.3312 0.0000 0.9649
0.4924 0.6331 0.3315 0.0000 0.9648
0.4925 0.6332 0.3312 0.0000 0.9651
0.4927 0.6333 0.3308 0.0000 0.9653
0.4928 0.6334 0.3303 0.0000 0.9656
0.4928 0.6334 0.3306 0.0000 0.9657
0.4924 0.6333 0.3314 0.0000 0.9655
0.4922 0.6330 0.3332 0.0000 0.9649
0.4919 0.6328 0.3343 0.0000 0.9647
0.4923 0.6333 0.3322 0.0000 0.9655
0.4928 0.6338 0.3303 0.0000 0.9664
0.4926 0.6335 0.3313 0.0000 0.9660
