0.8290 1.2550 0.2117 0.0503 7.7407
0.8233 1.1789 0.4096 0.0001 2.8036
0.8254 1.1983 0.4020 0.0001 1.7995
1.0109 1.3130 -0.1339 0.2190 13.8500
0.9312 1.2713 0.0000 1.0000 8.3056
1.1388 1.4170 nan 1.0000 6.3566
0.8528 1.2742 -0.0000 1.0000 11.6065
0.8737 1.3473 -0.1769 0.1032 28.7499
0.8312 1.2146 0.3080 0.0039 14.0868
0.8191 1.2214 0.3060 0.0042 15.2478
0.7961 1.1575 0.4191 0.0001 2.4161
0.8154 1.1934 0.3387 0.0014 14.2689
0.8164 1.1876 0.3730 0.0004 11.6635
0.8167 1.1910 0.3458 0.0011 22.2160
0.8177 1.1974 0.3295 0.0019 23.6834
0.8115 1.1794 0.3740 0.0004 6.8373
0.8330 1.2004 0.3261 0.0022 3.9392
0.9182 1.2674 -0.0503 0.6458 18.9693
0.8660 1.2696 -0.0134 0.9023 4.2122
0.8363 1.2124 0.3292 0.0020 3.1919
0.8937 1.2032 0.3400 0.0014 9.7707
0.9393 1.2619 0.1892 0.0810 17.4055
0.8147 1.2430 0.2964 0.0056 4.7128
0.8650 1.2463 0.2142 0.0477 7.6371
0.8293 1.2005 0.4074 0.0001 2.1857
0.8905 1.2773 0.1355 0.2134 6.2672
1.0966 1.3794 -0.0000 1.0000 4.7190
0.8398 1.2243 0.2748 0.0105 20.4846
0.9609 1.4653 nan 1.0000 6.4075
0.8346 1.2258 0.3219 0.0025 6.2441
0.8336 1.2387 0.3379 0.0015 5.8277
0.8493 1.2787 0.0073 0.9470 3.1952
0.8134 1.1909 0.3951 0.0002 8.0600
0.8171 1.1562 0.4370 0.0000 2.1100
0.8245 1.1994 0.3755 0.0004 4.6552
0.8257 1.2116 0.3988 0.0001 3.0555
0.8436 1.2822 0.0851 0.4357 2.9656
0.8458 1.2856 -0.0798 0.4653 21.6558
0.8477 1.3015 -0.1432 0.1885 1.7602
0.8413 1.2340 0.2695 0.0121 1.4055
0.8285 1.2301 0.3367 0.0015 9.9993
0.8311 1.2242 0.3123 0.0034 2.8014
0.8442 1.2337 0.2715 0.0114 1.4173
0.8318 1.2058 0.3472 0.0011 5.8772
0.8426 1.2376 0.2750 0.0104 2.4360
0.8306 1.2254 0.3607 0.0006 2.9520
0.8314 1.2186 0.3294 0.0020 2.6808
0.8905 1.3426 0.1663 0.1260 12.4312
0.8487 1.2375 0.2592 0.0160 1.4037
0.8429 1.2220 0.2883 0.0071 6.3134
0.8334 1.2244 0.3121 0.0034 11.3190
0.8308 1.2137 0.3445 0.0012 4.4374
0.8331 1.2286 0.3130 0.0033 25.0911
0.8278 1.2139 0.3605 0.0006 3.8888
0.8490 1.2793 -0.2190 0.0428 3.2291
0.8318 1.2167 0.3252 0.0023 2.9417
0.8337 1.2081 0.3337 0.0017 8.3209
0.8508 1.2270 0.2780 0.0095 5.1487
0.8313 1.2138 0.3519 0.0009 1.7385
0.8519 1.2302 0.2749 0.0104 2.9660
0.8439 1.2216 0.3003 0.0050 1.8986
0.8323 1.2300 0.3128 0.0034 24.8810
0.8449 1.2314 0.2725 0.0111 8.1430
0.8354 1.2296 0.2973 0.0054 4.1369
0.8505 1.2757 0.0372 0.7341 4.9989
0.8334 1.2275 0.3005 0.0049 4.7118
0.8357 1.2307 0.2697 0.0120 1.4018
0.8355 1.2238 0.2891 0.0069 1.3794
0.8249 1.2086 0.3424 0.0012 2.4639
0.8348 1.2241 0.2919 0.0064 1.3842
0.8483 1.2805 0.0000 1.0000 3.4183
0.8279 1.2145 0.3101 0.0037 1.3989
0.8238 1.2007 0.3478 0.0010 2.4109
0.8357 1.2218 0.2794 0.0092 1.4068
0.8346 1.2228 0.2813 0.0087 1.4028
0.8343 1.2231 0.2794 0.0092 1.4092
0.8331 1.2197 0.2930 0.0062 1.3799
0.8257 1.1999 0.3439 0.0012 3.0436
0.8374 1.2246 0.2790 0.0093 1.4105
0.8317 1.2092 0.3173 0.0029 2.2841
0.8450 1.2229 0.2711 0.0116 1.3936
0.8435 1.2229 0.2736 0.0108 1.4113
0.8255 1.1876 0.3573 0.0007 9.1063
0.8304 1.1960 0.3407 0.0013 3.0898
0.8435 1.2234 0.2761 0.0101 1.4161
0.8290 1.1968 0.3519 0.0009 4.0682
0.8334 1.2002 0.3291 0.0020 4.7297
0.8510 1.2260 0.2636 0.0142 1.3986
0.8368 1.2059 0.3141 0.0032 4.2254
0.8329 1.1925 0.3444 0.0012 1.3650
0.8327 1.1840 0.3582 0.0007 1.3711
0.8552 1.2258 0.2621 0.0148 1.4155
0.8538 1.2271 0.2590 0.0161 1.4190
0.8452 1.2156 0.2899 0.0068 2.1658
0.8525 1.2295 0.2544 0.0181 1.4123
0.8514 1.2234 0.2674 0.0128 1.4085
0.8336 1.1941 0.3342 0.0017 16.2423
0.8498 1.2220 0.2720 0.0113 1.4067
0.8287 1.1863 0.3498 0.0010 2.4920
0.8345 1.1935 0.3320 0.0018 16.5745
0.8415 1.2067 0.3013 0.0048 1.3855
0.8426 1.2082 0.2982 0.0053 1.3893
0.8224 1.1740 0.3760 0.0004 1.9339
0.8393 1.2035 0.3077 0.0040 3.2129
0.8418 1.2077 0.2999 0.0050 1.3921
0.8451 1.2101 0.2937 0.0061 1.3960
0.8315 1.1902 0.3398 0.0014 12.0973
0.8448 1.2098 0.2956 0.0057 1.3956
0.8283 1.1842 0.3537 0.0008 15.6886
0.8456 1.2112 0.2922 0.0063 1.3952
0.8482 1.2104 0.2930 0.0062 1.4136
0.8326 1.1822 0.3551 0.0008 4.5736
0.8442 1.2074 0.3000 0.0050 1.4071
0.8215 1.1616 0.3964 0.0002 8.3605
0.8359 1.1951 0.3293 0.0020 3.1502
0.8411 1.2038 0.3099 0.0037 2.3928
0.8246 1.1595 0.4021 0.0001 1.3451
0.8259 1.1618 0.3966 0.0002 1.3469
0.8274 1.1660 0.3874 0.0002 1.3551
0.8393 1.1909 0.3357 0.0016 1.3658
0.8263 1.1640 0.3919 0.0002 1.3518
0.8249 1.1683 0.3869 0.0002 4.6449
0.8222 1.1656 0.3885 0.0002 8.4418
0.8223 1.1613 0.3999 0.0001 1.3404
0.8217 1.1602 0.4035 0.0001 1.3514
0.8328 1.1874 0.3434 0.0012 1.3583
0.8222 1.1630 0.3939 0.0002 2.5729
0.8327 1.1861 0.3461 0.0011 1.3573
0.8394 1.1877 0.3416 0.0013 1.3607
0.8388 1.1865 0.3428 0.0012 1.3629
0.8419 1.1886 0.3383 0.0014 1.3635
0.8415 1.1786 0.3665 0.0005 2.7935
0.8424 1.1856 0.3446 0.0012 1.3617
0.8427 1.1870 0.3413 0.0013 1.3610
0.8439 1.1873 0.3406 0.0013 1.3596
0.8398 1.1823 0.3514 0.0009 1.3523
0.8404 1.1822 0.3516 0.0009 1.3500
0.8387 1.1825 0.3515 0.0009 1.3493
0.8362 1.1813 0.3547 0.0008 1.3411
0.8383 1.1803 0.3561 0.0008 1.3479
0.8415 1.1803 0.3563 0.0008 1.3476
0.8348 1.1803 0.3571 0.0007 1.3409
0.8409 1.1815 0.3540 0.0008 1.3481
0.8324 1.1761 0.3664 0.0005 1.3379
0.8336 1.1707 0.3763 0.0004 1.3419
0.8290 1.1700 0.3808 0.0003 1.3377
0.8342 1.1674 0.3829 0.0003 1.3408
0.8341 1.1674 0.3828 0.0003 1.3411
0.8305 1.1663 0.3880 0.0002 1.3330
0.8296 1.1647 0.3911 0.0002 1.3243
0.8320 1.1670 0.3848 0.0003 1.3327
0.8282 1.1646 0.3930 0.0002 1.3283
0.8300 1.1528 0.4107 0.0001 13.4647
0.8282 1.1657 0.3914 0.0002 1.3282
0.8352 1.1703 0.3792 0.0003 1.3392
0.8346 1.1704 0.3790 0.0003 1.3391
0.8342 1.1695 0.3804 0.0003 1.3396
0.8351 1.1706 0.3778 0.0003 1.3402
0.8317 1.1657 0.3887 0.0002 1.3368
0.8337 1.1685 0.3830 0.0003 1.3373
0.8331 1.1691 0.3842 0.0003 1.3378
0.8292 1.1653 0.3915 0.0002 1.3353
0.8301 1.1662 0.3905 0.0002 1.3356
0.8283 1.1645 0.3940 0.0002 1.3356
0.8287 1.1641 0.3961 0.0002 1.3356
0.8274 1.1633 0.3957 0.0002 1.3352
0.8272 1.1630 0.3962 0.0002 1.3348
0.8258 1.1616 0.4012 0.0001 1.3338
0.8259 1.1623 0.3986 0.0001 1.3330
0.8263 1.1626 0.3967 0.0002 1.3338
0.8254 1.1621 0.3991 0.0001 1.3335
0.8239 1.1617 0.3995 0.0001 1.3318
0.8228 1.1611 0.4003 0.0001 1.3337
0.8227 1.1625 0.3971 0.0002 1.3356
0.8219 1.1595 0.4105 0.0001 1.3360
0.8219 1.1584 0.4125 0.0001 1.3349
0.8227 1.1598 0.4078 0.0001 1.3361
0.8265 1.1592 0.4129 0.0001 1.3348
0.8253 1.1567 0.4177 0.0001 1.3321
0.8255 1.1549 0.4201 0.0001 1.3326
0.8244 1.1544 0.4201 0.0001 1.3340
0.8248 1.1522 0.4248 0.0000 1.3328
0.8278 1.1577 0.4119 0.0001 1.3346
0.8272 1.1563 0.4141 0.0001 1.3345
0.8269 1.1572 0.4134 0.0001 1.3355
0.8278 1.1581 0.4104 0.0001 1.3382
0.8280 1.1576 0.4107 0.0001 1.3377
0.8279 1.1568 0.4127 0.0001 1.3360
0.8273 1.1564 0.4132 0.0001 1.3360
0.8273 1.1558 0.4132 0.0001 1.3362
0.8262 1.1550 0.4144 0.0001 1.3362
0.8254 1.1544 0.4157 0.0001 1.3371
0.8253 1.1568 0.4109 0.0001 1.3375
0.8289 1.1608 0.4047 0.0001 1.3390
0.8257 1.1576 0.4105 0.0001 1.3310
0.8228 1.1507 0.4249 0.0000 1.3244
0.8232 1.1503 0.4249 0.0000 1.3224
0.8229 1.1504 0.4246 0.0000 1.3228
0.8223 1.1495 0.4264 0.0000 1.3234
0.8210 1.1473 0.4304 0.0000 1.3223
0.8241 1.1495 0.4253 0.0000 1.3244
0.8249 1.1502 0.4241 0.0000 1.3258
0.8247 1.1499 0.4244 0.0000 1.3269
0.8240 1.1505 0.4230 0.0000 1.3276
0.8240 1.1504 0.4232 0.0000 1.3271
0.8223 1.1496 0.4254 0.0000 1.3258
0.8200 1.1486 0.4278 0.0000 1.3260
0.8198 1.1480 0.4280 0.0000 1.3267
0.8206 1.1483 0.4274 0.0000 1.3255
0.8222 1.1498 0.4242 0.0000 1.3251
0.8230 1.1496 0.4233 0.0000 1.3253
0.8223 1.1487 0.4248 0.0000 1.3257
0.8222 1.1488 0.4246 0.0000 1.3271
0.8217 1.1471 0.4273 0.0000 1.3267
0.8213 1.1470 0.4270 0.0000 1.3265
0.8218 1.1470 0.4273 0.0000 1.3253
0.8234 1.1485 0.4252 0.0000 1.3254
0.8231 1.1485 0.4255 0.0000 1.3255
0.8227 1.1482 0.4253 0.0000 1.3254
0.8236 1.1498 0.4218 0.0001 1.3267
0.8230 1.1487 0.4232 0.0000 1.3272
0.8214 1.1511 0.4198 0.0001 1.3253
0.8143 1.1394 0.4431 0.0000 5.9211
0.8190 1.1490 0.4234 0.0000 1.3247
0.8189 1.1488 0.4233 0.0000 1.3260
0.8167 1.1463 0.4285 0.0000 1.3238
0.8150 1.1454 0.4306 0.0000 1.3231
0.8183 1.1484 0.4245 0.0000 1.3250
0.8190 1.1499 0.4223 0.0001 1.3254
0.8188 1.1501 0.4219 0.0001 1.3260
0.8179 1.1486 0.4245 0.0000 1.3273
0.8177 1.1484 0.4244 0.0000 1.3254
0.8173 1.1487 0.4242 0.0000 1.3242
0.8179 1.1485 0.4238 0.0000 1.3229
0.8164 1.1468 0.4272 0.0000 1.3221
0.8163 1.1459 0.4293 0.0000 1.3211
0.8164 1.1464 0.4268 0.0000 1.3190
0.8186 1.1467 0.4259 0.0000 1.3190
0.8174 1.1460 0.4266 0.0000 1.3181
0.8192 1.1479 0.4220 0.0001 1.3217
0.8197 1.1491 0.4194 0.0001 1.3184
0.8204 1.1494 0.4192 0.0001 1.3169
0.8183 1.1489 0.4200 0.0001 1.3193
0.8184 1.1492 0.4192 0.0001 1.3181
0.8200 1.1498 0.4191 0.0001 1.3187
0.8196 1.1497 0.4191 0.0001 1.3183
0.8201 1.1497 0.4192 0.0001 1.3184
0.8196 1.1496 0.4191 0.0001 1.3171
0.8212 1.1509 0.4173 0.0001 1.3184
0.8207 1.1506 0.4175 0.0001 1.3183
0.8205 1.1510 0.4163 0.0001 1.3177
0.8189 1.1490 0.4195 0.0001 1.3179
0.8179 1.1490 0.4197 0.0001 1.3194
0.8179 1.1496 0.4185 0.0001 1.3194
0.8172 1.1493 0.4187 0.0001 1.3199
0.8122 1.1461 0.4242 0.0000 1.3157
0.8113 1.1459 0.4251 0.0000 1.3155
0.8114 1.1451 0.4266 0.0000 1.3144
0.8097 1.1433 0.4296 0.0000 1.3135
0.8080 1.1431 0.4296 0.0000 1.3125
0.8078 1.1436 0.4285 0.0000 1.3118
0.8096 1.1458 0.4247 0.0000 1.3137
0.8142 1.1489 0.4205 0.0001 1.3162
0.8158 1.1496 0.4198 0.0001 1.3172
0.8155 1.1495 0.4212 0.0001 1.3158
0.8150 1.1483 0.4238 0.0000 1.3156
0.8144 1.1477 0.4249 0.0000 1.3149
0.8149 1.1480 0.4241 0.0000 1.3155
0.8146 1.1474 0.4253 0.0000 1.3165
0.8140 1.1478 0.4241 0.0000 1.3158
0.8161 1.1500 0.4195 0.0001 1.3158
0.8159 1.1504 0.4183 0.0001 1.3156
0.8115 1.1476 0.4246 0.0000 1.3121
0.8100 1.1467 0.4261 0.0000 1.3118
0.8106 1.1476 0.4240 0.0000 1.3137
0.8111 1.1472 0.4259 0.0000 1.3139
0.8109 1.1484 0.4225 0.0001 1.3138
0.8107 1.1487 0.4221 0.0001 1.3129
0.8109 1.1487 0.4228 0.0000 1.3124
0.8107 1.1474 0.4254 0.0000 1.3108
0.8150 1.1537 0.4160 0.0001 1.3157
0.8138 1.1527 0.4178 0.0001 1.3150
0.8138 1.1524 0.4190 0.0001 1.3152
0.8148 1.1531 0.4174 0.0001 1.3153
0.8144 1.1555 0.4124 0.0001 1.3163
0.8154 1.1567 0.4098 0.0001 1.3166
0.8155 1.1562 0.4107 0.0001 1.3158
0.8173 1.1547 0.4146 0.0001 1.3161
0.8177 1.1551 0.4155 0.0001 1.3151
0.8163 1.1543 0.4174 0.0001 1.3156
0.8164 1.1543 0.4172 0.0001 1.3149
0.8159 1.1548 0.4156 0.0001 1.3159
0.8157 1.1549 0.4157 0.0001 1.3159
0.8124 1.1503 0.4233 0.0000 1.3100
0.8136 1.1505 0.4240 0.0000 1.3106
0.8142 1.1510 0.4228 0.0001 1.3106
0.8143 1.1512 0.4222 0.0001 1.3108
0.8139 1.1513 0.4225 0.0001 1.3109
0.8172 1.1560 0.4150 0.0001 1.3154
0.8192 1.1532 0.4140 0.0001 1.3125
0.8187 1.1529 0.4145 0.0001 1.3125
0.8174 1.1532 0.4153 0.0001 1.3154
0.8158 1.1537 0.4125 0.0001 1.3128
0.8155 1.1525 0.4159 0.0001 1.3144
0.8160 1.1535 0.4130 0.0001 1.3107
0.8152 1.1502 0.4204 0.0001 1.3137
0.8142 1.1499 0.4215 0.0001 1.3135
0.8127 1.1510 0.4194 0.0001 1.3132
0.8099 1.1519 0.4177 0.0001 1.3143
0.8099 1.1498 0.4227 0.0001 1.3146
0.8125 1.1525 0.4170 0.0001 1.3160
0.8125 1.1526 0.4162 0.0001 1.3171
0.8168 1.1575 0.4059 0.0001 1.3195
0.8185 1.1602 0.4013 0.0001 1.3219
0.8255 1.1637 0.3943 0.0002 1.3216
0.8238 1.1615 0.3985 0.0001 1.3218
0.8244 1.1637 0.3940 0.0002 1.3223
0.8166 1.1497 0.4210 0.0001 1.3207
0.8210 1.1587 0.4046 0.0001 1.3195
0.8148 1.1511 0.4244 0.0000 1.3193
0.8136 1.1502 0.4253 0.0000 1.3177
0.8098 1.1469 0.4286 0.0000 1.3147
0.8107 1.1473 0.4271 0.0000 1.3148
0.8107 1.1468 0.4294 0.0000 1.3157
0.8101 1.1482 0.4246 0.0000 1.3148
0.8104 1.1480 0.4268 0.0000 1.3157
0.8106 1.1466 0.4299 0.0000 1.3146
0.8104 1.1465 0.4300 0.0000 1.3147
0.8107 1.1465 0.4308 0.0000 1.3144
0.8038 1.1370 0.4472 0.0000 1.3103
0.8123 1.1489 0.4257 0.0000 1.3142
0.8134 1.1514 0.4197 0.0001 1.3126
0.8135 1.1506 0.4230 0.0000 1.3144
0.8166 1.1540 0.4140 0.0001 1.3156
0.8162 1.1536 0.4156 0.0001 1.3159
0.8092 1.1461 0.4308 0.0000 1.3102
0.8092 1.1462 0.4306 0.0000 1.3105
0.8099 1.1472 0.4288 0.0000 1.3104
0.8114 1.1481 0.4285 0.0000 1.3123
0.8110 1.1487 0.4262 0.0000 1.3111
0.8107 1.1487 0.4263 0.0000 1.3114
0.8107 1.1489 0.4256 0.0000 1.3105
0.8101 1.1482 0.4275 0.0000 1.3105
0.8087 1.1464 0.4302 0.0000 1.3098
0.8078 1.1454 0.4320 0.0000 1.3098
0.8074 1.1444 0.4338 0.0000 1.3098
0.8067 1.1426 0.4368 0.0000 1.3091
0.8072 1.1426 0.4388 0.0000 1.3095
0.8056 1.1438 0.4349 0.0000 1.3097
0.8024 1.1402 0.4424 0.0000 1.3077
0.8022 1.1399 0.4424 0.0000 1.3079
0.8020 1.1369 0.4492 0.0000 1.3073
0.8031 1.1369 0.4499 0.0000 1.3065
0.8018 1.1354 0.4518 0.0000 1.3047
0.8014 1.1355 0.4518 0.0000 1.3047
0.8021 1.1366 0.4472 0.0000 1.3040
0.8031 1.1363 0.4496 0.0000 1.3067
0.8028 1.1358 0.4502 0.0000 1.3052
0.8026 1.1357 0.4499 0.0000 1.3053
0.8027 1.1356 0.4503 0.0000 1.3062
0.8025 1.1353 0.4510 0.0000 1.3064
0.8021 1.1354 0.4493 0.0000 1.3057
0.8018 1.1338 0.4529 0.0000 1.3058
0.8025 1.1354 0.4504 0.0000 1.3051
0.8030 1.1356 0.4503 0.0000 1.3050
0.8025 1.1355 0.4498 0.0000 1.3048
0.8014 1.1345 0.4515 0.0000 1.3038
0.8004 1.1344 0.4513 0.0000 1.3039
0.8001 1.1334 0.4537 0.0000 1.3050
0.8002 1.1339 0.4529 0.0000 1.3049
0.8006 1.1341 0.4531 0.0000 1.3050
0.8015 1.1351 0.4505 0.0000 1.3052
0.8011 1.1349 0.4507 0.0000 1.3045
0.8025 1.1359 0.4495 0.0000 1.3050
0.8025 1.1363 0.4480 0.0000 1.3046
0.8022 1.1359 0.4479 0.0000 1.3042
0.8025 1.1352 0.4503 0.0000 1.3051
0.8026 1.1349 0.4510 0.0000 1.3045
0.8028 1.1351 0.4505 0.0000 1.3045
0.8067 1.1359 0.4492 0.0000 1.3050
0.8069 1.1348 0.4501 0.0000 1.3045
0.8070 1.1338 0.4519 0.0000 1.3024
0.8082 1.1358 0.4471 0.0000 1.3025
0.8084 1.1372 0.4428 0.0000 1.2998
0.8081 1.1366 0.4482 0.0000 1.3052
0.8094 1.1384 0.4415 0.0000 1.3030
0.8084 1.1352 0.4473 0.0000 1.3023
0.8058 1.1344 0.4489 0.0000 1.3018
0.8001 1.1220 0.4705 0.0000 1.3042
0.8073 1.1366 0.4455 0.0000 1.3034
0.8067 1.1362 0.4468 0.0000 1.3038
0.8063 1.1365 0.4455 0.0000 1.3029
0.8057 1.1353 0.4485 0.0000 1.3028
0.8061 1.1354 0.4492 0.0000 1.3034
0.8065 1.1361 0.4484 0.0000 1.3032
0.8068 1.1329 0.4536 0.0000 1.3019
0.8070 1.1328 0.4553 0.0000 1.3039
0.8064 1.1324 0.4552 0.0000 1.3030
0.8064 1.1325 0.4551 0.0000 1.3034
0.8071 1.1325 0.4555 0.0000 1.3039
0.8070 1.1336 0.4519 0.0000 1.3032
0.8085 1.1314 0.4602 0.0000 1.3058
0.8074 1.1340 0.4519 0.0000 1.3063
0.8089 1.1312 0.4609 0.0000 1.3072
0.8098 1.1345 0.4511 0.0000 1.3069
0.8092 1.1326 0.4550 0.0000 1.3078
0.8101 1.1354 0.4487 0.0000 1.3074
0.8100 1.1351 0.4497 0.0000 1.3075
0.8094 1.1344 0.4505 0.0000 1.3058
0.8097 1.1344 0.4513 0.0000 1.3069
0.8098 1.1343 0.4520 0.0000 1.3063
0.8096 1.1341 0.4525 0.0000 1.3060
0.8097 1.1351 0.4496 0.0000 1.3058
0.8101 1.1347 0.4518 0.0000 1.3065
0.8088 1.1352 0.4499 0.0000 1.3058
0.8098 1.1371 0.4483 0.0000 1.3074
0.8106 1.1370 0.4496 0.0000 1.3073
0.8094 1.1363 0.4485 0.0000 1.3056
0.8095 1.1358 0.4503 0.0000 1.3054
0.8100 1.1366 0.4481 0.0000 1.3056
0.8099 1.1367 0.4486 0.0000 1.3059
0.8100 1.1383 0.4451 0.0000 1.3068
0.8109 1.1378 0.4490 0.0000 1.3073
0.8109 1.1384 0.4469 0.0000 1.3061
0.8105 1.1374 0.4519 0.0000 1.3066
0.8091 1.1388 0.4444 0.0000 1.3060
0.8093 1.1383 0.4471 0.0000 1.3061
0.8017 1.1234 0.4721 0.0000 1.3043
0.8087 1.1373 0.4475 0.0000 1.3057
0.8105 1.1380 0.4488 0.0000 1.3060
0.8101 1.1390 0.4448 0.0000 1.3063
0.8101 1.1373 0.4503 0.0000 1.3067
0.8077 1.1351 0.4563 0.0000 1.3077
0.8088 1.1367 0.4524 0.0000 1.3081
0.8091 1.1370 0.4508 0.0000 1.3074
0.8086 1.1372 0.4516 0.0000 1.3079
0.8083 1.1371 0.4515 0.0000 1.3084
0.8092 1.1379 0.4504 0.0000 1.3099
0.8098 1.1381 0.4524 0.0000 1.3102
0.8109 1.1396 0.4491 0.0000 1.3113
0.8109 1.1402 0.4451 0.0000 1.3116
0.8125 1.1412 0.4439 0.0000 1.3122
0.8119 1.1406 0.4439 0.0000 1.3113
0.8118 1.1405 0.4446 0.0000 1.3117
0.8144 1.1403 0.4418 0.0000 1.3132
0.8146 1.1400 0.4455 0.0000 1.3136
0.8142 1.1409 0.4406 0.0000 1.3117
0.8135 1.1387 0.4468 0.0000 1.3132
0.8122 1.1390 0.4491 0.0000 1.3113
0.8123 1.1401 0.4481 0.0000 1.3110
0.8110 1.1382 0.4482 0.0000 1.3131
