80.335
366.942
57.142
363.107
332.605
201.561
51.602
38.182
123.907
284.46
25.444
66.076
20.723
43.442
71.244
63.52
4.792
302.733
14.038
180.113
83.586
20.943
151.742
483.713
321.884
210.424
11.564
96.444
252.593
81.447
120.107
91.226
321.024
368.797
44.729
563.489
499.667
333.393
951.82
112.814
155.503
632.968
185.832
224.785
711.456
106.257
150.556
115.962
458.085
550.11
17.777
1524.08
187.408
254.551
162.82
56.342
51.628
71.775
37.266
76.357
26.178
53.658
54.798
307.502
183.637
51.158
20.083
307.724
44.316
485.628
135.576
37.36
39.211
31.77
19.895
14.731
94.187
183.414
305.335
80.685
149.394
217.071
103.42
73.05
224.093
244.008
83.128
113.9
88.096
88.909
86.374
461.798
42.478
80.325
42.089
556.563
102.097
75.379
143.987
285.885
79.831
355.95
197.45
32.395
12.837
28.312
201.049
13.24
53.681
17.816
68.373
47.077
11.413
323.223
265.809
61.285
802.447
153.202
155.779
217.755
210.435
44.227
17.42
130.315
24.755
272.106
15.234
184.392
59.485
142.203
80.001
92.772
15.613
36.336
15.398
37.254
112.236
86.9
19.075
104.605
8.509
138.166
46.775
28.473
380.021
5.12
5.4
10.701
180.202
70.259
48.903
25.759
98.699
358.945
91.058
71.963
246.872
386.912
20.085
19.998
189.392
87.973
60.99
32.198
64.042
42.758
33.966
214.194
36.056
17.498
31.435
141.274
13.849
46.84
341.344
43.795
28.003
143.938
424.208
100.294
49.218
24.191
99.812
72.032
21.918
17.97
37.37
13.389
22.761
37.618
174.223
9.987
96.641
24.72
77.32
41.991
35.511
94.662
4.869
75.687
32.53
41.541
81.013
92.762
125.206
23.427
111.34
26.087
36.241
19.335
92.557
26.082
46.612
8.993
38.775
164.875
33.438
53.161
23.557
102.466
82.473
86.463
12.548
91.875
90.022
85.272
25.511
47.669
9.747
54.908
22.633
41.972
60.055
164.338
67.164
39.789
63.491
3.746
14.843
83.349
127.824
113.534
17.483
181.005
25.088
5.979
89.1
192.897
94.708
37.024
179.088
101.297
19.572
200.409
80.063
9.587
111.741
40.239
122.913
17.343
158.823
104.387
135.983
143.886
103.516
69.325
407.267
41.853
22.901
104.303
67.671
197.56
35.414
9.035
229.304
8.805
52.107
61.613
101.37
75.439
242.183
58.125
17.995
746.145
381.728
26.533
251.378
26.494
7.461
7.526
14.084
13.917
87.004
26.82
41.715
10.927
101.924
165.205
32.381
117.284
15.045
33.846
57.166
86.35
26.64
44.953
65.539
159.411
76.251
96.967
4.808
51.952
11.306
40.248
121.785
9.107
47.005
153.253
52.81
17.363
89.445
26.194
46.666
79.614
63.717
51.762
55.72
293.103
199.871
6.287
61.431
46.34
31.665
182.984
29.347
37.229
114.956
28.972
106.495
100.313
135.818
60.466
24.775
5.789
37.355
46.208
68.069
9.555
9.147
16.049
15.657
25.776
19.853
159.736
27.098
95.66
6.115
30.484
7.007
14.363
121.997
52.044
7.303
38.73
25.667
120.668
151.711
29.429
6.725
43.502
58.705
29.007
55.997
52.848
7.262
103.641
124.785
57.47
12.038
21.642
152.592
65.272
22.734
123.534
107.885
16.553
29.787
76.371
44.695
71.036
93.981
69.621
146.243
24.142
181.479
658.052
6.54
82.036
80.845
84.514
18.071
49.552
118.506
80.937
319.362
154.163
24.105
18.487
75.023
22.74
8.733
26.28
387.109
6.775
42.373
158.723
30.839
44.732
131.27
57.661
28.993
63.738
49.989
10.205
166.795
11.102
28.093
43.809
79.105
18.032
12.598
41.122
105.019
10.903
25.145
37.526
105.054
6.237
31.862
89.902
31.684
160.955
51.731
47.444
81.14
18.012
118.647
9.135
11.048
58.219
247.762
7.394
15.473
115.029
7.443
72.079
204.981
50.771
102.517
11.026
121.224
71.893
23.354
201.388
4.251
9.364
168.368
10.318
480.133
163.95
9.884
19.365
34.636
10.786
11.341
24.475
13.825
134.006
8.228
76.058
45.675
33.747
27.495
325.594
86.984
45.9
70.106
14.179
17.458
9.409
25.229
29.527
119.781
3.61
13.528
62.397
95.174
17.851
24.415
30.199
60.081
13.254
157.422
13.016
6.196
37.888
75.83
26.969
78.697
401.023
48.036
38.907
49.661
206.542
6.598
86.836
37.117
31.975
17.213
27.983
118.624
47.761
46.874
86.397
92.514
4.852
73.903
197.227
49.916
20.13
93.121
131.503
42.126
111.955
206.169
16.746
10.699
256.721
13.887
24.082
14.318
11.174
87.368
31.186
8.143
13.801
28.569
20.421
51.621
58.152
48.316
158.709
21.298
8.472
63.218
51.843
33.459
7.505
23.257
83.936
10.406
8.134
37.288
7.285
32.127
5.588
5.415
41.207
106.571
41.866
11.784
88.71
64.471
180.987
163.753
53.868
45.479
15.58
39.736
25.049
6.054
49.68
3.676
43.778
30.92
6.318
42.525
190.41
25.097
69.972
3.01
37.355
22.918
41.302
40.805
58.597
38.901
214.804
88.019
20.445
14.226
234.886
44.565
72.504
53.933
19.507
11.166
66.411
358.811
83.219
65.025
19.893
40.349
40.891
18.796
76.698
378.386
31.31
83.846
27.791
64.784
25.545
90.183
66.612
25.362
14.315
916.69
19.488
113.534
59.126
100.567
49.308
131.91
49.246
11.138
60.34
16.136
65.408
25.895
190.15
45.225
6.936
69.705
41.282
86.144
14.113
333.891
232.101
12.996
18.995
104.543
85.482
31.283
11.296
54.224
76.878
25.083
16.365
27.505
19.16
52.66
25.363
29.568
15.551
22.96
68.604
293.367
34.137
19.308
133.789
50.422
134.79
49.769
125.769
53.956
27.57
169.935
39.485
12.276
26.326
67.736
14.226
81.501
15.095
130.61
84.425
61.279
50.291
37.082
9.932
15.846
61.851
192.338
28.736
43.882
40.592
39.531
19.812
80.901
182.727
17.893
84.568
75.957
5.601
13.011
41.871
12.636
24.616
72.212
111.692
40.408
54.088
37.605
36.591
44.699
24.311
73.479
23.889
60.682
37.906
20.32
17.448
46.012
32.872
43.313
25.498
68.798
9.005
48.517
168.783
654.255
3.233
20.13
17.135
27.247
49.872
85.168
805.422
33.426
63.015
11.907
47.969
11.267
19.226
28.93
317.222
35.244
147.38
11.573
17.349
19.906
22.683
124.52
5.991
47.887
32.208
50.149
41.771
3.828
472.382
34.614
51.014
13.744
121.161
8.988
28.072
48.41
16.225
491.446
30.104
61.136
29.001
111.599
187.788
27.398
20.151
75.435
45
45.117
91.338
148.248
12.67
151.545
7.297
25.557
11.449
53.816
65.659
14.908
7.418
351.049
27.361
58.129
89.558
37.507
55.578
46.585
57.001
70.891
24.181
31.741
18.396
531.009
61.541
16.039
41.673
58.928
30.608
198.731
53.271
37.937
40.894
29.255
88.698
61.983
13.388
48.011
118.826
216.016
30.71
10.372
40.929
44.968
109.977
74.606
15.337
43.753
32.519
36.976
26.206
8.761
68.97
142.124
46.356
47.059
98.116
84.123
299.113
44.821
38.869
29.46
3.871
29.031
367.019
27.831
290.644
117.219
46.834
35.005
19.974
53.629
163.614
12.919
143.983
50.182
28.293
11.92
394.262
46.412
10.503
20.412
8.862
102.511
8.756
60.893
17.151
18.587
79.792
49.698
93.594
22.635
11.001
53.047
25.136
11.881
105.026
47.447
94.597
39.685
12.313
23.487
16.636
18.445
86.671
208.686
100.16
22.866
7.38
8.745
106.268
16.074
10.753
43.623
67.078
28.684
194.684
57.621
89.974
17.64
61.961
26.378
245.332
49.85
40.002
256.236
53.202
32.662
24.366
21.654
6.586
78.104
151.363
56.852
127.844
43.214
25.19
184.921
20.459
56.901
118.543
38.6
21.052
31.653
204.928
26.108
67.817
79.638
86.354
232.745
36.846
39.145
16.603
68.188
16.17
17.166
42.898
36.755
183.961
138.678
31.026
22.393
58.093
20.926
30.886
43.434
16.465
39.271
11.978
89.521
18.995
67.613
59.319
91.938
172.507
18.18
36.517
58.466
33.12
58.928
108.725
9.144
68.164
14.104
18.873
82.648
103.718
18.282
25.578
15.54
23.657
165.241
55.369
31.917
48.807
29.876
25.734
6.616
48.726
36.797
42.433
22.415
66.869
16.751
30.624
25.257
47.534
261.424
41.379
51.973
47.18
19.768
112.951
13.235
34.047
13.034
58.187
14.792
25.248
164.95
83.288
13.312
23.586
13.662
56.366
23.415
214.838
30.242
19.993
94.624
5.817
125.232
59.615
21.856
23.86
19.489
27.831
22.153
20.401
19.633
59.344
11.524
49.192
64.017
235.992
113.988
16.967
43.625
76.864
140.835
10.24
46.041
64.841
18.767
32.84
29.569
114.727
17.984
45.568
72.484
7.894
26.312
48.329
79.66
5.288
38.312
11.236
23.878
44.442
37.175
40.303
259.285
47.127
158.096
25.5
72.211
116.842
56.522
7.461
23.891
31.997
24.768
29.776
30.173
73.485
37.714
5.788
17.603
56.933
18.914
19.635
15.922
90.55
20.378
26.266
39.233
99.704
128.222
70.668
9.098
39.691
51.512
9.334
100.401
21.646
93.525
120.245
44.069
139.236
81.041
137.176
51.752
16.609
222.226
29.792
27.701
8.646
6.349
3.387
31.309
190.632
97.779
91.617
10.129
77.367
19.525
77.883
27.214
49.689
42.874
12.953
210.76
9.035
11.222
13.372
19.044
77.482
12.707
22.929
9.942
36.193
4.265
17.887
46.193
63.508
31.468
24.57
16.602
6.632
63.863
427.607
85.146
31.024
21.186
80.276
65.772
23.486
21.65
100.728
25.966
11.892
39.609
57.692
21.615
23.215
20.894
11.972
41.891
94.796
42.544
60.439
72.559
23.464
91.927
33.895
26.737
7.538
36.707
6.208
19.177
12.736
44.038
71.577
43.321
46.176
38.486
26.894
191.487
11.802
29.557
60.958
73.969
11.374
148.783
75.038
97.495
92.017
19.927
49.258
173.194
66.533
39.868
65.791
44.625
110.035
54.136
18.909
140.598
28.491
65.579
54.795
232.805
4.473
42.412
91.847
22.505
6.584
79.516
20.97
127.898
15.376
73.774
30.35
16.925
29.461
15.231
9.466
138.497
14.968
60.608
11.466
107.365
22.006
28.135
27.381
32.673
20.311
38.186
94.744
88.376
23.684
138.534
89.496
45.023
42.031
9.719
75.476
59.765
183.306
46.059
212.408
55.611
53.892
23.4
17.665
20.447
16.781
26.402
61.662
243.271
76.502
106.336
5.767
64.051
105.01
142.416
8.882
21.363
62.263
18.233
33.06
14.623
14.475
31.628
66.147
57.074
24.304
70.364
64.184
93.609
69.697
6.283
16.556
79.965
160.056
32.308
36.301
30.485
55.936
137.471
42.87
51.648
6.894
102.032
31.916
85.728
18.42
76.209
108.422
21.75
14.077
27.038
196.946
25.486
103.055
86.525
49.027
62.396
84.007
79.584
53.738
46.93
28.404
33.597
3.124
130.618
77.617
104.895
40.967
2.324
31.874
83.318
59.833
100.086
23.906
21.464
145.172
90.057
36.816
49.733
81.72
49.963
47.201
95.72
34.06
165.059
162.976
55.445
15.453
112.272
51.369
49.181
7.384
22.578
290.936
38.536
74.659
14.535
114.463
7.059
35.039
83.893
96.562
51.943
44.401
5.322
21.462
113.14
11.656
21.32
44.854
62.414
19.996
308.426
36.79
30.825
32.073
70.757
53.681
9.005
85.302
20.393
11.381
29.751
58.599
16.422
357.862
18.46
28.932
111.772
6.556
60.069
28.667
15.577
30.902
58.188
6.708
41.285
19.869
58.233
22.254
41.025
21.706
35.033
39.058
99.397
9.486
178.587
46.401
8.909
31.506
53.258
31.567
51.656
47.738
170.515
12.485
51.923
15.029
8.163
205.659
36.598
28.292
30.414
16.54
85.303
320.873
14.53
14.954
22.806
13.7
378.608
617.567
30.486
67.011
67.149
111.148
68.903
7.238
44.583
166.145
44.168
71.286
22.765
28.37
79.713
31.364
18.906
46.352
8.523
78.352
41.331
52.927
85.566
37.338
463.539
10.967
32.635
13.073
58.641
19.016
26.52
21.715
34.585
18.907
2.932
46.737
84.405
61.565
37.525
34.186
137.997
137.67
51.576
10.544
60.953
75.453
114.874
19.983
78.765
23.328
28
8.079
80.517
105.541
73.755
22.27
105.702
19.809
118.062
4.025
19.319
78.606
48.343
100.594
31.328
39.571
30.227
27.33
34.065
24.938
67.697
267.391
51.656
107.32
30.822
85.471
21.905
27.116
21.622
12.264
78.737
42.503
28.219
64.023
179.891
13.728
36.969
5.177
16.642
30.831
35.508
21.558
80.235
4.74
151.267
47.055
26.122
40.263
60.934
75.124
204.559
4.449
29.063
46.745
6.033
18.176
27.872
22.409
43.592
31.073
52.298
34.608
56.857
211.399
25.896
26.873
75.096
79.568
17.721
63.654
32.495
7.472
142.408
16.344
89.207
7.194
29.105
40.057
101.688
26.607
134.752
17.891
26.001
42.897
45.378
27.25
8.896
2.073
50.185
69.016
32.517
234.639
61.104
62.024
94.247
95.112
21.176
65.368
38.176
47.407
138.536
28.896
40.017
39.921
35.551
18.16
12.233
89.832
29.185
39.434
124.112
54.424
128.129
9.992
41.674
43.8
94.303
18.72
91.639
19.775
11.109
11.207
48.47
29.687
56.741
46.431
144.199
28.792
49.215
41.645
41.545
69.045
93.36
9.552
23.433
5.977
28.325
80.27
42.125
288.004
46.242
44.525
29.926
8.802
157.101
20.989
19.051
5.479
4.398
13.337
180.529
11.115
118.685
15.676
6.451
18.907
55.765
10.437
8.943
485.763
29.987
78.946
75.677
34.34
89.553
266.515
62.892
34.343
152.634
122.816
16.24
4.515
44.674
13.133
30.819
15.815
36.238
57.169
69.835
25.778
13.635
38.778
13.703
42.122
282.869
524.313
8.773
13.136
71.498
61.994
31.846
37.369
106.27
84.358
202.878
64.562
42.29
23.349
24.278
11.366
62.442
33.076
84.152
37.676
26.685
39.73
259.206
42.557
31.311
27.084
26.91
55.555
44.649
23.795
12.318
96.092
36.593
66.572
16.35
59.92
20.651
8.6
57.775
24.276
6.725
16.232
99.66
30.871
17.525
11.081
18.475
23.57
32.742
32.126
62.484
37.834
14.444
35.571
9.591
5.119
40.696
4.324
45.487
14.22
45.166
14.624
19.17
25.298
33.751
11.017
106.741
27.745
10.575
10.101
31.341
59.67
25.565
15.695
26.612
171.999
74.673
156.514
9.125
14.888
82.144
177.193
6.725
20.305
3.401
33.68
7.586
92.49
42.073
33.555
4.01
41.815
22.677
21.357
18.667
25.384
38.635
26.275
18.904
53.014
72.861
44.237
7.943
114.853
70.607
73.76
41.24
50.639
19.495
30.567
47.457
46.665
30.535
46.708
12.38
7.771
32.676
12.727
34.759
10.24
23.582
84.94
15.922
20.966
100.041
90.096
18.764
46.931
42.668
10.408
165.838
85.931
9.544
27.319
62.129
33.169
32.859
26.921
30.53
3.79
30.466
60.155
30.956
7.73
4.354
153.903
194.599
53.792
19.978
50.996
30.721
43.828
175.897
7.231
27.873
107.228
36.938
103.629
47.145
7.071
27.578
87.868
18.307
15.897
40.836
9.747
37.35
48.536
73.901
25.988
125.999
13.948
92.668
9.481
5.884
10.446
59.734
205.343
67.218
11.441
44.125
220.296
35.059
71.234
33.415
68.218
29.263
80.217
57.614
37.937
46.297
25.289
26.625
62.735
55.472
9.97
32.609
57.104
29.16
22.281
93.525
469.05
18.655
24.122
64.809
13.875
11.756
45.039
9.132
55.964
34.78
79.1
46.227
27.147
10.49
369.289
44.297
19.233
70.784
141.342
74.541
10.072
38.648
19.569
22.79
97.408
73.657
32.136
89.752
42.664
52.905
35.688
32.329
229.78
70.539
42.718
46.02
63.737
60.015
232.91
30.502
14.147
3.948
64.566
186.219
71.769
102.392
64.441
19.416
11.976
3.778
69.986
72.033
97.962
50.546
4.408
9.145
10.376
42.875
31.046
78.664
23.553
95.644
10.521
9.6
8.518
42.865
76.723
72.821
93.403
7.963
44.534
72.855
44.625
16.747
37.628
177.421
91.756
58.117
26.647
106.653
72.313
23.643
225.75
7.964
48.779
42.819
8.003
143.436
104.009
28.712
18.632
52.076
45.137
227.312
9.452
41.303
106.411
10.819
147.15
83.78
43.447
23.43
8.482
9.553
60.25
37.029
90.529
23.962
40.424
33.289
142.73
8.318
30.08
56.348
5.277
21.575
34.314
103.875
31.973
84.321
26.374
37.018
94.893
79.869
33.794
39.134
15.159
120.437
71.574
53.679
181.89
55.012
22.142
33.658
28.162
62.501
28.43
100.193
53.831
67.205
125.373
39.838
126.546
70.396
60.588
23.211
22.492
57.864
11.049
60.956
164.576
47.285
47.399
89.401
74.276
85.166
82.545
48.802
7.98
62.902
67.338
29.442
59.128
20.817
18.029
36.228
115.198
9.694
14.577
6.594
49.03
20.643
20.942
39.604
64.531
101.948
38.824
103.925
16.415
43.167
40.193
89.715
71.062
47.987
295.369
69.831
31.379
74.011
50.405
17.029
45.993
64.575
4.42
34.571
13.392
36.756
42.196
22.501
18.978
79.1
30.673
17.652
155.679
41.057
156.02
34.185
331.709
54.329
31.705
20.869
145.514
263.806
12.444
17.37
118.087
8.127
7.741
90.806
25.444
43.36
67.954
26.307
31.568
108.051
130.524
46.769
32.583
8.712
72.49
18.79
27.294
33.694
60.326
28.297
82.815
148.581
22.721
53.119
66.196
59.178
20.413
11.494
88.883
29.746
44.305
97.599
35.394
78.268
43.286
30.772
7.18
65.678
37.401
10.567
69.436
103.64
91.315
4.24
18.353
22.848
24.6
118.304
12.181
96.73
47.732
20.91
65.581
11.185
32.529
41.637
28.846
34.45
46.755
37.093
87.377
51.052
82.856
19.853
33.509
36.247
30.752
8.676
27.263
53.538
66.025
10.01
54.994
49.615
24.541
31.995
48.179
16.261
8.228
28.922
47.656
20.819
5.715
10.318
37.242
10.191
50.749
36.66
54.368
43.807
33.928
27.304
38.204
187.708
33.275
52.682
132.594
32.18
33.525
70.607
20.399
62.202
158.144
33.902
27.806
78.788
97.585
81.913
33.207
19.413
21.563
30.955
78.307
136.9
27.409
39.348
75.177
80.553
14.697
16.59
37.987
46.329
74.444
80.711
13.965
57.081
12.665
30.519
29.299
30.289
37.564
81.351
33.292
52.411
36.112
34.499
84.247
56.61
40.894
31.972
34.437
31.647
31.974
109.008
38.899
44.32
23.158
21.181
48.751
13.89
63.727
77.472
52.405
75.061
42.127
38.518
64.528
23.759
13.574
36.511
32.265
48.677
105.18
81.824
24.294
105.001
37.876
31.505
76.256
42.534
14.074
15.122
32.725
38.236
21.039
22.674
169.269
0.799
51.689
19.927
21.37
25.244
24.098
55.719
80.294
31.927
26.468
40.658
46.396
10.767
42.724
23.329
4.358
24.823
15.247
37.355
15.67
116.01
26.572
19.478
100.582
6.44
24.952
276.851
103.668
73.694
23.474
85.755
116.558
56.983
54.538
36.974
146.961
18.101
110.708
48.553
83.883
72.129
22.893
63.831
20.427
27.205
91.329
40.911
21.271
41.733
70.925
111.5
81.385
24.489
44.367
7.923
51.929
134.973
19.78
36.382
28.459
47.01
20.806
13.685
55.915
93.647
15.696
67.092
25.399
87.064
142.041
80.336
55.525
59.162
19.434
34.248
51.08
47.158
24.314
21.299
49.698
44.996
20.339
31.035
37.175
22.481
55.256
13.608
21.795
8.864
4.517
20.137
17.606
60.226
54.939
55.58
25.685
35.358
65.134
11.826
70.173
79.634
69.675
67.295
28.306
70.74
43
35.79
61.162
61.481
21.336
76.453
20.376
25.897
20.217
23.877
12.669
50.929
21.344
18.811
70.046
38.242
21.258
35.871
9.088
47.236
13.302
13.207
56.009
61.82
36.436
23.893
33.785
50.865
45.06
47.327
37.128
17.773
20.06
21.3
161.889
29.22
46.249
31.36
47.633
15.209
96.041
14.884
92.784
70.875
71.954
89.387
7.055
8.817
44.738
28.838
56.053
17.23
107.096
89.943
22.993
43.979
5.457
70.617
156.59
6.061
81.287
14.192
35.392
30.679
37.02
18.325
152.597
26.834
14.905
94.311
10.953
37.701
36.656
20.472
18.728
16.466
19.128
9.459
7.385
24.094
74.253
27.859
10.139
61.128
89.842
62.564
71.981
40.707
32.28
17.832
12.771
42.581
81.395
75.787
31.335
31.154
100.536
75.145
15.97
48.98
72.996
12.319
10.64
48.116
23.467
37.375
23.363
34.719
33.552
150.933
45.81
59.687
88.558
44.112
51.158
146.842
30.704
106.383
25.661
63.468
65.415
43.641
149.549
52.876
107.273
17.04
146.395
25.949
31.926
48.648
18.37
74.987
9.152
23.862
43.157
16.833
43.746
123.873
81.799
2.351
36.864
79.246
22.091
78.517
32.083
199.377
40.557
5.341
16.485
47.749
41.837
71.717
20.487
65.522
12.948
22.989
6.579
114.016
92.334
78.687
73.182
17.55
26.866
22.502
24.374
2.925
23.972
123.879
9.963
95.697
42.633
20.325
104.847
42.744
92.889
75.088
33.874
17.23
75.897
25.063
11.978
43.974
24.353
113.333
9.074
42.729
68.087
26.197
25.435
152.675
25.024
44.588
14.439
42.611
15.435
145.304
10.719
30.248
47.265
82.567
13.14
15.639
48.602
38.85
66.659
20.474
62.712
47.583
19.783
16.14
111.123
10.052
30.63
11.943
47.666
71.023
45.436
47.08
11.879
74.168
62.549
63.542
10.792
65.407
18.403
145.213
50.728
19.178
33.048
100.583
18.082
5.478
4.773
104.362
63.971
39.118
17.897
14.219
6.131
24.801
8.304
72.933
141.534
3.47
13.89
73.118
26.792
4.814
101.234
78.881
63.992
27.338
7.549
13.599
8.969
138.759
21.369
99.835
19.505
14.757
19.746
105.135
32.193
36.984
44.217
49.986
78.587
56.555
25.721
45.143
8.44
12.385
94.553
51.991
22.273
50.932
27.78
52.373
75.499
84.121
32.566
106.562
28.531
55.311
29.489
6.822
118.362
42.459
31.517
31.233
59.427
46.495
19.372
30.035
21.52
3.443
113.371
8.932
43.103
7.925
7.037
14.869
18.161
43.604
35.161
35.402
10.201
41.405
139.371
56.726
2.368
44.88
78.837
33.675
63.24
42.579
107.861
11.387
38.908
94.043
82.562
32.098
35.615
39.928
60.304
40.832
47.879
44.65
18.079
63.37
15.742
27.708
22.87
41.683
32.174
13.374
84.049
51.999
45.609
7.877
84.764
21.763
165.21
79.351
28.375
11.254
50.247
79.506
21.769
18.03
25.514
40.823
32.771
39.687
44.299
17.599
33.719
5.474
67.949
71.738
60.838
47.443
14.429
66.511
39.108
54.063
121.852
70.174
29.806
60.129
25.776
40.608
57.409
40.849
11.147
11.912
22.634
16.415
38.939
112.882
33.509
9.871
20.81
46.956
150.582
67.833
23.567
64.603
318.298
125.118
16.126
28.51
19.409
12.09
50.673
12.563
4.011
20.978
54.266
40.353
33.563
56.342
19.821
58.364
96.349
21.599
42.342
53.934
18.852
25.272
11.969
19.238
8.531
39.718
23.124
14.579
198.776
41.256
16.791
12.827
83.308
49.589
11.626
166.65
46.522
59.134
21.006
20.834
53.498
41.25
15.614
27.218
22.921
19.199
98.916
55.43
49.092
37.035
36.927
43.207
97.56
20.379
29.052
15.25
18.942
110.77
53.586
158.177
25.836
63.024
108.992
24.002
28.672
16.15
77.477
16.88
14.513
54.72
17.905
11.483
38.131
46.998
29.589
14.864
94.371
96.32
9.205
141.825
43.115
67.658
65.09
260.667
35.834
85.96
19.718
33.421
66.339
35.416
84.266
31.554
11.711
82.796
27.465
82.808
14.347
44.542
35.765
111.11
39.33
68.73
33.007
29.004
8.86
25.287
28.185
39.784
37.381
39.188
20.765
39.486
88.68
44.879
6.902
19.623
10.862
29.133
39.776
10.824
104.59
199.893
71.488
15.924
61.818
33.567
27.002
9.358
34.68
45.418
74.686
88.281
51.896
55.322
18.998
30.786
98.468
104.91
74.031
56.93
8.824
60.804
78.809
85.515
64.547
18.201
116.804
106.234
18.469
31.309
67.871
98.666
10.164
46.098
16.494
22.948
20.917
19.889
13.022
26.374
66.316
20.227
48.08
149.373
13.676
11.068
10.62
60.924
42.158
11.925
129.934
54.379
45.108
104.538
9.03
46.04
111.748
81.923
80.089
25.9
31.721
27.903
19.728
31.629
30.434
5.139
30.932
153.666
16.909
28.558
17.568
30.134
69.193
121.847
6.456
38.848
81.369
22.959
71.862
28.302
36.159
73.658
5.33
4.123
35.222
11.524
38.206
65.799
76.167
22.046
10.474
38.389
51.653
13.168
46.32
36.473
114.105
26.584
39.888
39.566
282.128
5.431
25.069
68.525
117.261
26.824
57.668
46.918
24.471
12.573
89.167
18.484
38.54
43.306
9.736
100.282
18.217
37.769
47.32
22.871
41.406
35.873
13.577
8.129
41.464
118.024
129.254
91.095
28.105
18.438
141.464
22.852
54.382
45.185
50.999
16.081
20.3
64.61
78.012
61.114
66.833
15.591
102.066
27.053
31.26
9.471
83.995
10.864
87.338
65.736
54.64
9.382
8.691
45.075
32.91
22.976
34.561
43.272
43.83
9.946
19.304
