23.507
26.892
77.155
24.017
15
11.083
35.391
38.988
27.857
21.941
15.883
72.577
48.622
28.038
12.846
10.4
81.553
45.832
32.465
7.146
37.322
115.358
10.06
29.47
74.674
48.664
52.441
52.903
35.614
36.482
21.813
29.86
17.813
56.423
40.898
26.967
48.554
6.941
16.689
68.679
36.96
19.142
30.614
28.369
24.156
22.074
37.921
73.323
29.844
40.698
84.077
69.639
45.125
8.734
98.659
13.913
53.121
60.586
27.297
49.809
81.491
42.64
63.502
27.688
43.403
39.05
26.424
37.274
121.223
27.94
26.122
21.16
17.514
63.977
52.859
22.619
24.142
19.756
10.602
31.833
39.362
15.532
66.684
13.375
15.747
24.875
125.811
68.727
26.391
16.859
11.859
82.741
86.761
34.375
3.61
6.039
26.909
20.778
65.424
16.311
75.575
23.776
74.543
66.712
83.648
27.438
9.797
20.104
59.554
102.333
82.15
58.615
31.563
7.864
23.032
29.906
41.524
120.726
81.59
20.985
81.55
39.444
78.255
34.321
81.503
34.044
47.827
9.553
79.163
7.301
40.235
33.236
24.527
46.151
16.397
10.096
102.085
34.151
19.25
19.071
47.305
17.043
39.424
6.785
37.02
41.369
9.687
28.468
23.896
49.121
17.834
21.365
57.423
60.476
35.984
21.4
22.334
19.744
34.642
39.35
10.11
3.038
5.046
24.021
83.874
7.5
30.271
33.023
56.14
17.267
60.299
14.114
5.734
27.589
43.807
103.814
65.496
23.294
80.427
26.363
89.048
16.515
150.614
28.758
28.537
51.156
54.035
48.331
100.785
26.608
10.374
18.85
24.085
17.933
90.474
22.54
27.514
49.277
16.308
18.309
34.703
26.12
22.549
16.755
7.352
22.217
45.601
23.76
9.342
33.11
65.232
6.201
83.171
67.247
9.222
67.081
47.187
105.657
7.188
27.394
43.842
45.777
21.437
30.353
10.792
5.745
11.171
6.099
32.484
26.975
19.244
41.226
13.063
19.905
18.879
15.295
46.454
52.766
16.83
35.786
98.494
33.851
45.707
4.847
48.999
229.09
3.532
16.772
76.927
26.324
47.82
39.607
67.363
2.43
26.38
37.16
66.974
35.97
51.144
6.774
26.459
41.873
51.332
8.802
8.74
15.921
71.675
10.672
63.649
34.625
33.969
38.438
45.805
67.056
10.839
41.902
62.465
60.235
60.115
15.958
7.528
34.208
67.954
21.887
53.302
64.76
15.579
66.315
55.085
21.741
33.438
25.258
69.106
9.517
22.09
20.756
57.792
23.64
20.646
20.89
56.197
35.279
43.162
63.609
6.997
10.844
25.214
20.391
86.727
30.672
9.8
13.4
19.941
14.321
63.062
21.327
13.907
10.888
13.355
42.514
3.71
53.033
52.08
60.305
24.036
94.915
52.094
15.545
40.43
22.424
45.219
11.369
20.708
59.245
22.688
24.141
31.703
89.842
17.843
21.765
113.742
13.302
105.562
58.449
46.359
7.582
46.434
57.64
5.875
43.86
56.415
46.054
52.954
22.417
27.449
108.389
8.476
17.594
17.873
41.549
31.884
64.367
49.774
24.708
21.469
44.469
30.152
33.32
10.819
52.357
41.652
9.571
42.473
62.15
156.653
38.073
23.854
3.448
6.289
142.938
128.627
52.751
109.884
57.519
17.272
27.688
102.448
74.51
36.467
16.362
49.437
34.617
67.134
29.276
35.992
35.518
75.667
38.169
54.104
36.323
9.789
23.282
71.463
31.269
48.11
37.712
3.017
19.36
79.099
32.818
24.594
41.08
33.621
61.472
42.312
7.485
35.031
11.439
12.084
14.784
6.844
30.055
19.619
81.925
56.987
13.254
54.161
12.156
32.088
36.926
63.681
25.469
21.151
35.281
41.052
10.378
20.578
10.562
8.469
72.52
31.302
80.569
10.874
16.579
85.398
27.196
74.766
17.533
67.655
24.865
27.292
43.746
17.508
71.208
10.105
39.934
79.55
10.453
29.385
12.11
70.385
54.851
53.95
98.843
20.916
14.396
9.844
38.417
43.558
34.119
71.631
21.163
55.612
43.826
18.969
23.356
4.319
35.602
28.537
96.313
19.143
17.359
60.958
18.844
15.344
34.141
8.358
5.635
41.641
62.666
27.575
20.989
69.371
18.7
17.605
19.74
12.945
31.499
9.235
4.795
14.884
37.404
17.331
23.989
7.867
6.782
67.933
32.472
11.373
131.596
40.017
27.02
100.523
10.296
15.774
26.751
21.781
54.592
21.679
34.895
85.549
119.147
11.36
16.984
19.233
77.826
14.534
21.859
7.415
31.461
6.554
10.113
13.314
3.613
35.605
77.548
27.023
67.969
52.653
55.17
23.203
23.208
14.321
6.198
31.933
71.024
22.753
38.749
169.496
25.206
82.063
35.547
8.563
40.101
15.859
111.301
57.923
79.014
26.188
7.523
71.414
17.528
85.293
24.52
78.933
19.593
23.61
27.32
16.159
4.86
19.452
24.794
5.062
41.128
153.936
100.728
170.909
42.912
33.01
27.312
85.399
96.247
30.731
101.978
50.619
48.806
48.408
29.809
28.344
34.018
17.568
27.814
35.822
29.914
53.996
7.174
23.05
26.877
41.216
17.556
42.775
56.996
137.16
5.801
42.438
25.199
37.094
31.524
104.318
9.324
45.445
10.641
35.249
15.494
34.607
78.183
25.438
61.395
21.239
124.691
43.74
31.623
10.688
73.316
32.872
17.798
22.418
6.296
39.041
37.263
71.91
6.786
5.498
15.06
45.21
77.836
33.104
84.559
43.377
23.568
64.064
19.172
63.325
15.102
15.15
51.891
31.818
16.356
31.976
57.272
30.959
8.148
28.672
10.464
30.294
5.913
85.011
86.181
21.526
42.627
4.535
16.118
8.203
17.678
29.52
20.429
184.969
36.68
22.402
51.193
39.953
19.334
28.747
12.672
87.041
25.11
111.537
48.688
33.203
86.686
53.239
16.055
31.307
50.016
29.59
50.578
11.012
11.859
21.126
23.296
8.707
23.993
27.36
10.125
18.404
23.733
9.635
26.293
83.842
25.344
15.504
21.499
30.967
10.781
8.052
20.412
16.921
59.202
167.913
78.763
63.605
62.11
12.693
16.719
29.172
38.868
57.217
24.028
168.766
30.469
26.133
92.702
56.349
34.947
47.747
42.455
6.365
43.544
52.051
8.413
26.929
9.37
32.638
22.484
17.052
18.558
45.393
20.352
21.403
26.375
113.657
31.85
26.145
21.258
44.482
36.909
29.815
20.125
47.487
29.005
154.137
85.879
8.437
27.287
89.602
139.626
38.781
146.49
18.462
7.969
28.194
67.724
58.341
20.802
40.554
48.332
35.835
12.382
19.61
21.344
27.16
34.722
18.335
49.264
25.953
24.155
79.395
63.5
11.73
47.672
7.208
19.659
5.001
14.063
17.1
32.012
40.85
16.466
19.748
14.614
110.54
14.041
31.696
217.33
13.549
29.837
25.891
36.359
11.398
91.135
18.92
48.86
17.825
59.474
25.554
1.39
13.424
37.632
50.161
50.252
84.094
53.934
23.917
67.318
35.927
23.919
39.033
41.404
40.838
7.538
18.347
58.34
52.653
23.5
25.956
60.865
13.009
18.066
83.154
45.652
46.55
16.697
52.632
84.829
41.251
28.98
87.312
23.205
23.249
31.462
26.923
19.978
38.757
7.443
9.564
16.729
46.598
11.827
10.427
40.445
29.571
82.246
25.679
17.223
30.027
17.301
66.994
34.46
