0.4906 0.6387 0.3512 0.0000 0.9074
0.5052 0.6475 0.2900 0.0000 0.9456
0.5039 0.6478 0.2993 0.0000 0.9686
0.4901 0.6352 0.3473 0.0000 1.0147
0.4955 0.6366 0.3306 0.0000 0.9939
0.5008 0.6430 0.3144 0.0000 0.9462
0.5085 0.6484 0.2871 0.0000 841.3317
0.5044 0.6494 0.2977 0.0000 60.7961
0.5079 0.6558 0.2924 0.0000 25.8045
0.5037 0.6501 0.2966 0.0000 0.9680
0.5061 0.6510 0.2869 0.0000 0.9640
0.5064 0.6536 0.2831 0.0000 0.9720
0.5086 0.6532 0.2867 0.0000 0.9676
0.5022 0.6446 0.3059 0.0000 0.9543
0.5035 0.6453 0.3004 0.0000 0.9508
0.5075 0.6508 0.2850 0.0000 0.9726
0.4877 0.6343 0.3548 0.0000 0.8761
0.4903 0.6341 0.3564 0.0000 0.8629
0.5115 0.6502 0.2746 0.0000 0.9665
0.5148 0.6495 0.2620 0.0000 0.9639
0.5190 0.6514 0.2550 0.0000 0.9438
0.5092 0.6533 0.2726 0.0000 0.9759
0.5105 0.6515 0.2708 0.0000 0.9701
0.5102 0.6519 0.2708 0.0000 0.9667
0.5102 0.6445 0.2728 0.0000 0.9277
0.5076 0.6503 0.2742 0.0000 0.9514
0.5063 0.6485 0.2794 0.0000 0.9452
0.5085 0.6500 0.2718 0.0000 0.9505
0.5075 0.6504 0.2766 0.0000 0.9464
0.5096 0.6517 0.2687 0.0000 0.9525
0.5166 0.6499 0.2437 0.0001 0.9119
0.4924 0.6383 0.3357 0.0000 0.8484
0.5084 0.6507 0.2697 0.0000 0.9417
0.5115 0.6532 0.2577 0.0000 0.9514
0.5057 0.6478 0.2799 0.0000 0.9373
0.5032 0.6473 0.2895 0.0000 0.9396
0.5059 0.6484 0.2775 0.0000 0.9356
0.5041 0.6448 0.2876 0.0000 0.9093
0.5056 0.6434 0.2868 0.0000 0.9333
0.5053 0.6466 0.2813 0.0000 0.9341
0.5048 0.6473 0.2821 0.0000 0.9304
0.5045 0.6469 0.2829 0.0000 0.9288
0.5050 0.6482 0.2798 0.0000 0.9153
0.5050 0.6484 0.2787 0.0000 0.9140
0.5048 0.6481 0.2794 0.0000 0.9147
0.5048 0.6483 0.2792 0.0000 0.9152
0.5048 0.6485 0.2790 0.0000 0.9151
0.5054 0.6491 0.2764 0.0000 0.9166
0.5052 0.6490 0.2774 0.0000 0.9157
0.5051 0.6464 0.2839 0.0000 0.9479
0.5062 0.6493 0.2740 0.0000 0.9175
0.5061 0.6494 0.2739 0.0000 0.9157
0.5075 0.6501 0.2691 0.0000 0.9164
0.5074 0.6501 0.2693 0.0000 0.9155
0.5019 0.6537 0.2868 0.0000 0.9273
0.5002 0.6527 0.2928 0.0000 0.9242
0.4982 0.6494 0.3034 0.0000 0.9206
0.4988 0.6498 0.3026 0.0000 0.9192
0.4994 0.6520 0.2977 0.0000 0.9247
0.4983 0.6516 0.2985 0.0000 0.9299
0.4987 0.6523 0.2985 0.0000 0.9280
0.4986 0.6524 0.2989 0.0000 0.9280
0.4982 0.6528 0.2983 0.0000 0.9296
0.4978 0.6523 0.2980 0.0000 0.9317
0.4967 0.6488 0.3088 0.0000 0.9218
0.4959 0.6488 0.3084 0.0000 0.9264
0.4962 0.6499 0.3072 0.0000 0.9265
0.4965 0.6504 0.3071 0.0000 0.9262
0.4958 0.6495 0.3094 0.0000 0.9247
0.4959 0.6467 0.3097 0.0000 0.9128
0.4971 0.6470 0.3103 0.0000 0.9111
0.4964 0.6460 0.3122 0.0000 0.9138
0.4974 0.6491 0.3071 0.0000 0.9130
0.4989 0.6488 0.3031 0.0000 0.9077
0.4987 0.6486 0.3037 0.0000 0.9083
0.4966 0.6478 0.3098 0.0000 0.9122
0.4970 0.6470 0.3090 0.0000 0.9044
0.4965 0.6466 0.3099 0.0000 0.9061
0.4956 0.6453 0.3145 0.0000 0.9038
0.4949 0.6452 0.3130 0.0000 0.9036
0.4950 0.6454 0.3134 0.0000 0.9013
0.4948 0.6455 0.3140 0.0000 0.9025
0.4947 0.6457 0.3140 0.0000 0.9049
0.4944 0.6458 0.3147 0.0000 0.8934
0.4950 0.6471 0.3120 0.0000 0.9037
0.4951 0.6471 0.3070 0.0000 0.9042
0.4951 0.6472 0.3066 0.0000 0.9041
0.4951 0.6462 0.3086 0.0000 0.8964
0.4956 0.6477 0.3054 0.0000 0.8917
0.4951 0.6457 0.3085 0.0000 0.9010
0.4960 0.6498 0.3030 0.0000 0.8281
0.4961 0.6503 0.3030 0.0000 0.8292
0.4963 0.6522 0.3016 0.0000 0.8311
0.4961 0.6520 0.3022 0.0000 0.8321
0.4957 0.6487 0.3042 0.0000 0.8291
0.4959 0.6509 0.3037 0.0000 0.8330
0.4963 0.6520 0.2995 0.0000 0.8319
0.4961 0.6509 0.3013 0.0000 0.8349
0.4965 0.6528 0.2998 0.0000 0.8366
0.4959 0.6501 0.3048 0.0000 0.8343
0.4957 0.6489 0.3069 0.0000 0.8303
0.4961 0.6502 0.3054 0.0000 0.8364
0.4963 0.6514 0.3039 0.0000 0.8367
0.4951 0.6492 0.3121 0.0000 0.8328
0.4949 0.6479 0.3135 0.0000 0.8314
0.4955 0.6511 0.3111 0.0000 0.8382
0.4952 0.6500 0.3118 0.0000 0.8350
0.4956 0.6503 0.3159 0.0000 0.8349
0.4952 0.6481 0.3172 0.0000 0.8329
0.4958 0.6510 0.3152 0.0000 0.8452
0.4952 0.6483 0.3176 0.0000 0.8334
0.4952 0.6485 0.3165 0.0000 0.8340
0.4954 0.6489 0.3156 0.0000 0.8352
0.4953 0.6488 0.3164 0.0000 0.8316
0.4952 0.6468 0.3175 0.0000 0.8898
0.4948 0.6470 0.3211 0.0000 0.8300
0.4961 0.6515 0.3106 0.0000 0.8399
0.4954 0.6492 0.3132 0.0000 0.8381
0.4963 0.6529 0.3094 0.0000 0.8360
0.4955 0.6504 0.3128 0.0000 0.8371
0.4961 0.6540 0.3100 0.0000 0.8382
0.4952 0.6509 0.3132 0.0000 0.8342
0.4952 0.6513 0.3126 0.0000 0.8348
0.4946 0.6485 0.3177 0.0000 0.8313
0.4945 0.6479 0.3156 0.0000 0.9016
0.4946 0.6497 0.3159 0.0000 0.8296
0.4941 0.6495 0.3173 0.0000 0.8315
0.4947 0.6523 0.3149 0.0000 0.8364
0.4947 0.6524 0.3150 0.0000 0.8357
0.4944 0.6496 0.3148 0.0000 0.8309
0.4939 0.6476 0.3167 0.0000 0.9062
0.4950 0.6501 0.3137 0.0000 0.8927
0.4944 0.6515 0.3174 0.0000 0.8341
0.4952 0.6535 0.3140 0.0000 0.8330
0.4946 0.6502 0.3160 0.0000 0.9088
0.4941 0.6497 0.3182 0.0000 0.9006
0.4939 0.6485 0.3179 0.0000 0.9052
0.4948 0.6528 0.3131 0.0000 0.8342
0.4940 0.6483 0.3166 0.0000 0.9072
0.4953 0.6520 0.3111 0.0000 0.9057
0.4955 0.6555 0.3103 0.0000 0.8467
0.4938 0.6465 0.3144 0.0000 0.8983
0.4945 0.6493 0.3127 0.0000 0.8862
0.4942 0.6483 0.3140 0.0000 0.9043
0.4950 0.6531 0.3104 0.0000 0.8386
0.4950 0.6497 0.3114 0.0000 0.9088
0.4947 0.6505 0.3134 0.0000 0.9052
0.4944 0.6489 0.3132 0.0000 0.9052
0.4951 0.6485 0.3126 0.0000 0.9060
0.4952 0.6483 0.3130 0.0000 0.9000
0.4950 0.6474 0.3118 0.0000 0.8994
0.4952 0.6478 0.3113 0.0000 0.9046
0.4948 0.6468 0.3120 0.0000 0.8995
0.4949 0.6496 0.3118 0.0000 0.8282
0.4951 0.6479 0.3133 0.0000 0.8982
0.4955 0.6494 0.3100 0.0000 0.8991
0.4953 0.6543 0.3118 0.0000 0.8348
0.4945 0.6528 0.3155 0.0000 0.8326
0.4954 0.6557 0.3138 0.0000 0.8385
0.4951 0.6555 0.3145 0.0000 0.8329
0.4946 0.6547 0.3155 0.0000 0.8334
0.4944 0.6539 0.3151 0.0000 0.8330
0.4948 0.6545 0.3132 0.0000 0.8398
0.4952 0.6559 0.3137 0.0000 0.8367
0.4948 0.6548 0.3151 0.0000 0.8340
0.4945 0.6535 0.3129 0.0000 0.8309
0.4947 0.6535 0.3180 0.0000 0.8319
0.4960 0.6557 0.3155 0.0000 0.8360
0.4958 0.6548 0.3153 0.0000 0.8313
0.4955 0.6542 0.3141 0.0000 0.8356
0.4953 0.6540 0.3163 0.0000 0.8325
0.4952 0.6539 0.3170 0.0000 0.8276
0.4959 0.6541 0.3140 0.0000 0.8299
0.4958 0.6550 0.3154 0.0000 0.8339
0.4967 0.6561 0.3100 0.0000 0.8312
0.4960 0.6520 0.3153 0.0000 0.9043
0.4964 0.6559 0.3120 0.0000 0.8337
0.4971 0.6581 0.3130 0.0000 0.8368
0.4983 0.6614 0.3109 0.0000 0.8473
0.4962 0.6586 0.3182 0.0000 0.8406
0.4956 0.6590 0.3231 0.0000 0.8397
0.4948 0.6566 0.3264 0.0000 0.8346
0.4958 0.6588 0.3240 0.0000 0.8397
0.4950 0.6559 0.3238 0.0000 0.8346
0.4951 0.6556 0.3188 0.0000 0.8334
0.4953 0.6568 0.3214 0.0000 0.8358
0.4951 0.6558 0.3193 0.0000 0.8353
0.4958 0.6567 0.3167 0.0000 0.8338
0.4951 0.6542 0.3175 0.0000 0.8284
0.4952 0.6558 0.3168 0.0000 0.8343
0.4956 0.6570 0.3166 0.0000 0.8369
0.4958 0.6574 0.3119 0.0000 0.8369
0.4954 0.6564 0.3128 0.0000 0.8354
0.4948 0.6550 0.3133 0.0000 0.8319
0.4950 0.6557 0.3136 0.0000 0.8330
0.4951 0.6555 0.3134 0.0000 0.8335
0.4949 0.6566 0.3148 0.0000 0.8364
0.4948 0.6563 0.3151 0.0000 0.8341
0.4952 0.6579 0.3145 0.0000 0.8395
0.4946 0.6553 0.3133 0.0000 0.8335
0.4949 0.6569 0.3139 0.0000 0.8377
0.4962 0.6602 0.3154 0.0000 0.8438
0.4964 0.6606 0.3099 0.0000 0.8452
0.4959 0.6589 0.3090 0.0000 0.8407
0.4958 0.6597 0.3123 0.0000 0.8449
0.4961 0.6598 0.3123 0.0000 0.8402
0.4963 0.6615 0.3147 0.0000 0.8479
0.4960 0.6598 0.3149 0.0000 0.8435
0.4965 0.6616 0.3166 0.0000 0.8504
0.4946 0.6579 0.3221 0.0000 0.8372
0.4958 0.6607 0.3142 0.0000 0.8435
0.4955 0.6584 0.3146 0.0000 0.8358
0.4962 0.6599 0.3124 0.0000 0.8427
0.4960 0.6593 0.3140 0.0000 0.8380
0.4966 0.6612 0.3115 0.0000 0.8416
0.4965 0.6610 0.3116 0.0000 0.8414
0.4977 0.6637 0.3080 0.0000 0.8459
0.4983 0.6628 0.3032 0.0000 0.8416
0.4986 0.6640 0.3030 0.0000 0.8428
0.4982 0.6640 0.3052 0.0000 0.8458
0.4974 0.6608 0.3038 0.0000 0.8439
0.4988 0.6640 0.3020 0.0000 0.8447
0.4979 0.6625 0.3007 0.0000 0.8432
0.4986 0.6647 0.3014 0.0000 0.8477
0.4989 0.6637 0.2949 0.0000 0.8462
0.5000 0.6658 0.2967 0.0000 0.8475
0.5003 0.6668 0.2978 0.0000 0.8508
0.4997 0.6654 0.2960 0.0000 0.8492
0.4989 0.6626 0.2963 0.0000 0.8407
0.4995 0.6673 0.2972 0.0000 0.8567
0.4990 0.6656 0.2990 0.0000 0.8501
0.5004 0.6691 0.3016 0.0000 0.8561
0.4993 0.6665 0.2972 0.0000 0.8536
0.5001 0.6676 0.2985 0.0000 0.8525
0.4991 0.6664 0.3024 0.0000 0.8543
0.4982 0.6630 0.3023 0.0000 0.8442
0.4991 0.6655 0.3027 0.0000 0.8509
0.4982 0.6618 0.2990 0.0000 0.8428
0.4987 0.6633 0.2992 0.0000 0.8449
0.4986 0.6630 0.3000 0.0000 0.8445
0.4984 0.6630 0.3025 0.0000 0.8454
0.4985 0.6640 0.3029 0.0000 0.8493
0.4997 0.6663 0.3043 0.0000 0.8523
0.4986 0.6600 0.2973 0.0000 0.8356
0.4991 0.6613 0.3014 0.0000 0.8348
0.4998 0.6637 0.2974 0.0000 0.8431
0.5000 0.6649 0.3004 0.0000 0.8467
0.4991 0.6628 0.3030 0.0000 0.8433
0.5001 0.6662 0.3017 0.0000 0.8517
0.5007 0.6672 0.3031 0.0000 0.8510
0.5002 0.6656 0.3019 0.0000 0.8483
0.4992 0.6621 0.2996 0.0000 0.8395
0.4996 0.6630 0.2993 0.0000 0.8434
0.5001 0.6637 0.2978 0.0000 0.8469
0.4996 0.6624 0.2987 0.0000 0.8419
0.4994 0.6620 0.3001 0.0000 0.8389
0.5010 0.6663 0.2989 0.0000 0.8512
0.4998 0.6638 0.2997 0.0000 0.8460
0.4997 0.6637 0.3020 0.0000 0.8464
0.4991 0.6621 0.3046 0.0000 0.8400
0.4992 0.6628 0.3075 0.0000 0.8471
0.4992 0.6624 0.3054 0.0000 0.8483
0.4985 0.6598 0.3063 0.0000 0.8393
0.4988 0.6604 0.3062 0.0000 0.8391
0.4989 0.6612 0.3063 0.0000 0.8437
0.4984 0.6596 0.3083 0.0000 0.8417
0.4984 0.6596 0.3082 0.0000 0.8411
0.4984 0.6599 0.3098 0.0000 0.8432
0.4989 0.6609 0.3110 0.0000 0.8444
0.4985 0.6605 0.3086 0.0000 0.8433
0.4985 0.6612 0.3063 0.0000 0.8458
0.4982 0.6599 0.3089 0.0000 0.8428
0.4979 0.6590 0.3076 0.0000 0.8407
0.4981 0.6601 0.3088 0.0000 0.8440
0.4979 0.6590 0.3097 0.0000 0.8404
0.4981 0.6598 0.3084 0.0000 0.8415
0.4988 0.6624 0.3122 0.0000 0.8522
0.5000 0.6656 0.3058 0.0000 0.8552
0.4998 0.6653 0.3006 0.0000 0.8529
0.4998 0.6645 0.3001 0.0000 0.8536
0.4993 0.6634 0.3005 0.0000 0.8509
0.4998 0.6657 0.3004 0.0000 0.8581
0.4990 0.6627 0.3015 0.0000 0.8490
0.4992 0.6641 0.3011 0.0000 0.8502
0.4993 0.6649 0.3016 0.0000 0.8559
0.4997 0.6639 0.3018 0.0000 0.8532
0.5003 0.6657 0.3029 0.0000 0.8596
0.4987 0.6595 0.3035 0.0000 0.8387
0.5015 0.6692 0.2989 0.0000 0.8701
0.5018 0.6686 0.3030 0.0000 0.8651
0.4998 0.6646 0.3013 0.0000 0.8546
0.5012 0.6682 0.3023 0.0000 0.8646
0.5014 0.6672 0.2998 0.0000 0.8591
0.5018 0.6688 0.2992 0.0000 0.8679
0.5015 0.6677 0.2966 0.0000 0.8617
0.5013 0.6666 0.2993 0.0000 0.8572
0.5011 0.6679 0.3002 0.0000 0.8631
0.5014 0.6682 0.3004 0.0000 0.8663
0.5004 0.6652 0.2999 0.0000 0.8525
0.5008 0.6665 0.2988 0.0000 0.8562
0.5015 0.6687 0.2979 0.0000 0.8629
0.5015 0.6680 0.2988 0.0000 0.8619
0.5008 0.6659 0.2970 0.0000 0.8567
0.5018 0.6684 0.2991 0.0000 0.8623
0.4999 0.6635 0.3001 0.0000 0.8472
0.5009 0.6668 0.3022 0.0000 0.8578
0.5012 0.6669 0.3033 0.0000 0.8588
0.5001 0.6638 0.3020 0.0000 0.8500
0.5011 0.6666 0.3001 0.0000 0.8577
0.5011 0.6659 0.3001 0.0000 0.8536
0.5013 0.6664 0.2997 0.0000 0.8572
0.5004 0.6641 0.3009 0.0000 0.8504
0.5003 0.6646 0.3010 0.0000 0.8546
0.4997 0.6630 0.3023 0.0000 0.8479
0.4990 0.6611 0.3029 0.0000 0.8433
0.5003 0.6654 0.3030 0.0000 0.8553
0.4992 0.6634 0.3073 0.0000 0.8507
0.4996 0.6639 0.3118 0.0000 0.8555
0.4983 0.6604 0.3098 0.0000 0.8433
0.4981 0.6600 0.3102 0.0000 0.8423
0.4990 0.6618 0.3081 0.0000 0.8460
0.4999 0.6637 0.3092 0.0000 0.8586
0.4987 0.6605 0.3089 0.0000 0.8454
0.4999 0.6630 0.3070 0.0000 0.8487
0.4994 0.6604 0.3076 0.0000 0.8399
0.4982 0.6577 0.3071 0.0000 0.8367
0.4990 0.6598 0.3083 0.0000 0.8441
0.4986 0.6587 0.3078 0.0000 0.8400
0.4995 0.6615 0.3101 0.0000 0.8476
0.5000 0.6627 0.3098 0.0000 0.8511
0.4996 0.6630 0.3081 0.0000 0.8535
0.4984 0.6602 0.3124 0.0000 0.8469
0.4968 0.6568 0.3164 0.0000 0.8360
0.4965 0.6573 0.3221 0.0000 0.8397
0.4951 0.6541 0.3231 0.0000 0.8335
0.4951 0.6555 0.3265 0.0000 0.8372
0.4962 0.6570 0.3242 0.0000 0.8415
0.4950 0.6530 0.3229 0.0000 0.8295
0.4958 0.6561 0.3232 0.0000 0.8381
0.4959 0.6558 0.3232 0.0000 0.8386
0.4975 0.6573 0.3180 0.0000 0.8391
0.4964 0.6539 0.3167 0.0000 0.8291
0.4963 0.6553 0.3196 0.0000 0.8345
0.4965 0.6547 0.3196 0.0000 0.8324
0.4962 0.6541 0.3194 0.0000 0.8296
0.4963 0.6545 0.3196 0.0000 0.8284
0.4963 0.6545 0.3214 0.0000 0.8301
0.4955 0.6510 0.3211 0.0000 0.8243
0.4957 0.6536 0.3240 0.0000 0.8313
0.4958 0.6530 0.3228 0.0000 0.8280
0.4959 0.6529 0.3245 0.0000 0.8293
0.4955 0.6515 0.3253 0.0000 0.8250
0.4956 0.6535 0.3277 0.0000 0.8322
0.4955 0.6530 0.3278 0.0000 0.8289
0.4956 0.6534 0.3256 0.0000 0.8281
0.4957 0.6546 0.3274 0.0000 0.8327
0.4952 0.6523 0.3258 0.0000 0.8290
0.4953 0.6526 0.3281 0.0000 0.8312
0.4953 0.6524 0.3258 0.0000 0.8275
0.4958 0.6527 0.3244 0.0000 0.8287
0.4953 0.6557 0.3278 0.0000 0.8412
0.4956 0.6561 0.3277 0.0000 0.8371
0.4947 0.6515 0.3242 0.0000 0.8251
0.4945 0.6509 0.3249 0.0000 0.8226
0.4939 0.6534 0.3305 0.0000 0.8306
0.4939 0.6514 0.3294 0.0000 0.8247
0.4939 0.6509 0.3294 0.0000 0.8231
0.4937 0.6503 0.3289 0.0000 0.8208
0.4940 0.6536 0.3305 0.0000 0.8311
0.4934 0.6511 0.3311 0.0000 0.8270
0.4936 0.6526 0.3320 0.0000 0.8287
0.4934 0.6509 0.3310 0.0000 0.8266
0.4935 0.6515 0.3310 0.0000 0.8276
0.4931 0.6501 0.3315 0.0000 0.8255
0.4932 0.6501 0.3322 0.0000 0.8228
0.4924 0.6464 0.3336 0.0000 0.8158
0.4924 0.6501 0.3365 0.0000 0.8267
0.4913 0.6472 0.3400 0.0000 0.8190
0.4924 0.6467 0.3343 0.0000 0.8159
0.4922 0.6467 0.3358 0.0000 0.8192
0.4922 0.6471 0.3359 0.0000 0.8189
0.4922 0.6510 0.3394 0.0000 0.8307
0.4922 0.6473 0.3355 0.0000 0.8178
0.4924 0.6498 0.3361 0.0000 0.8262
0.4922 0.6471 0.3365 0.0000 0.8169
0.4929 0.6515 0.3346 0.0000 0.8329
0.4939 0.6564 0.3353 0.0000 0.8443
0.4936 0.6510 0.3317 0.0000 0.8264
0.4934 0.6511 0.3324 0.0000 0.8247
0.4938 0.6524 0.3322 0.0000 0.8294
0.4939 0.6535 0.3331 0.0000 0.8334
0.4938 0.6539 0.3324 0.0000 0.8380
0.4939 0.6531 0.3326 0.0000 0.8337
0.4939 0.6510 0.3310 0.0000 0.8269
0.4942 0.6534 0.3310 0.0000 0.8333
0.4939 0.6524 0.3315 0.0000 0.8317
0.4940 0.6521 0.3307 0.0000 0.8280
0.4941 0.6523 0.3295 0.0000 0.8281
0.4944 0.6575 0.3345 0.0000 0.8482
0.4945 0.6573 0.3319 0.0000 0.8435
0.4938 0.6554 0.3333 0.0000 0.8397
0.4935 0.6518 0.3301 0.0000 0.8315
0.4938 0.6533 0.3297 0.0000 0.8307
0.4934 0.6518 0.3305 0.0000 0.8258
0.4936 0.6547 0.3314 0.0000 0.8386
0.4934 0.6505 0.3291 0.0000 0.8206
0.4940 0.6568 0.3317 0.0000 0.8412
0.4937 0.6524 0.3287 0.0000 0.8283
0.4945 0.6566 0.3286 0.0000 0.8398
0.4944 0.6563 0.3298 0.0000 0.8397
0.4943 0.6553 0.3285 0.0000 0.8368
0.4942 0.6548 0.3280 0.0000 0.8367
0.4945 0.6536 0.3251 0.0000 0.8341
0.4944 0.6532 0.3256 0.0000 0.8304
0.4946 0.6550 0.3265 0.0000 0.8352
0.4945 0.6552 0.3278 0.0000 0.8391
0.4944 0.6565 0.3286 0.0000 0.8404
0.4944 0.6551 0.3276 0.0000 0.8355
0.4947 0.6574 0.3284 0.0000 0.8412
0.4947 0.6551 0.3250 0.0000 0.8332
0.4946 0.6536 0.3256 0.0000 0.8283
0.4949 0.6567 0.3262 0.0000 0.8417
0.4948 0.6573 0.3260 0.0000 0.8434
0.4948 0.6584 0.3285 0.0000 0.8453
0.4957 0.6603 0.3267 0.0000 0.8523
0.4948 0.6568 0.3236 0.0000 0.8407
0.4953 0.6547 0.3223 0.0000 0.8355
0.4965 0.6563 0.3208 0.0000 0.8366
0.4963 0.6564 0.3224 0.0000 0.8368
0.4961 0.6565 0.3227 0.0000 0.8403
0.4958 0.6529 0.3212 0.0000 0.8292
0.4962 0.6553 0.3228 0.0000 0.8343
0.4966 0.6541 0.3206 0.0000 0.8305
0.4965 0.6544 0.3209 0.0000 0.8324
0.4965 0.6539 0.3207 0.0000 0.8290
0.4967 0.6551 0.3200 0.0000 0.8338
0.4976 0.6551 0.3187 0.0000 0.8335
0.4974 0.6548 0.3193 0.0000 0.8317
0.4974 0.6526 0.3187 0.0000 0.8240
0.4974 0.6551 0.3182 0.0000 0.8364
0.4974 0.6550 0.3203 0.0000 0.8338
0.4979 0.6573 0.3205 0.0000 0.8407
0.4972 0.6564 0.3244 0.0000 0.8371
0.4967 0.6518 0.3211 0.0000 0.8256
0.4969 0.6532 0.3209 0.0000 0.8284
0.4969 0.6528 0.3214 0.0000 0.8300
0.4973 0.6563 0.3216 0.0000 0.8375
0.4971 0.6538 0.3225 0.0000 0.8299
0.4970 0.6510 0.3192 0.0000 0.8238
0.4972 0.6542 0.3227 0.0000 0.8323
0.4972 0.6546 0.3233 0.0000 0.8342
