1.2127 1.7316 0.2350 0.0001 1.7654
1.2028 1.7232 0.2414 0.0000 1.7594
1.2504 1.7889 0.2234 0.0002 1.8552
1.2186 1.7572 0.2283 0.0001 1.8359
1.2020 1.7218 0.2394 0.0000 1.7649
1.1847 1.7036 0.2507 0.0000 1.7451
1.1922 1.7099 0.2475 0.0000 1.7517
1.1651 1.6956 0.2514 0.0000 1.7083
1.1660 1.6943 0.2517 0.0000 1.7128
1.1695 1.6982 0.2490 0.0000 1.7157
1.1759 1.7036 0.2466 0.0000 1.7225
1.1716 1.7072 0.2454 0.0000 1.7103
1.1702 1.7064 0.2442 0.0000 1.7138
1.1749 1.7089 0.2433 0.0000 1.7181
1.1724 1.7047 0.2460 0.0000 1.7204
1.1631 1.6964 0.2532 0.0000 1.7103
1.1633 1.6951 0.2514 0.0000 1.7161
1.1631 1.6967 0.2467 0.0000 1.7121
1.1663 1.6979 0.2453 0.0000 1.7177
1.1587 1.6942 0.2554 0.0000 1.6981
1.1519 1.6932 0.2614 0.0000 1.6831
1.1645 1.7002 0.2541 0.0000 1.6901
1.1599 1.7037 0.2534 0.0000 1.6777
1.1527 1.6993 0.2605 0.0000 1.6713
1.1526 1.6983 0.2598 0.0000 1.6721
1.1571 1.7032 0.2510 0.0000 1.6753
1.1575 1.7017 0.2507 0.0000 1.6785
1.1575 1.7000 0.2511 0.0000 1.6819
1.1631 1.7115 0.2440 0.0000 1.6830
1.1638 1.7108 0.2427 0.0000 1.6875
1.1622 1.7078 0.2440 0.0000 1.6871
1.1457 1.6901 0.2570 0.0000 97.4716
1.1623 1.7012 0.2403 0.0000 1.6932
1.1640 1.7054 0.2339 0.0001 1.6963
1.1630 1.7045 0.2343 0.0001 1.6980
1.1605 1.6998 0.2378 0.0001 1.6989
1.1634 1.7062 0.2337 0.0001 1.6953
1.1573 1.6981 0.2434 0.0000 1.6886
1.1612 1.7086 0.2414 0.0000 1.6867
1.1628 1.7034 0.2392 0.0000 1.6894
1.1690 1.7155 0.2360 0.0001 1.6931
1.1751 1.7180 0.2297 0.0001 1.6920
1.1692 1.7131 0.2353 0.0001 1.6891
1.1712 1.7139 0.2374 0.0001 1.6881
1.1721 1.7149 0.2368 0.0001 1.6885
1.1524 1.6710 0.2375 0.0001 1.6876
1.1741 1.7131 0.2326 0.0001 1.6963
1.1655 1.6986 0.2390 0.0000 1.6956
1.1749 1.7121 0.2327 0.0001 1.6949
1.1670 1.6970 0.2352 0.0001 1.6811
1.1702 1.6980 0.2317 0.0001 1.6788
1.1740 1.6994 0.2282 0.0001 1.6815
1.1788 1.7025 0.2228 0.0002 1.6852
1.1786 1.7006 0.2231 0.0002 1.6855
1.1780 1.7045 0.2307 0.0001 1.6851
1.1793 1.7055 0.2288 0.0001 1.6835
1.1836 1.7104 0.2216 0.0002 1.6879
1.1860 1.7145 0.2247 0.0001 1.6879
1.1832 1.7118 0.2268 0.0001 1.6872
1.1795 1.7076 0.2308 0.0001 1.6851
1.1764 1.7067 0.2314 0.0001 1.6806
1.1784 1.7124 0.2321 0.0001 1.6828
1.1786 1.7108 0.2358 0.0001 1.6800
1.1767 1.7086 0.2365 0.0001 1.6805
1.1740 1.7066 0.2374 0.0001 1.6788
1.1678 1.7035 0.2442 0.0000 1.6775
1.1703 1.7067 0.2410 0.0000 1.6768
1.1700 1.7057 0.2432 0.0000 1.6736
1.1710 1.7103 0.2431 0.0000 1.6733
1.1682 1.7066 0.2445 0.0000 1.6694
1.1700 1.7087 0.2374 0.0001 1.6702
1.1706 1.7086 0.2358 0.0001 1.6720
1.1694 1.7062 0.2364 0.0001 1.6729
1.1702 1.7074 0.2366 0.0001 1.6717
1.1680 1.7060 0.2387 0.0000 1.6706
1.1685 1.7063 0.2385 0.0001 1.6701
1.1668 1.7066 0.2413 0.0000 1.6671
1.1636 1.7016 0.2433 0.0000 1.6642
1.1653 1.7046 0.2454 0.0000 1.6623
1.1640 1.7036 0.2452 0.0000 1.6607
1.1655 1.7043 0.2434 0.0000 1.6619
1.1643 1.7025 0.2450 0.0000 1.6615
1.1619 1.6987 0.2454 0.0000 1.6613
1.1649 1.7019 0.2454 0.0000 1.6609
1.1645 1.7004 0.2459 0.0000 1.6612
1.1644 1.6991 0.2467 0.0000 1.6616
1.1735 1.7098 0.2351 0.0001 1.6688
1.1718 1.7094 0.2382 0.0001 1.6690
1.1736 1.7137 0.2426 0.0000 1.6679
1.1756 1.7170 0.2354 0.0001 1.6713
1.1830 1.7289 0.2357 0.0001 1.6745
1.1895 1.7410 0.2200 0.0002 1.6820
1.1876 1.7379 0.2211 0.0002 1.6817
1.1868 1.7396 0.2262 0.0001 1.6796
1.1827 1.7336 0.2290 0.0001 1.6759
1.1858 1.7364 0.2235 0.0002 1.6810
1.1889 1.7458 0.2253 0.0001 1.6796
1.1892 1.7450 0.2240 0.0001 1.6804
1.1901 1.7449 0.2221 0.0002 1.6821
1.1908 1.7453 0.2196 0.0002 1.6847
1.1950 1.7526 0.2165 0.0002 1.6887
1.1970 1.7546 0.2088 0.0004 1.6895
1.1959 1.7550 0.2159 0.0003 1.6895
1.1946 1.7524 0.2158 0.0003 1.6904
1.1918 1.7508 0.2210 0.0002 1.6904
1.1909 1.7521 0.2226 0.0002 1.6886
1.1911 1.7520 0.2228 0.0002 1.6892
1.1908 1.7527 0.2234 0.0002 1.6877
1.1899 1.7511 0.2280 0.0001 1.6855
1.1905 1.7514 0.2279 0.0001 1.6851
1.1908 1.7539 0.2258 0.0001 1.6879
1.1834 1.7477 0.2363 0.0001 1.6821
1.1813 1.7439 0.2367 0.0001 1.6811
1.1818 1.7445 0.2338 0.0001 1.6810
1.1774 1.7370 0.2376 0.0001 1.6766
1.1803 1.7422 0.2385 0.0001 1.6796
1.1771 1.7371 0.2399 0.0000 1.6801
1.1829 1.7447 0.2376 0.0001 1.6826
1.1777 1.7376 0.2395 0.0000 1.6794
1.1717 1.7282 0.2437 0.0000 1.6750
1.1746 1.7330 0.2418 0.0000 1.6732
1.1733 1.7303 0.2428 0.0000 1.6732
1.1715 1.7270 0.2442 0.0000 1.6736
1.1785 1.7396 0.2403 0.0000 1.6803
1.1739 1.7339 0.2447 0.0000 1.6763
1.1746 1.7348 0.2438 0.0000 1.6794
1.1692 1.7270 0.2505 0.0000 1.6733
1.1695 1.7265 0.2504 0.0000 1.6727
1.1690 1.7263 0.2520 0.0000 1.6718
1.1730 1.7348 0.2513 0.0000 1.6740
1.1698 1.7300 0.2486 0.0000 1.6696
1.1734 1.7362 0.2490 0.0000 1.6731
1.1697 1.7294 0.2551 0.0000 1.6685
1.1675 1.7261 0.2580 0.0000 1.6679
1.1620 1.7167 0.2612 0.0000 1.6624
1.1647 1.7208 0.2615 0.0000 1.6681
1.1655 1.7226 0.2553 0.0000 1.6651
1.1728 1.7332 0.2521 0.0000 1.6714
1.1716 1.7288 0.2562 0.0000 1.6691
1.1720 1.7315 0.2578 0.0000 1.6681
1.1678 1.7248 0.2609 0.0000 1.6639
1.1706 1.7291 0.2565 0.0000 1.6679
1.1754 1.7407 0.2524 0.0000 1.6712
1.1693 1.7277 0.2511 0.0000 1.6685
1.1748 1.7374 0.2509 0.0000 1.6707
1.1728 1.7348 0.2459 0.0000 1.6729
1.1771 1.7448 0.2502 0.0000 1.6744
1.1680 1.7312 0.2521 0.0000 1.6695
1.1727 1.7389 0.2521 0.0000 1.6709
1.1689 1.7318 0.2539 0.0000 1.6689
1.1624 1.7261 0.2594 0.0000 1.6655
1.1674 1.7330 0.2597 0.0000 1.6698
1.1618 1.7238 0.2619 0.0000 1.6677
1.1639 1.7285 0.2631 0.0000 1.6701
1.1654 1.7306 0.2634 0.0000 1.6704
1.1623 1.7252 0.2647 0.0000 1.6681
1.1523 1.7055 0.2688 0.0000 1.6604
1.1573 1.7173 0.2698 0.0000 1.6640
1.1549 1.7128 0.2717 0.0000 1.6618
1.1643 1.7256 0.2638 0.0000 1.6698
1.1641 1.7250 0.2639 0.0000 1.6717
1.1647 1.7255 0.2635 0.0000 1.6708
1.1646 1.7272 0.2658 0.0000 1.6738
1.1600 1.7205 0.2706 0.0000 1.6707
1.1549 1.7104 0.2716 0.0000 1.6664
1.1592 1.7182 0.2712 0.0000 1.6693
1.1568 1.7125 0.2716 0.0000 1.6680
1.1603 1.7197 0.2656 0.0000 1.6668
1.1651 1.7281 0.2656 0.0000 1.6707
1.1640 1.7257 0.2644 0.0000 1.6714
1.1638 1.7252 0.2645 0.0000 1.6712
1.1647 1.7267 0.2637 0.0000 1.6752
1.1607 1.7203 0.2665 0.0000 1.6722
1.1590 1.7188 0.2652 0.0000 1.6687
1.1559 1.7117 0.2657 0.0000 1.6670
1.1608 1.7185 0.2600 0.0000 1.6693
1.1622 1.7236 0.2603 0.0000 1.6645
1.1623 1.7246 0.2611 0.0000 1.6621
1.1585 1.7175 0.2631 0.0000 1.6612
1.1599 1.7225 0.2646 0.0000 1.6618
1.1598 1.7232 0.2641 0.0000 1.6663
1.1621 1.7231 0.2625 0.0000 1.6709
1.1592 1.7200 0.2642 0.0000 1.6683
1.1573 1.7191 0.2686 0.0000 1.6610
1.1579 1.7203 0.2682 0.0000 1.6598
1.1582 1.7219 0.2672 0.0000 1.6595
1.1542 1.7132 0.2703 0.0000 1.6589
1.1563 1.7162 0.2700 0.0000 1.6584
1.1533 1.7105 0.2699 0.0000 1.6587
1.1524 1.7098 0.2738 0.0000 1.6545
1.1485 1.7013 0.2730 0.0000 1.6547
1.1518 1.7083 0.2691 0.0000 1.6569
1.1474 1.6990 0.2720 0.0000 1.6485
1.1516 1.7089 0.2749 0.0000 1.6555
1.1507 1.7088 0.2774 0.0000 1.6541
1.1504 1.7078 0.2804 0.0000 1.6506
1.1497 1.7076 0.2821 0.0000 1.6498
1.1503 1.7083 0.2800 0.0000 1.6520
1.1487 1.7050 0.2829 0.0000 1.6494
1.1481 1.7039 0.2825 0.0000 1.6544
1.1459 1.7016 0.2820 0.0000 1.6505
1.1474 1.7024 0.2840 0.0000 1.6478
1.1449 1.6993 0.2833 0.0000 1.6485
1.1451 1.7003 0.2830 0.0000 1.6442
1.1479 1.7034 0.2799 0.0000 1.6462
1.1476 1.7032 0.2805 0.0000 1.6442
1.1493 1.7043 0.2818 0.0000 1.6453
1.1475 1.7049 0.2814 0.0000 1.6454
1.1385 1.6846 0.2899 0.0000 1.6406
1.1401 1.6890 0.2940 0.0000 1.6413
1.1358 1.6786 0.2901 0.0000 1.6374
1.1409 1.6915 0.2927 0.0000 1.6378
1.1406 1.6903 0.2885 0.0000 1.6419
1.1374 1.6872 0.2938 0.0000 1.6360
1.1361 1.6835 0.2936 0.0000 1.6383
1.1362 1.6858 0.2899 0.0000 1.6427
1.1384 1.6897 0.2906 0.0000 1.6386
1.1376 1.6903 0.2918 0.0000 1.6394
1.1332 1.6799 0.2928 0.0000 1.6343
1.1365 1.6844 0.2900 0.0000 1.6377
1.1347 1.6827 0.2973 0.0000 1.6369
1.1321 1.6796 0.2993 0.0000 1.6311
1.1299 1.6734 0.2990 0.0000 1.6357
1.1309 1.6747 0.2970 0.0000 1.6359
1.1299 1.6702 0.2977 0.0000 1.6321
1.1303 1.6751 0.3015 0.0000 1.6308
1.1273 1.6710 0.3037 0.0000 1.6286
1.1252 1.6692 0.3050 0.0000 1.6289
1.1223 1.6616 0.3036 0.0000 1.6301
1.1190 1.6544 0.3073 0.0000 1.6263
1.1198 1.6507 0.3012 0.0000 1.6278
1.1265 1.6712 0.2977 0.0000 1.6275
1.1233 1.6644 0.2984 0.0000 1.6316
1.1222 1.6623 0.3027 0.0000 1.6291
1.1161 1.6502 0.3053 0.0000 1.6289
1.1196 1.6613 0.3030 0.0000 1.6289
1.1186 1.6569 0.3024 0.0000 1.6300
1.1220 1.6690 0.3023 0.0000 1.6252
1.1169 1.6533 0.3067 0.0000 1.6274
1.1177 1.6555 0.3063 0.0000 1.6232
1.1158 1.6492 0.3077 0.0000 1.6240
1.1181 1.6567 0.3041 0.0000 1.6282
1.1223 1.6673 0.3086 0.0000 1.6245
1.1199 1.6600 0.3069 0.0000 1.6254
1.1261 1.6700 0.3022 0.0000 1.6290
1.1228 1.6576 0.2999 0.0000 1.6333
1.1267 1.6729 0.3030 0.0000 1.6300
1.1265 1.6699 0.3026 0.0000 1.6257
1.1279 1.6738 0.3024 0.0000 1.6306
1.1269 1.6713 0.3031 0.0000 1.6283
1.1259 1.6683 0.3030 0.0000 1.6259
1.1237 1.6611 0.3031 0.0000 1.6236
1.1263 1.6700 0.3032 0.0000 1.6257
1.1163 1.6432 0.3167 0.0000 1.6433
1.1230 1.6616 0.3048 0.0000 1.6328
1.1233 1.6605 0.3042 0.0000 1.6279
1.1203 1.6567 0.3100 0.0000 1.6244
1.1197 1.6574 0.3157 0.0000 1.6207
1.1229 1.6592 0.3120 0.0000 1.6253
1.1205 1.6528 0.3123 0.0000 1.6202
1.1231 1.6609 0.3104 0.0000 1.6204
1.1218 1.6564 0.3128 0.0000 1.6181
1.1181 1.6479 0.3107 0.0000 1.6257
1.1179 1.6499 0.3198 0.0000 1.6163
1.1168 1.6480 0.3264 0.0000 1.6151
1.1143 1.6429 0.3238 0.0000 1.6194
1.1167 1.6477 0.3262 0.0000 1.6148
1.1136 1.6399 0.3249 0.0000 1.6200
1.1134 1.6425 0.3236 0.0000 1.6218
1.1151 1.6446 0.3252 0.0000 1.6144
1.1111 1.6361 0.3258 0.0000 1.6190
1.1110 1.6360 0.3311 0.0000 1.6158
1.1094 1.6304 0.3279 0.0000 1.6119
1.1108 1.6364 0.3288 0.0000 1.6157
1.1111 1.6369 0.3317 0.0000 1.6099
1.1103 1.6347 0.3330 0.0000 1.6106
1.1104 1.6359 0.3322 0.0000 1.6138
1.1067 1.6268 0.3312 0.0000 1.6122
1.1060 1.6292 0.3337 0.0000 1.6183
1.1031 1.6219 0.3356 0.0000 1.6088
1.1037 1.6250 0.3356 0.0000 1.6113
1.1032 1.6251 0.3383 0.0000 1.6093
1.1007 1.6193 0.3404 0.0000 1.6079
1.1012 1.6230 0.3420 0.0000 1.6074
1.0992 1.6146 0.3367 0.0000 1.6151
1.0991 1.6168 0.3418 0.0000 1.6083
1.1017 1.6239 0.3420 0.0000 1.6081
1.1002 1.6161 0.3385 0.0000 1.6087
1.1012 1.6207 0.3362 0.0000 1.6159
1.1015 1.6240 0.3432 0.0000 1.6077
1.1007 1.6220 0.3395 0.0000 1.6135
1.1009 1.6240 0.3408 0.0000 1.6147
1.1043 1.6287 0.3420 0.0000 1.6088
1.1035 1.6272 0.3412 0.0000 1.6104
1.1004 1.6171 0.3409 0.0000 1.6142
1.1000 1.6210 0.3419 0.0000 1.6136
1.1005 1.6201 0.3405 0.0000 1.6142
1.0988 1.6179 0.3455 0.0000 1.6143
1.0998 1.6190 0.3464 0.0000 1.6070
1.0984 1.6179 0.3463 0.0000 1.6112
1.1028 1.6270 0.3485 0.0000 1.6060
1.0995 1.6208 0.3442 0.0000 1.6131
1.1008 1.6230 0.3465 0.0000 1.6092
1.1012 1.6171 0.3453 0.0000 1.6066
1.1009 1.6151 0.3473 0.0000 1.6055
1.1004 1.6171 0.3460 0.0000 1.6087
1.1045 1.6290 0.3432 0.0000 1.6062
1.1039 1.6250 0.3457 0.0000 1.6065
1.1032 1.6262 0.3447 0.0000 1.6080
1.1032 1.6279 0.3446 0.0000 1.6096
1.1032 1.6278 0.3427 0.0000 1.6137
1.1031 1.6250 0.3438 0.0000 1.6085
1.1031 1.6264 0.3499 0.0000 1.6060
1.1017 1.6233 0.3517 0.0000 1.6054
1.1039 1.6306 0.3496 0.0000 1.6093
1.1041 1.6309 0.3496 0.0000 1.6081
1.0992 1.6192 0.3491 0.0000 1.6149
1.0980 1.6155 0.3480 0.0000 1.6145
1.1014 1.6245 0.3521 0.0000 1.6063
1.0991 1.6192 0.3537 0.0000 1.6101
1.1020 1.6262 0.3512 0.0000 1.6071
1.0989 1.6166 0.3489 0.0000 1.6131
1.0994 1.6207 0.3465 0.0000 1.6139
1.1003 1.6241 0.3455 0.0000 1.6104
1.0993 1.6223 0.3483 0.0000 1.6125
1.1011 1.6260 0.3511 0.0000 1.6064
1.0991 1.6213 0.3458 0.0000 1.6148
1.0992 1.6222 0.3491 0.0000 1.6118
1.0992 1.6200 0.3495 0.0000 1.6072
1.0979 1.6164 0.3508 0.0000 1.6049
1.0992 1.6179 0.3502 0.0000 1.6065
1.0981 1.6169 0.3480 0.0000 1.6125
1.0990 1.6179 0.3484 0.0000 1.6071
1.0979 1.6140 0.3464 0.0000 1.6123
1.0975 1.6145 0.3527 0.0000 1.6044
1.0971 1.6138 0.3496 0.0000 1.6110
1.0968 1.6118 0.3531 0.0000 1.6063
1.0956 1.6091 0.3493 0.0000 1.6106
1.0953 1.6035 0.3498 0.0000 1.6081
1.0943 1.6073 0.3550 0.0000 1.6053
1.0950 1.6104 0.3542 0.0000 1.6062
1.0946 1.6089 0.3550 0.0000 1.6080
1.0949 1.6099 0.3540 0.0000 1.6036
1.0966 1.6143 0.3571 0.0000 1.6027
1.0962 1.6144 0.3525 0.0000 1.6074
1.0964 1.6108 0.3520 0.0000 1.6072
1.0949 1.6097 0.3502 0.0000 1.6117
1.0927 1.6018 0.3525 0.0000 1.6097
1.0946 1.6111 0.3513 0.0000 1.6077
1.0946 1.6091 0.3566 0.0000 1.6028
1.0967 1.6149 0.3575 0.0000 1.6019
1.0960 1.6134 0.3546 0.0000 1.6036
1.0997 1.6246 0.3483 0.0000 1.6073
1.0992 1.6197 0.3544 0.0000 1.6029
1.0997 1.6196 0.3466 0.0000 1.6125
1.0995 1.6160 0.3507 0.0000 1.6036
1.1001 1.6172 0.3528 0.0000 1.6024
1.1006 1.6192 0.3544 0.0000 1.6033
1.1013 1.6238 0.3490 0.0000 1.6111
1.1002 1.6195 0.3543 0.0000 1.6044
1.1005 1.6202 0.3529 0.0000 1.6057
1.1001 1.6177 0.3520 0.0000 1.6030
1.1018 1.6227 0.3524 0.0000 1.6033
1.1022 1.6236 0.3545 0.0000 1.6025
1.0993 1.6159 0.3544 0.0000 1.6040
1.1002 1.6195 0.3522 0.0000 1.6080
1.0985 1.6157 0.3575 0.0000 1.6030
1.0978 1.6135 0.3536 0.0000 1.6063
1.0982 1.6188 0.3507 0.0000 1.6123
1.0983 1.6156 0.3570 0.0000 1.6005
1.0960 1.6117 0.3515 0.0000 1.6050
1.0960 1.6078 0.3560 0.0000 1.6012
1.0967 1.6140 0.3538 0.0000 1.6067
1.0989 1.6159 0.3575 0.0000 1.5996
1.0957 1.6068 0.3553 0.0000 1.6034
1.0971 1.6111 0.3529 0.0000 1.6071
1.0973 1.6097 0.3526 0.0000 1.6099
1.0971 1.6093 0.3574 0.0000 1.6039
1.0984 1.6112 0.3590 0.0000 1.5991
1.0981 1.6135 0.3529 0.0000 1.6067
1.0988 1.6153 0.3542 0.0000 1.6051
1.0964 1.6087 0.3550 0.0000 1.6061
1.0984 1.6140 0.3543 0.0000 1.6025
1.0976 1.6108 0.3556 0.0000 1.6030
1.0961 1.6104 0.3500 0.0000 1.6094
1.0961 1.6089 0.3542 0.0000 1.6062
1.0962 1.6102 0.3487 0.0000 1.6114
1.0989 1.6180 0.3551 0.0000 1.6044
1.0983 1.6141 0.3561 0.0000 1.6016
1.0976 1.6125 0.3565 0.0000 1.6025
1.1001 1.6209 0.3549 0.0000 1.6030
1.0987 1.6167 0.3500 0.0000 1.6053
1.0960 1.6076 0.3538 0.0000 1.6020
1.0996 1.6182 0.3572 0.0000 1.6030
1.0960 1.6071 0.3499 0.0000 1.6072
1.0978 1.6106 0.3594 0.0000 1.6059
1.0979 1.6100 0.3598 0.0000 1.6054
1.0957 1.6053 0.3608 0.0000 1.6044
1.0953 1.6038 0.3594 0.0000 1.6072
1.0972 1.6094 0.3599 0.0000 1.6034
1.0979 1.6116 0.3593 0.0000 1.6040
1.0969 1.6089 0.3605 0.0000 1.6054
1.0965 1.6078 0.3615 0.0000 1.6064
1.0993 1.6117 0.3523 0.0000 1.6096
1.0985 1.6115 0.3580 0.0000 1.6048
1.0980 1.6107 0.3586 0.0000 1.6075
1.0974 1.6094 0.3566 0.0000 1.6052
1.0984 1.6128 0.3591 0.0000 1.6058
1.0992 1.6154 0.3582 0.0000 1.6070
1.1008 1.6188 0.3542 0.0000 1.6071
1.1008 1.6189 0.3566 0.0000 1.6060
1.1000 1.6135 0.3537 0.0000 1.6062
1.1013 1.6193 0.3524 0.0000 1.6106
1.0998 1.6135 0.3568 0.0000 1.6067
1.1000 1.6177 0.3547 0.0000 1.6071
1.0996 1.6172 0.3537 0.0000 1.6095
1.0987 1.6149 0.3506 0.0000 1.6123
1.0982 1.6143 0.3487 0.0000 1.6132
1.0985 1.6144 0.3528 0.0000 1.6093
1.1017 1.6259 0.3528 0.0000 1.6132
1.0992 1.6165 0.3552 0.0000 1.6068
1.0979 1.6136 0.3483 0.0000 1.6139
1.0998 1.6189 0.3529 0.0000 1.6060
1.1011 1.6207 0.3548 0.0000 1.6066
1.0982 1.6124 0.3504 0.0000 1.6122
1.0995 1.6160 0.3551 0.0000 1.6073
1.0988 1.6173 0.3504 0.0000 1.6118
1.0988 1.6145 0.3549 0.0000 1.6093
1.0996 1.6174 0.3560 0.0000 1.6057
1.0995 1.6218 0.3553 0.0000 1.6067
1.0989 1.6157 0.3478 0.0000 1.6131
1.1012 1.6244 0.3487 0.0000 1.6146
1.1046 1.6253 0.3461 0.0000 1.6116
1.1035 1.6210 0.3497 0.0000 1.6086
1.1029 1.6206 0.3520 0.0000 1.6074
1.0985 1.6140 0.3513 0.0000 1.6080
1.1012 1.6220 0.3537 0.0000 1.6089
1.0999 1.6188 0.3536 0.0000 1.6063
1.0991 1.6175 0.3494 0.0000 1.6053
1.1012 1.6208 0.3529 0.0000 1.6078
1.1005 1.6201 0.3511 0.0000 1.6099
1.1009 1.6213 0.3550 0.0000 1.6071
1.1006 1.6208 0.3546 0.0000 1.6080
1.1005 1.6207 0.3522 0.0000 1.6093
1.0998 1.6201 0.3513 0.0000 1.6095
1.0989 1.6170 0.3522 0.0000 1.6070
1.0976 1.6143 0.3551 0.0000 1.6061
1.0969 1.6121 0.3539 0.0000 1.6073
1.0968 1.6117 0.3511 0.0000 1.6094
1.0990 1.6172 0.3532 0.0000 1.6059
1.0967 1.6112 0.3508 0.0000 1.6091
