0.8697 1.2648 0.0000 1.0000 3.6014
0.7998 1.1774 0.3849 0.0003 6.8496
0.8252 1.2258 0.3757 0.0004 8.2091
0.8241 1.2097 0.3760 0.0004 4.6862
0.8597 1.2687 -0.0000 1.0000 4.6286
0.8166 1.1734 0.3984 0.0001 23.0958
0.9748 1.2913 0.0000 1.0000 10.1393
0.8442 1.2552 0.2969 0.0055 5.8580
0.8622 1.3286 nan 1.0000 5.5069
0.8068 1.1772 0.3955 0.0002 6.1372
0.7967 1.1633 0.4141 0.0001 8.7070
0.8416 1.2637 0.3814 0.0003 2.5102
0.8518 1.2753 -0.0000 1.0000 3.4358
0.8505 1.2763 0.0595 0.5865 5.4221
0.8390 1.2719 0.2966 0.0056 3.4284
0.8107 1.2029 0.3991 0.0001 2.8186
0.8550 1.3184 0.0468 0.6687 8.2300
0.8519 1.2752 0.0000 1.0000 11.9785
0.8602 1.2684 0.0000 1.0000 2.2270
0.8182 1.1888 0.3864 0.0002 2.4201
0.8069 1.1572 0.4114 0.0001 2.5187
0.8063 1.1668 0.4015 0.0001 3.5654
0.8092 1.1656 0.4205 0.0001 2.0612
0.8553 1.2718 -0.0959 0.3800 5.3559
0.7951 1.1556 0.4219 0.0001 4.1027
0.8050 1.1878 0.3784 0.0003 1.4418
0.8181 1.1994 0.3844 0.0003 2.3780
0.8581 1.2696 -0.0996 0.3614 3.0102
0.8012 1.1707 0.4073 0.0001 1.9576
0.8123 1.1932 0.3840 0.0003 2.3112
0.8041 1.1759 0.4056 0.0001 2.1096
0.7996 1.1678 0.4200 0.0001 1.7532
0.8086 1.1650 0.4116 0.0001 1.4608
0.8072 1.1723 0.4205 0.0001 1.3697
0.8503 1.2773 -0.1029 0.3457 1.8776
0.8235 1.1977 0.4188 0.0001 1.4821
0.8028 1.1555 0.4217 0.0001 1.3738
0.7966 1.1482 0.4512 0.0000 2.1621
0.7990 1.1587 0.4127 0.0001 1.3824
0.8004 1.1588 0.4115 0.0001 1.4002
0.8015 1.1594 0.4102 0.0001 1.4044
0.7989 1.1555 0.4156 0.0001 1.3943
0.8610 1.2680 0.0000 1.0000 10.3870
0.7971 1.1634 0.4119 0.0001 1.3578
0.7966 1.1628 0.4133 0.0001 1.3662
0.7934 1.1416 0.4443 0.0000 2.4920
0.8006 1.1679 0.4109 0.0001 1.4101
0.8008 1.1593 0.4018 0.0001 1.4105
0.7931 1.1473 0.4230 0.0000 2.2738
0.8033 1.1579 0.4028 0.0001 1.4113
0.8049 1.1608 0.4000 0.0001 1.4396
0.8020 1.1654 0.4100 0.0001 50.5378
0.8053 1.1932 0.3441 0.0012 14.9072
0.8012 1.1605 0.4085 0.0001 1.3786
0.8020 1.1670 0.4138 0.0001 1.4266
0.7992 1.1618 0.4123 0.0001 1.4369
0.7986 1.1518 0.4153 0.0001 1.4129
0.7975 1.1646 0.4147 0.0001 1.4438
0.7870 1.1419 0.4338 0.0000 5.8094
0.7933 1.1516 0.4176 0.0001 1.4477
0.7935 1.1504 0.4194 0.0001 1.4335
0.7906 1.1439 0.4268 0.0000 8.3691
0.7969 1.1635 0.4187 0.0001 1.4373
0.7880 1.1406 0.4466 0.0000 2.1714
0.7947 1.1513 0.4225 0.0001 1.4488
0.7874 1.1423 0.4313 0.0000 1.4040
0.7985 1.1564 0.4339 0.0000 3.8557
0.7922 1.1474 0.4363 0.0000 1.4243
0.7884 1.1344 0.4586 0.0000 2.5274
0.7865 1.1351 0.4448 0.0000 1.3849
0.7887 1.1357 0.4456 0.0000 1.4176
0.7703 1.1098 0.4848 0.0000 4.7288
0.7815 1.1217 0.4879 0.0000 1.8228
0.7908 1.1390 0.4692 0.0000 3.3425
0.7789 1.1248 0.4725 0.0000 4.3263
0.7781 1.1252 0.4757 0.0000 1.3767
0.7687 1.1128 0.4799 0.0000 1.3716
0.7736 1.1182 0.4762 0.0000 1.3749
0.7730 1.1141 0.4790 0.0000 1.3695
0.7660 1.1025 0.4881 0.0000 1.3510
0.7676 1.1056 0.4886 0.0000 1.3438
0.7788 1.1201 0.5072 0.0000 8.3468
0.7674 1.0994 0.4969 0.0000 1.3289
0.7722 1.1074 0.4895 0.0000 1.3621
0.7731 1.1111 0.4852 0.0000 1.3609
0.7738 1.1046 0.4871 0.0000 1.3263
0.7689 1.0984 0.5220 0.0000 1.9404
0.7726 1.1049 0.4875 0.0000 1.3250
0.7759 1.1135 0.4858 0.0000 1.3557
0.7742 1.1113 0.4882 0.0000 1.3599
0.7752 1.1157 0.4836 0.0000 1.3617
0.7852 1.1239 0.4767 0.0000 1.3756
0.7685 1.1021 0.5077 0.0000 3.6076
0.7863 1.1338 0.4697 0.0000 8.4353
0.7804 1.1233 0.4786 0.0000 1.3416
0.7740 1.1075 0.4857 0.0000 1.3278
0.7792 1.1205 0.5153 0.0000 1.8091
0.7780 1.1180 0.5186 0.0000 1.8368
0.7740 1.1093 0.5075 0.0000 4.7004
0.7796 1.1197 0.5115 0.0000 3.0246
0.7802 1.1222 0.4943 0.0000 3.8512
0.7828 1.1287 0.4831 0.0000 22.0728
0.7752 1.1219 0.4741 0.0000 1.3372
0.7745 1.1123 0.5031 0.0000 2.1851
0.7803 1.1261 0.4883 0.0000 5.6022
0.7828 1.1343 0.4708 0.0000 1.3180
0.7636 1.0986 0.5102 0.0000 7.8217
0.7826 1.1291 0.4914 0.0000 2.0138
0.7823 1.1315 0.4805 0.0000 3.6527
0.7722 1.1108 0.5030 0.0000 2.9477
0.7827 1.1346 0.4719 0.0000 1.3389
0.7677 1.1081 0.4901 0.0000 1.3191
0.7677 1.1063 0.5029 0.0000 8.8198
0.7757 1.1134 0.5056 0.0000 1.7695
0.7814 1.1241 0.4776 0.0000 1.3355
0.7712 1.1086 0.4894 0.0000 1.3316
0.7692 1.1069 0.4898 0.0000 1.3371
0.7688 1.1014 0.5052 0.0000 1.6894
0.7814 1.1250 0.4738 0.0000 1.3454
0.7737 1.1119 0.4873 0.0000 1.3424
0.7723 1.1069 0.5027 0.0000 1.3309
0.7836 1.1277 0.4815 0.0000 1.3388
0.7726 1.1105 0.4993 0.0000 1.3415
0.7689 1.1000 0.5120 0.0000 2.3021
0.7781 1.1189 0.4841 0.0000 1.3346
0.7736 1.1069 0.5035 0.0000 1.3099
0.7772 1.1094 0.5011 0.0000 1.3083
0.7822 1.1206 0.4849 0.0000 1.3611
0.7994 1.1528 0.4663 0.0000 1.3521
0.7887 1.1328 0.4776 0.0000 1.3253
0.7802 1.1201 0.4907 0.0000 1.3309
0.7782 1.1068 0.5215 0.0000 1.5569
0.7795 1.1122 0.5159 0.0000 1.3141
0.7911 1.1265 0.4856 0.0000 10.2541
0.7886 1.1197 0.4866 0.0000 1.3323
0.7777 1.0981 0.5154 0.0000 2.4265
0.7842 1.1142 0.4914 0.0000 1.3311
0.7822 1.1074 0.5184 0.0000 1.7097
0.7872 1.1224 0.4813 0.0000 1.3447
0.7791 1.1043 0.5092 0.0000 7.6705
0.7806 1.1124 0.4894 0.0000 1.3536
0.7725 1.0955 0.5166 0.0000 32.8500
0.7776 1.0973 0.5236 0.0000 2.1950
0.7836 1.1154 0.4913 0.0000 13.9622
0.7825 1.1046 0.5135 0.0000 2.6776
0.7793 1.1032 0.5127 0.0000 1.3204
0.7845 1.1060 0.5225 0.0000 1.3242
0.7868 1.1222 0.4821 0.0000 1.3324
0.7762 1.1051 0.4964 0.0000 6.6497
0.7831 1.1185 0.4867 0.0000 1.3374
0.7781 1.1105 0.4914 0.0000 1.3378
0.7738 1.0987 0.5160 0.0000 1.3199
0.7793 1.1097 0.4972 0.0000 1.3382
0.7823 1.1145 0.4913 0.0000 1.3400
0.7793 1.1117 0.4972 0.0000 1.3397
0.7785 1.1102 0.5002 0.0000 1.3376
0.7848 1.1157 0.5024 0.0000 5.1003
0.7808 1.1007 0.5219 0.0000 3.1549
0.7871 1.1190 0.4916 0.0000 1.3306
0.7842 1.1148 0.4934 0.0000 1.3406
0.7849 1.1035 0.5039 0.0000 5.3187
0.7834 1.1067 0.5114 0.0000 2.8227
0.7814 1.0948 0.5212 0.0000 2.3524
0.7866 1.1070 0.5035 0.0000 19.5432
0.7878 1.1146 0.4951 0.0000 1.3263
0.7893 1.1186 0.4912 0.0000 1.3302
0.7828 1.0986 0.5178 0.0000 3.4143
0.7825 1.1018 0.5207 0.0000 2.7222
0.7908 1.1066 0.5190 0.0000 2.4569
0.7877 1.1165 0.4896 0.0000 1.3341
0.7859 1.1120 0.4959 0.0000 1.3279
0.7842 1.1097 0.4972 0.0000 1.3263
0.7915 1.1212 0.4913 0.0000 1.3332
0.7857 1.1065 0.5109 0.0000 7.4429
0.7869 1.1053 0.5194 0.0000 3.7509
0.7875 1.1136 0.5086 0.0000 2.9609
0.7886 1.1160 0.4987 0.0000 1.3019
0.7867 1.1161 0.4942 0.0000 1.3288
0.7876 1.1185 0.4903 0.0000 1.3514
0.7784 1.0994 0.5128 0.0000 1.3101
0.7835 1.1077 0.5058 0.0000 1.3109
0.7853 1.1041 0.5180 0.0000 1.2963
0.7896 1.1122 0.5120 0.0000 1.3169
0.7866 1.1053 0.5166 0.0000 1.2955
0.7794 1.0988 0.5174 0.0000 1.3290
0.7794 1.0968 0.5200 0.0000 1.3004
0.7810 1.0976 0.5241 0.0000 1.3106
0.7691 1.0705 0.5474 0.0000 1.2980
0.7925 1.0993 0.5250 0.0000 1.3214
0.7860 1.0975 0.5111 0.0000 1.3056
0.7824 1.0933 0.5143 0.0000 1.3113
0.7810 1.0858 0.5334 0.0000 1.2896
0.7787 1.0828 0.5326 0.0000 1.2853
0.7904 1.1051 0.5028 0.0000 1.3192
0.7926 1.1132 0.4934 0.0000 1.3189
0.7895 1.1078 0.4971 0.0000 1.2944
0.7919 1.1120 0.4910 0.0000 1.3200
0.7889 1.0974 0.5215 0.0000 1.2947
0.7915 1.1089 0.4975 0.0000 1.3133
0.7925 1.1134 0.4910 0.0000 1.3674
0.7875 1.1039 0.5050 0.0000 1.3148
0.7854 1.1033 0.5002 0.0000 1.3085
0.7911 1.1117 0.4913 0.0000 1.3064
0.7921 1.1104 0.4958 0.0000 1.2919
0.7879 1.1012 0.5060 0.0000 55.4132
0.7835 1.0988 0.5029 0.0000 3.4907
0.7943 1.1193 0.4832 0.0000 1.3627
0.7887 1.1089 0.4953 0.0000 1.3146
0.7911 1.1131 0.4941 0.0000 1.3196
0.7941 1.1176 0.4859 0.0000 1.3055
0.7824 1.0965 0.5050 0.0000 14.1978
0.7919 1.1142 0.4845 0.0000 1.3001
0.7918 1.1106 0.4902 0.0000 1.2986
0.7899 1.1084 0.4956 0.0000 1.3180
0.7937 1.1147 0.4886 0.0000 1.3219
0.7946 1.1140 0.4974 0.0000 1.3218
0.7946 1.1150 0.4931 0.0000 1.3229
0.8021 1.1217 0.4831 0.0000 1.3219
0.8031 1.1241 0.4829 0.0000 1.3223
0.7937 1.1077 0.5017 0.0000 2.8546
0.8022 1.1231 0.4812 0.0000 1.3243
0.7944 1.1047 0.5115 0.0000 1.2899
0.7983 1.1192 0.4817 0.0000 1.3302
0.7996 1.1186 0.4850 0.0000 1.3223
0.7925 1.1119 0.4871 0.0000 1.3199
0.7990 1.1180 0.4837 0.0000 1.3229
0.8027 1.1250 0.4770 0.0000 1.3375
0.8027 1.1242 0.4776 0.0000 1.3267
0.8046 1.1257 0.4755 0.0000 1.3253
0.8027 1.1241 0.4775 0.0000 1.3247
0.8004 1.1196 0.4778 0.0000 1.3211
0.7997 1.1244 0.4767 0.0000 1.3265
0.7961 1.1137 0.4905 0.0000 1.3201
0.7970 1.1208 0.4781 0.0000 1.3048
0.8023 1.1302 0.4710 0.0000 1.3272
0.7942 1.1207 0.4756 0.0000 1.3076
0.8015 1.1286 0.4692 0.0000 1.3679
0.7915 1.1135 0.4858 0.0000 1.3264
0.7976 1.1256 0.4747 0.0000 1.3363
0.7990 1.1246 0.4761 0.0000 1.3017
0.7969 1.1232 0.4755 0.0000 1.3282
0.7991 1.1264 0.4751 0.0000 1.3328
0.7983 1.1241 0.4778 0.0000 1.3093
0.7946 1.1238 0.4826 0.0000 1.2964
0.7954 1.1268 0.4788 0.0000 1.3243
0.8001 1.1381 0.4655 0.0000 1.3717
0.7893 1.1214 0.4808 0.0000 1.3219
0.7876 1.1178 0.4840 0.0000 1.2979
0.7950 1.1251 0.4725 0.0000 1.3664
0.7952 1.1265 0.4721 0.0000 1.3755
0.7906 1.1190 0.4819 0.0000 1.3058
0.8000 1.1279 0.4811 0.0000 1.3292
0.7989 1.1295 0.4758 0.0000 1.3175
0.7990 1.1293 0.4787 0.0000 1.3300
0.7950 1.1224 0.4842 0.0000 1.3035
0.8001 1.1360 0.4729 0.0000 1.3288
0.8017 1.1313 0.4758 0.0000 1.3676
0.7939 1.1242 0.4816 0.0000 1.3335
0.7937 1.1231 0.4852 0.0000 1.3206
0.7954 1.1238 0.4867 0.0000 1.3034
0.7936 1.1264 0.4843 0.0000 1.3231
0.7989 1.1284 0.4758 0.0000 1.3805
0.7947 1.1295 0.4756 0.0000 1.3203
0.7932 1.1254 0.4793 0.0000 1.3151
0.7964 1.1317 0.4757 0.0000 1.3211
0.7896 1.1210 0.4777 0.0000 1.2993
0.7920 1.1249 0.4758 0.0000 1.3124
0.7904 1.1230 0.4810 0.0000 1.3002
0.7906 1.1249 0.4772 0.0000 1.3136
0.7935 1.1316 0.4783 0.0000 1.3001
0.7929 1.1302 0.4771 0.0000 1.3203
0.7922 1.1294 0.4760 0.0000 1.3222
0.7900 1.1240 0.4790 0.0000 1.3157
0.7925 1.1338 0.4753 0.0000 1.3230
0.7919 1.1334 0.4735 0.0000 1.3230
0.7897 1.1261 0.4789 0.0000 1.3197
0.7929 1.1345 0.4713 0.0000 1.3023
0.7957 1.1401 0.4663 0.0000 1.3059
0.7950 1.1356 0.4627 0.0000 1.3192
0.7949 1.1361 0.4620 0.0000 1.3217
0.7958 1.1398 0.4621 0.0000 1.3230
0.7956 1.1360 0.4611 0.0000 1.3009
0.7980 1.1353 0.4591 0.0000 1.3027
0.7963 1.1379 0.4585 0.0000 1.3057
0.7965 1.1398 0.4574 0.0000 1.3226
0.7979 1.1401 0.4536 0.0000 1.3246
0.7987 1.1443 0.4558 0.0000 1.3129
0.7948 1.1393 0.4589 0.0000 1.3121
0.7958 1.1419 0.4561 0.0000 1.3119
0.7959 1.1390 0.4569 0.0000 1.3063
0.7981 1.1429 0.4550 0.0000 1.3134
0.7987 1.1402 0.4514 0.0000 1.3210
0.7947 1.1380 0.4569 0.0000 1.3102
0.7948 1.1359 0.4570 0.0000 1.3094
0.7947 1.1369 0.4569 0.0000 1.3077
0.7945 1.1389 0.4544 0.0000 1.3138
0.7921 1.1363 0.4600 0.0000 1.3090
0.7943 1.1387 0.4569 0.0000 1.3197
0.7936 1.1411 0.4606 0.0000 1.3097
0.7937 1.1398 0.4613 0.0000 1.3132
0.7922 1.1360 0.4620 0.0000 1.3046
0.7909 1.1322 0.4621 0.0000 1.3015
0.7900 1.1349 0.4619 0.0000 1.2990
0.7910 1.1357 0.4636 0.0000 1.3027
0.7913 1.1323 0.4624 0.0000 1.3027
0.7955 1.1369 0.4591 0.0000 1.3203
0.7939 1.1339 0.4625 0.0000 1.3057
0.7944 1.1340 0.4630 0.0000 1.3046
0.7966 1.1347 0.4583 0.0000 1.3204
0.7951 1.1364 0.4605 0.0000 1.3076
0.7954 1.1352 0.4620 0.0000 1.3053
0.7959 1.1293 0.4710 0.0000 1.3049
0.7965 1.1281 0.4677 0.0000 1.3068
0.7953 1.1294 0.4722 0.0000 1.3036
0.7955 1.1288 0.4709 0.0000 1.3017
0.7971 1.1300 0.4675 0.0000 1.3171
0.7908 1.1189 0.4885 0.0000 1.2943
0.7955 1.1284 0.4715 0.0000 1.3160
0.7940 1.1253 0.4757 0.0000 1.3005
0.7942 1.1269 0.4778 0.0000 1.3025
0.7940 1.1271 0.4730 0.0000 1.3102
0.7915 1.1237 0.4789 0.0000 1.2987
0.7950 1.1279 0.4717 0.0000 1.3222
0.7966 1.1302 0.4719 0.0000 1.3165
0.7926 1.1234 0.4827 0.0000 1.2933
0.7929 1.1240 0.4820 0.0000 1.3103
0.7939 1.1233 0.4776 0.0000 1.2969
0.7932 1.1264 0.4829 0.0000 1.2997
0.7916 1.1232 0.4827 0.0000 1.2943
0.7948 1.1287 0.4746 0.0000 1.3200
0.7912 1.1227 0.4802 0.0000 1.2938
0.7927 1.1265 0.4791 0.0000 1.2974
0.7921 1.1251 0.4762 0.0000 1.3104
0.7933 1.1274 0.4742 0.0000 1.3095
0.7946 1.1275 0.4752 0.0000 1.3113
0.7939 1.1274 0.4736 0.0000 1.3075
0.7929 1.1261 0.4741 0.0000 1.2958
0.7931 1.1277 0.4707 0.0000 1.3043
0.7916 1.1261 0.4765 0.0000 1.2977
0.7920 1.1287 0.4728 0.0000 1.2982
0.7919 1.1274 0.4735 0.0000 1.2977
0.7924 1.1268 0.4730 0.0000 1.2958
0.7918 1.1294 0.4746 0.0000 1.2981
0.7926 1.1269 0.4712 0.0000 1.2994
0.7918 1.1281 0.4751 0.0000 1.2967
0.7919 1.1275 0.4755 0.0000 1.2967
0.7910 1.1256 0.4745 0.0000 1.2949
0.7927 1.1294 0.4740 0.0000 1.2959
0.7916 1.1272 0.4757 0.0000 1.2971
0.7928 1.1281 0.4742 0.0000 1.2990
0.7955 1.1324 0.4684 0.0000 1.3047
0.7955 1.1330 0.4701 0.0000 1.3045
0.7982 1.1349 0.4606 0.0000 1.3075
0.7958 1.1317 0.4669 0.0000 1.3013
0.7963 1.1317 0.4638 0.0000 1.3039
0.7951 1.1307 0.4671 0.0000 1.2997
0.7952 1.1341 0.4691 0.0000 1.3080
0.7948 1.1318 0.4665 0.0000 1.3044
0.7959 1.1333 0.4671 0.0000 1.3149
0.7963 1.1349 0.4663 0.0000 1.3064
0.7952 1.1340 0.4668 0.0000 1.3070
0.7938 1.1314 0.4727 0.0000 1.3006
0.7934 1.1316 0.4680 0.0000 1.3008
0.7938 1.1335 0.4712 0.0000 1.3040
0.7929 1.1312 0.4701 0.0000 1.3005
0.7928 1.1280 0.4732 0.0000 1.2999
0.7965 1.1312 0.4684 0.0000 1.3025
0.7976 1.1328 0.4693 0.0000 1.3011
0.7966 1.1318 0.4648 0.0000 1.3100
0.7902 1.1207 0.4830 0.0000 1.2912
0.7979 1.1332 0.4655 0.0000 1.3114
0.7970 1.1339 0.4651 0.0000 1.3064
0.7967 1.1334 0.4634 0.0000 1.3380
0.7958 1.1272 0.4755 0.0000 3.5778
0.7966 1.1352 0.4683 0.0000 1.3073
0.7941 1.1306 0.4706 0.0000 1.2991
0.7958 1.1345 0.4723 0.0000 1.3037
0.7940 1.1302 0.4738 0.0000 1.2996
0.7938 1.1303 0.4685 0.0000 1.3032
0.7897 1.1219 0.4803 0.0000 4.3193
0.7932 1.1301 0.4723 0.0000 1.2994
0.7954 1.1329 0.4696 0.0000 1.3119
0.7935 1.1313 0.4727 0.0000 1.3004
0.7935 1.1321 0.4734 0.0000 1.3019
0.7928 1.1323 0.4725 0.0000 1.2992
0.7932 1.1334 0.4673 0.0000 1.2967
0.7941 1.1333 0.4739 0.0000 1.2978
0.7962 1.1365 0.4671 0.0000 1.3187
0.7925 1.1319 0.4719 0.0000 1.2918
0.7971 1.1357 0.4711 0.0000 1.3011
0.7953 1.1343 0.4682 0.0000 1.3000
0.7932 1.1322 0.4670 0.0000 1.2961
0.7924 1.1259 0.4721 0.0000 1.2948
0.7926 1.1248 0.4724 0.0000 1.2959
0.7928 1.1281 0.4704 0.0000 1.2925
0.7938 1.1290 0.4658 0.0000 1.2979
0.7934 1.1269 0.4677 0.0000 1.2950
0.7933 1.1281 0.4685 0.0000 1.3031
0.7950 1.1298 0.4678 0.0000 1.2998
0.7916 1.1260 0.4701 0.0000 1.2997
0.7924 1.1269 0.4663 0.0000 1.2944
0.7896 1.1259 0.4674 0.0000 1.2909
0.7912 1.1260 0.4692 0.0000 1.2907
0.7911 1.1265 0.4693 0.0000 1.2921
0.7879 1.1224 0.4782 0.0000 1.2925
0.7944 1.1295 0.4662 0.0000 1.3407
0.7916 1.1270 0.4672 0.0000 1.3026
0.7939 1.1296 0.4642 0.0000 1.2949
0.7925 1.1280 0.4639 0.0000 1.3048
0.7894 1.1248 0.4750 0.0000 1.2890
0.7931 1.1268 0.4684 0.0000 1.2921
0.7934 1.1272 0.4674 0.0000 1.2934
0.7831 1.1153 0.4894 0.0000 1.4984
0.7921 1.1263 0.4720 0.0000 1.2937
0.7959 1.1322 0.4625 0.0000 1.2963
0.7949 1.1281 0.4560 0.0000 4.3205
0.7943 1.1292 0.4661 0.0000 1.2950
0.7947 1.1286 0.4636 0.0000 1.2951
0.7867 1.1159 0.4856 0.0000 1.2836
0.7916 1.1249 0.4672 0.0000 1.2910
0.7937 1.1270 0.4690 0.0000 1.2922
0.7936 1.1272 0.4706 0.0000 1.2949
0.7924 1.1258 0.4720 0.0000 1.2942
0.7922 1.1255 0.4662 0.0000 1.2905
0.7933 1.1266 0.4674 0.0000 1.2903
0.7961 1.1301 0.4579 0.0000 1.2952
0.7954 1.1204 0.4700 0.0000 1.2898
0.7938 1.1232 0.4697 0.0000 1.2952
0.7921 1.1208 0.4754 0.0000 1.2890
0.7937 1.1233 0.4733 0.0000 1.2902
0.7968 1.1229 0.4760 0.0000 1.2914
0.7968 1.1242 0.4636 0.0000 1.2867
0.7926 1.1201 0.4734 0.0000 1.2833
0.7930 1.1197 0.4712 0.0000 1.2910
0.7923 1.1185 0.4751 0.0000 1.2908
0.7955 1.1234 0.4646 0.0000 1.3195
0.7929 1.1189 0.4720 0.0000 1.2890
0.7909 1.1159 0.4777 0.0000 1.2913
0.7885 1.1163 0.4764 0.0000 1.2813
0.7919 1.1174 0.4756 0.0000 1.3019
0.7909 1.1167 0.4755 0.0000 1.2883
0.7906 1.1174 0.4731 0.0000 1.2911
0.7866 1.1120 0.4829 0.0000 1.2799
0.7901 1.1164 0.4751 0.0000 1.2842
0.7890 1.1140 0.4800 0.0000 1.2767
0.7872 1.1121 0.4830 0.0000 1.2809
0.7879 1.1125 0.4849 0.0000 1.2812
0.7881 1.1121 0.4867 0.0000 1.3022
0.7840 1.1087 0.4901 0.0000 1.2776
0.7945 1.1167 0.4777 0.0000 1.2931
0.7888 1.1142 0.4817 0.0000 1.2757
