1.2750 1.7564 0.2121 0.0003 1.8181
1.2649 1.7455 0.2181 0.0002 1.8169
1.2574 1.7384 0.2178 0.0002 1.8065
1.2455 1.7275 0.2205 0.0002 1.8019
1.2434 1.7255 0.2203 0.0002 1.8051
1.2370 1.7185 0.2200 0.0002 1.7904
1.2319 1.7115 0.2233 0.0002 1.7881
1.2082 1.6855 0.2262 0.0001 1.7490
1.1938 1.6700 0.2304 0.0001 1.7377
1.1890 1.6662 0.2311 0.0001 1.7370
1.1757 1.6496 0.2394 0.0000 1.7202
1.1817 1.6546 0.2408 0.0000 1.7279
1.1759 1.6495 0.2438 0.0000 1.7260
1.1819 1.6539 0.2420 0.0000 1.7318
1.1755 1.6488 0.2461 0.0000 1.7287
1.1755 1.6494 0.2458 0.0000 1.7328
1.1656 1.6426 0.2492 0.0000 1.7238
1.1681 1.6453 0.2486 0.0000 1.7303
1.1659 1.6465 0.2428 0.0000 1.7255
1.1652 1.6476 0.2384 0.0001 1.7277
1.1729 1.6525 0.2375 0.0001 1.7351
1.1676 1.6497 0.2378 0.0001 1.7306
1.1765 1.6570 0.2365 0.0001 1.7423
1.1771 1.6577 0.2369 0.0001 1.7479
1.1667 1.6501 0.2358 0.0001 1.7264
1.1659 1.6478 0.2395 0.0000 1.7252
1.1628 1.6457 0.2410 0.0000 1.7262
1.1632 1.6460 0.2418 0.0000 1.7298
1.1541 1.6409 0.2400 0.0000 1.7177
1.1545 1.6424 0.2384 0.0001 1.7205
1.1485 1.6356 0.2470 0.0000 1.7048
1.1525 1.6420 0.2363 0.0001 1.7056
1.1503 1.6394 0.2399 0.0000 1.6981
1.1511 1.6401 0.2394 0.0000 1.7056
1.1517 1.6409 0.2378 0.0001 1.7100
1.1522 1.6414 0.2371 0.0001 1.7148
1.1518 1.6411 0.2378 0.0001 1.7178
1.1516 1.6405 0.2390 0.0000 1.7191
1.1528 1.6442 0.2333 0.0001 1.7142
1.1554 1.6469 0.2295 0.0001 1.7104
1.1545 1.6465 0.2312 0.0001 1.7152
1.1597 1.6487 0.2300 0.0001 1.7162
1.1557 1.6420 0.2341 0.0001 1.6993
1.1508 1.6370 0.2405 0.0000 1.6876
1.1506 1.6373 0.2402 0.0000 1.6905
1.1493 1.6349 0.2448 0.0000 1.6892
1.1543 1.6414 0.2396 0.0000 1.6954
1.1582 1.6462 0.2376 0.0001 1.6983
1.1530 1.6392 0.2455 0.0000 1.6910
1.1539 1.6388 0.2418 0.0000 1.6879
1.1501 1.6352 0.2469 0.0000 1.6851
1.1499 1.6346 0.2481 0.0000 1.6826
1.1523 1.6354 0.2444 0.0000 1.6800
1.1494 1.6334 0.2474 0.0000 1.6754
1.1474 1.6327 0.2477 0.0000 1.6734
1.1468 1.6327 0.2485 0.0000 1.6754
1.1446 1.6299 0.2517 0.0000 1.6690
1.1518 1.6296 0.2493 0.0000 1.6933
1.1524 1.6312 0.2479 0.0000 1.6952
1.1520 1.6319 0.2472 0.0000 1.6970
1.1517 1.6329 0.2457 0.0000 1.6991
1.1586 1.6367 0.2417 0.0000 1.6995
1.1584 1.6296 0.2421 0.0000 1.6970
1.1626 1.6322 0.2386 0.0001 1.6963
1.1686 1.6363 0.2342 0.0001 1.6967
1.1687 1.6372 0.2335 0.0001 1.6980
1.1772 1.6437 0.2269 0.0001 1.6998
1.1683 1.6358 0.2392 0.0000 1.6962
1.1659 1.6340 0.2400 0.0000 1.6949
1.1647 1.6337 0.2401 0.0000 1.6952
1.1649 1.6356 0.2353 0.0001 1.6975
1.1614 1.6304 0.2426 0.0000 1.6930
1.1622 1.6311 0.2428 0.0000 1.6918
1.1625 1.6312 0.2443 0.0000 1.6891
1.1712 1.6366 0.2307 0.0001 1.6942
1.1674 1.6330 0.2359 0.0001 1.6919
1.1650 1.6325 0.2371 0.0001 1.6922
1.1675 1.6366 0.2285 0.0001 1.6957
1.1677 1.6349 0.2301 0.0001 1.6955
1.1666 1.6351 0.2303 0.0001 1.6961
1.1659 1.6353 0.2304 0.0001 1.6968
1.1643 1.6347 0.2323 0.0001 1.6970
1.1637 1.6352 0.2322 0.0001 1.6980
1.1637 1.6359 0.2311 0.0001 1.6995
1.1631 1.6368 0.2305 0.0001 1.7007
1.1606 1.6312 0.2390 0.0000 1.6972
1.1611 1.6313 0.2393 0.0000 1.6948
1.1606 1.6316 0.2399 0.0000 1.6951
1.1599 1.6311 0.2415 0.0000 1.6950
1.1597 1.6298 0.2442 0.0000 1.6931
1.1610 1.6317 0.2420 0.0000 1.6947
1.1600 1.6318 0.2425 0.0000 1.6957
1.1616 1.6331 0.2391 0.0000 1.6963
1.1674 1.6408 0.2244 0.0001 1.6994
1.1686 1.6429 0.2215 0.0002 1.7015
1.1704 1.6452 0.2180 0.0002 1.7033
1.1696 1.6443 0.2194 0.0002 1.7027
1.1685 1.6419 0.2239 0.0001 1.7010
1.1661 1.6414 0.2250 0.0001 1.7006
1.1667 1.6422 0.2239 0.0001 1.7014
1.1678 1.6425 0.2227 0.0002 1.7007
1.1679 1.6433 0.2220 0.0002 1.7021
1.1670 1.6404 0.2265 0.0001 1.6990
1.1666 1.6410 0.2261 0.0001 1.6999
1.1732 1.6460 0.2159 0.0003 1.7016
1.1670 1.6393 0.2277 0.0001 1.6964
1.1633 1.6323 0.2391 0.0000 1.6885
1.1625 1.6328 0.2386 0.0001 1.6894
1.1619 1.6332 0.2385 0.0001 1.6902
1.1617 1.6336 0.2374 0.0001 1.6896
1.1612 1.6326 0.2395 0.0000 1.6878
1.1629 1.6359 0.2340 0.0001 1.6903
1.1622 1.6359 0.2345 0.0001 1.6908
1.1600 1.6337 0.2373 0.0001 1.6892
1.1594 1.6330 0.2387 0.0000 1.6886
1.1593 1.6339 0.2379 0.0001 1.6898
1.1590 1.6350 0.2365 0.0001 1.6911
1.1570 1.6327 0.2408 0.0000 1.6896
1.1568 1.6336 0.2401 0.0000 1.6907
1.1532 1.6272 0.2484 0.0000 1.6884
1.1526 1.6270 0.2494 0.0000 1.6888
1.1520 1.6266 0.2490 0.0000 1.6873
1.1506 1.6251 0.2518 0.0000 1.6863
1.1525 1.6265 0.2495 0.0000 1.6873
1.1522 1.6268 0.2495 0.0000 1.6880
1.1500 1.6256 0.2521 0.0000 1.6863
1.1492 1.6228 0.2561 0.0000 1.6827
1.1508 1.6237 0.2545 0.0000 1.6833
1.1531 1.6272 0.2489 0.0000 1.6858
1.1486 1.6241 0.2552 0.0000 1.6834
1.1483 1.6253 0.2544 0.0000 1.6842
1.1475 1.6240 0.2567 0.0000 1.6838
1.1480 1.6250 0.2545 0.0000 1.6841
1.1435 1.6217 0.2610 0.0000 1.6815
1.1423 1.6195 0.2641 0.0000 1.6795
1.1413 1.6183 0.2663 0.0000 1.6788
1.1393 1.6146 0.2720 0.0000 1.6760
1.1382 1.6131 0.2741 0.0000 1.6751
1.1372 1.6122 0.2758 0.0000 1.6749
1.1360 1.6095 0.2806 0.0000 1.6733
1.1363 1.6128 0.2769 0.0000 1.6760
1.1351 1.6114 0.2790 0.0000 1.6749
1.1348 1.6116 0.2790 0.0000 1.6755
1.1339 1.6110 0.2802 0.0000 1.6747
1.1336 1.6112 0.2803 0.0000 1.6753
1.1321 1.6082 0.2848 0.0000 1.6736
1.1307 1.6036 0.2911 0.0000 1.6697
1.1305 1.6042 0.2908 0.0000 1.6702
1.1339 1.6097 0.2820 0.0000 1.6731
1.1335 1.6104 0.2815 0.0000 1.6734
1.1337 1.6098 0.2821 0.0000 1.6733
1.1329 1.6077 0.2850 0.0000 1.6721
1.1348 1.6103 0.2811 0.0000 1.6737
1.1335 1.6069 0.2860 0.0000 1.6710
1.1315 1.6034 0.2914 0.0000 1.6689
1.1307 1.6026 0.2931 0.0000 1.6687
1.1303 1.6019 0.2942 0.0000 1.6689
1.1303 1.5960 0.3002 0.0000 1.6626
1.1292 1.5950 0.3021 0.0000 1.6624
1.1298 1.5965 0.3000 0.0000 1.6635
1.1305 1.5981 0.2977 0.0000 1.6637
1.1302 1.5965 0.3000 0.0000 1.6626
1.1335 1.6035 0.2903 0.0000 1.6682
1.1329 1.6038 0.2903 0.0000 1.6686
1.1317 1.6003 0.2952 0.0000 1.6666
1.1320 1.5974 0.2987 0.0000 1.6642
1.1319 1.5996 0.2960 0.0000 1.6652
1.1312 1.6003 0.2956 0.0000 1.6655
1.1299 1.5976 0.2994 0.0000 1.6640
1.1294 1.5993 0.2977 0.0000 1.6648
1.1277 1.5982 0.3000 0.0000 1.6633
1.1253 1.5971 0.3031 0.0000 1.6626
1.1251 1.5973 0.3031 0.0000 1.6630
1.1259 1.5969 0.3029 0.0000 1.6626
1.1250 1.5968 0.3037 0.0000 1.6619
1.1257 1.5967 0.3026 0.0000 1.6614
1.1289 1.5985 0.2984 0.0000 1.6617
1.1285 1.5985 0.2987 0.0000 1.6615
1.1258 1.5971 0.3017 0.0000 1.6598
1.1250 1.5955 0.3037 0.0000 1.6589
1.1250 1.5947 0.3043 0.0000 1.6584
1.1264 1.5986 0.2993 0.0000 1.6615
1.1295 1.5951 0.3006 0.0000 1.6591
1.1279 1.5934 0.3037 0.0000 1.6571
1.1272 1.5982 0.2984 0.0000 1.6615
1.1284 1.5991 0.2967 0.0000 1.6622
1.1286 1.5986 0.2972 0.0000 1.6618
1.1278 1.5973 0.2989 0.0000 1.6611
1.1271 1.5957 0.3010 0.0000 1.6598
1.1260 1.5959 0.3018 0.0000 1.6602
1.1256 1.5957 0.3024 0.0000 1.6603
1.1268 1.5953 0.3024 0.0000 1.6596
1.1264 1.5957 0.3021 0.0000 1.6598
1.1251 1.5963 0.3018 0.0000 1.6595
1.1287 1.6025 0.2929 0.0000 1.6638
1.1299 1.6024 0.2926 0.0000 1.6640
1.1296 1.6022 0.2930 0.0000 1.6643
1.1285 1.6022 0.2937 0.0000 1.6642
1.1283 1.6023 0.2939 0.0000 1.6647
1.1280 1.6017 0.2944 0.0000 1.6644
1.1279 1.6026 0.2937 0.0000 1.6649
1.1279 1.6030 0.2933 0.0000 1.6655
1.1256 1.6008 0.2967 0.0000 1.6650
1.1263 1.6039 0.2924 0.0000 1.6697
1.1264 1.6025 0.2936 0.0000 1.6683
1.1259 1.6025 0.2941 0.0000 1.6682
1.1244 1.6009 0.2975 0.0000 1.6685
1.1249 1.5945 0.3054 0.0000 1.6663
1.1249 1.5946 0.3055 0.0000 1.6667
1.1252 1.5955 0.3046 0.0000 1.6678
1.1254 1.5981 0.3015 0.0000 1.6694
1.1221 1.5934 0.3078 0.0000 1.6652
1.1209 1.5889 0.3134 0.0000 1.6612
1.1233 1.5933 0.3069 0.0000 1.6633
1.1244 1.5910 0.3090 0.0000 1.6604
1.1221 1.5847 0.3173 0.0000 1.6542
1.1216 1.5834 0.3190 0.0000 1.6529
1.1210 1.5829 0.3199 0.0000 1.6528
1.1216 1.5848 0.3172 0.0000 1.6541
1.1229 1.5826 0.3194 0.0000 1.6519
1.1223 1.5812 0.3216 0.0000 1.6514
1.1222 1.5827 0.3197 0.0000 1.6519
1.1213 1.5830 0.3197 0.0000 1.6518
1.1209 1.5831 0.3197 0.0000 1.6519
1.1206 1.5815 0.3218 0.0000 1.6507
1.1201 1.5811 0.3224 0.0000 1.6506
1.1202 1.5786 0.3255 0.0000 1.6480
1.1202 1.5806 0.3228 0.0000 1.6490
1.1169 1.5781 0.3276 0.0000 1.6483
1.1159 1.5770 0.3295 0.0000 1.6479
1.1140 1.5730 0.3355 0.0000 1.6460
1.1131 1.5697 0.3403 0.0000 1.6439
1.1131 1.5685 0.3420 0.0000 1.6434
1.1138 1.5719 0.3375 0.0000 1.6483
1.1137 1.5725 0.3368 0.0000 1.6485
1.1163 1.5771 0.3303 0.0000 1.6532
1.1181 1.5771 0.3292 0.0000 1.6532
1.1201 1.5798 0.3247 0.0000 1.6550
1.1203 1.5807 0.3234 0.0000 1.6560
1.1202 1.5808 0.3233 0.0000 1.6560
1.1196 1.5802 0.3243 0.0000 1.6556
1.1192 1.5803 0.3245 0.0000 1.6555
1.1180 1.5807 0.3245 0.0000 1.6554
1.1174 1.5810 0.3247 0.0000 1.6553
1.1167 1.5799 0.3262 0.0000 1.6550
1.1192 1.5796 0.3257 0.0000 1.6546
1.1184 1.5799 0.3257 0.0000 1.6545
1.1192 1.5792 0.3262 0.0000 1.6543
1.1191 1.5792 0.3262 0.0000 1.6544
1.1189 1.5792 0.3263 0.0000 1.6546
1.1193 1.5789 0.3267 0.0000 1.6548
1.1190 1.5775 0.3286 0.0000 1.6547
1.1187 1.5776 0.3287 0.0000 1.6548
1.1183 1.5777 0.3288 0.0000 1.6548
1.1206 1.5773 0.3281 0.0000 1.6540
1.1225 1.5780 0.3265 0.0000 1.6548
1.1204 1.5769 0.3289 0.0000 1.6535
1.1201 1.5764 0.3296 0.0000 1.6534
1.1217 1.5765 0.3290 0.0000 1.6537
1.1214 1.5767 0.3288 0.0000 1.6538
1.1189 1.5755 0.3316 0.0000 1.6529
1.1185 1.5756 0.3316 0.0000 1.6529
1.1182 1.5749 0.3326 0.0000 1.6530
1.1168 1.5703 0.3390 0.0000 1.6497
1.1146 1.5655 0.3459 0.0000 1.6469
1.1138 1.5618 0.3512 0.0000 1.6448
1.1126 1.5620 0.3512 0.0000 1.6440
1.1120 1.5616 0.3519 0.0000 1.6439
1.1115 1.5610 0.3529 0.0000 1.6439
1.1104 1.5589 0.3559 0.0000 1.6429
1.1107 1.5581 0.3570 0.0000 1.6431
1.1113 1.5574 0.3579 0.0000 1.6432
1.1109 1.5574 0.3580 0.0000 1.6433
1.1103 1.5562 0.3599 0.0000 1.6429
1.1095 1.5567 0.3594 0.0000 1.6430
1.1091 1.5572 0.3588 0.0000 1.6423
1.1086 1.5563 0.3602 0.0000 1.6420
1.1084 1.5544 0.3629 0.0000 1.6409
1.1086 1.5539 0.3635 0.0000 1.6407
1.1111 1.5528 0.3645 0.0000 1.6385
1.1117 1.5520 0.3655 0.0000 1.6383
1.1104 1.5518 0.3660 0.0000 1.6378
1.1103 1.5515 0.3665 0.0000 1.6378
1.1100 1.5515 0.3665 0.0000 1.6379
1.1108 1.5510 0.3671 0.0000 1.6379
1.1102 1.5514 0.3665 0.0000 1.6378
1.1089 1.5514 0.3667 0.0000 1.6372
1.1090 1.5513 0.3668 0.0000 1.6374
1.1090 1.5512 0.3670 0.0000 1.6375
1.1085 1.5514 0.3668 0.0000 1.6373
1.1082 1.5513 0.3670 0.0000 1.6373
1.1081 1.5512 0.3672 0.0000 1.6374
1.1079 1.5525 0.3653 0.0000 1.6378
1.1087 1.5527 0.3649 0.0000 1.6381
1.1085 1.5537 0.3636 0.0000 1.6382
1.1090 1.5525 0.3652 0.0000 1.6381
1.1092 1.5524 0.3654 0.0000 1.6384
1.1082 1.5503 0.3685 0.0000 1.6375
1.1084 1.5486 0.3709 0.0000 1.6369
1.1107 1.5485 0.3710 0.0000 1.6366
1.1084 1.5478 0.3723 0.0000 1.6361
1.1081 1.5476 0.3726 0.0000 1.6362
1.1078 1.5469 0.3736 0.0000 1.6361
1.1094 1.5466 0.3742 0.0000 1.6359
1.1074 1.5463 0.3746 0.0000 1.6358
1.1077 1.5443 0.3778 0.0000 1.6354
1.1085 1.5449 0.3769 0.0000 1.6363
1.1104 1.5438 0.3786 0.0000 1.6363
1.1106 1.5439 0.3784 0.0000 1.6368
1.1103 1.5438 0.3785 0.0000 1.6368
1.1095 1.5441 0.3780 0.0000 1.6366
1.1101 1.5421 0.3813 0.0000 1.6349
1.1092 1.5420 0.3813 0.0000 1.6348
1.1101 1.5412 0.3827 0.0000 1.6350
1.1075 1.5428 0.3800 0.0000 1.6357
1.1060 1.5426 0.3804 0.0000 1.6358
1.1121 1.5432 0.3798 0.0000 1.6346
1.1131 1.5427 0.3807 0.0000 1.6348
1.1122 1.5426 0.3806 0.0000 1.6346
1.1130 1.5452 0.3766 0.0000 1.6365
1.1147 1.5450 0.3772 0.0000 1.6366
1.1175 1.5438 0.3799 0.0000 1.6356
1.1171 1.5444 0.3786 0.0000 1.6355
1.1165 1.5443 0.3787 0.0000 1.6355
1.1156 1.5445 0.3782 0.0000 1.6351
1.1125 1.5441 0.3784 0.0000 1.6347
1.1110 1.5441 0.3782 0.0000 1.6341
1.1107 1.5439 0.3785 0.0000 1.6341
1.1106 1.5442 0.3781 0.0000 1.6345
1.1123 1.5448 0.3772 0.0000 1.6351
1.1109 1.5444 0.3776 0.0000 1.6344
1.1106 1.5444 0.3778 0.0000 1.6344
1.1101 1.5443 0.3778 0.0000 1.6342
1.1089 1.5444 0.3777 0.0000 1.6341
1.1094 1.5442 0.3781 0.0000 1.6339
1.1119 1.5437 0.3792 0.0000 1.6336
1.1105 1.5434 0.3793 0.0000 1.6338
1.1119 1.5419 0.3820 0.0000 1.6326
1.1107 1.5418 0.3820 0.0000 1.6324
1.1101 1.5419 0.3818 0.0000 1.6319
1.1098 1.5418 0.3820 0.0000 1.6319
1.1093 1.5428 0.3803 0.0000 1.6320
1.1095 1.5426 0.3805 0.0000 1.6322
1.1080 1.5424 0.3808 0.0000 1.6318
1.1072 1.5426 0.3806 0.0000 1.6317
1.1100 1.5427 0.3805 0.0000 1.6320
1.1106 1.5421 0.3815 0.0000 1.6322
1.1105 1.5422 0.3812 0.0000 1.6324
1.1106 1.5422 0.3814 0.0000 1.6324
1.1102 1.5421 0.3814 0.0000 1.6325
1.1071 1.5420 0.3815 0.0000 1.6318
1.1072 1.5418 0.3818 0.0000 1.6319
1.1072 1.5417 0.3819 0.0000 1.6320
1.1070 1.5417 0.3820 0.0000 1.6321
1.1075 1.5413 0.3825 0.0000 1.6323
1.1051 1.5416 0.3820 0.0000 1.6322
1.1052 1.5416 0.3820 0.0000 1.6323
1.1051 1.5417 0.3819 0.0000 1.6325
1.1037 1.5416 0.3823 0.0000 1.6338
1.1042 1.5425 0.3810 0.0000 1.6330
1.1049 1.5427 0.3808 0.0000 1.6333
1.1042 1.5425 0.3810 0.0000 1.6332
1.1028 1.5443 0.3784 0.0000 1.6343
1.1077 1.5436 0.3792 0.0000 1.6332
1.1027 1.5447 0.3773 0.0000 1.6347
1.1102 1.5460 0.3746 0.0000 1.6346
1.1083 1.5453 0.3759 0.0000 1.6340
1.1060 1.5445 0.3772 0.0000 1.6331
1.1046 1.5447 0.3770 0.0000 1.6332
1.1033 1.5444 0.3776 0.0000 1.6327
1.1023 1.5447 0.3773 0.0000 1.6325
1.1049 1.5439 0.3781 0.0000 1.6312
1.1040 1.5442 0.3778 0.0000 1.6312
1.1027 1.5443 0.3779 0.0000 1.6310
1.1016 1.5453 0.3765 0.0000 1.6313
1.1040 1.5460 0.3751 0.0000 1.6319
1.1017 1.5450 0.3769 0.0000 1.6352
1.1013 1.5452 0.3767 0.0000 1.6351
1.1018 1.5457 0.3759 0.0000 1.6360
1.1016 1.5457 0.3759 0.0000 1.6360
1.1017 1.5463 0.3752 0.0000 1.6358
1.1006 1.5456 0.3764 0.0000 1.6351
1.1015 1.5456 0.3763 0.0000 1.6352
1.1032 1.5446 0.3774 0.0000 1.6348
1.1022 1.5449 0.3771 0.0000 1.6345
1.1027 1.5443 0.3779 0.0000 1.6346
1.1022 1.5442 0.3780 0.0000 1.6345
1.1020 1.5442 0.3782 0.0000 1.6344
1.1032 1.5440 0.3782 0.0000 1.6347
1.1024 1.5444 0.3778 0.0000 1.6346
1.1028 1.5442 0.3781 0.0000 1.6348
1.1022 1.5443 0.3780 0.0000 1.6347
1.1034 1.5431 0.3796 0.0000 1.6334
1.1011 1.5425 0.3807 0.0000 1.6330
1.1008 1.5421 0.3813 0.0000 1.6330
1.1022 1.5411 0.3826 0.0000 1.6328
1.1022 1.5409 0.3830 0.0000 1.6329
1.1019 1.5409 0.3830 0.0000 1.6329
1.1003 1.5412 0.3828 0.0000 1.6326
1.1000 1.5415 0.3823 0.0000 1.6325
1.1001 1.5416 0.3822 0.0000 1.6327
1.1006 1.5415 0.3823 0.0000 1.6328
1.1002 1.5418 0.3820 0.0000 1.6327
1.1021 1.5423 0.3810 0.0000 1.6330
1.1028 1.5426 0.3804 0.0000 1.6334
1.1000 1.5419 0.3818 0.0000 1.6327
1.0996 1.5421 0.3817 0.0000 1.6325
1.0998 1.5421 0.3816 0.0000 1.6326
1.1022 1.5405 0.3834 0.0000 1.6305
1.1037 1.5406 0.3832 0.0000 1.6308
1.1044 1.5409 0.3827 0.0000 1.6314
1.1057 1.5414 0.3818 0.0000 1.6320
1.1050 1.5413 0.3820 0.0000 1.6317
1.1043 1.5425 0.3803 0.0000 1.6320
1.1063 1.5429 0.3795 0.0000 1.6325
1.1073 1.5431 0.3793 0.0000 1.6329
1.1052 1.5415 0.3817 0.0000 1.6317
1.1059 1.5406 0.3831 0.0000 1.6315
1.1055 1.5406 0.3831 0.0000 1.6314
1.1090 1.5416 0.3817 0.0000 1.6325
1.1067 1.5409 0.3825 0.0000 1.6321
1.1060 1.5409 0.3826 0.0000 1.6319
1.1046 1.5410 0.3825 0.0000 1.6316
1.1030 1.5416 0.3818 0.0000 1.6323
1.1034 1.5420 0.3810 0.0000 1.6330
1.1030 1.5420 0.3811 0.0000 1.6327
1.1026 1.5420 0.3811 0.0000 1.6326
1.1047 1.5405 0.3831 0.0000 1.6314
1.1064 1.5400 0.3839 0.0000 1.6314
1.1057 1.5399 0.3840 0.0000 1.6315
1.1037 1.5389 0.3857 0.0000 1.6313
1.1052 1.5386 0.3861 0.0000 1.6314
1.1061 1.5388 0.3858 0.0000 1.6319
1.1034 1.5382 0.3867 0.0000 1.6318
1.1027 1.5385 0.3864 0.0000 1.6315
1.1014 1.5386 0.3862 0.0000 1.6314
1.1031 1.5391 0.3853 0.0000 1.6316
1.1037 1.5393 0.3850 0.0000 1.6320
1.1015 1.5391 0.3855 0.0000 1.6318
1.1007 1.5393 0.3853 0.0000 1.6316
1.1009 1.5393 0.3852 0.0000 1.6317
1.1004 1.5391 0.3855 0.0000 1.6314
1.1000 1.5404 0.3837 0.0000 1.6316
1.1008 1.5403 0.3838 0.0000 1.6316
1.1004 1.5413 0.3823 0.0000 1.6321
1.0992 1.5408 0.3834 0.0000 1.6316
1.0986 1.5410 0.3833 0.0000 1.6315
1.0986 1.5411 0.3832 0.0000 1.6316
1.0969 1.5403 0.3848 0.0000 1.6311
1.0964 1.5412 0.3837 0.0000 1.6314
1.0967 1.5412 0.3836 0.0000 1.6315
