80.335
366.942
57.142
363.107
332.605
201.561
51.602
38.182
123.907
284.46
25.444
66.076
20.723
43.442
71.244
63.52
4.792
302.733
14.038
180.113
83.586
20.943
151.742
483.713
321.884
210.424
11.564
96.444
252.593
81.447
120.107
91.226
321.024
368.797
44.729
563.489
499.667
333.393
951.82
112.814
155.503
632.968
185.832
224.785
711.456
106.257
150.556
115.962
458.085
550.11
17.777
1524.08
187.408
254.551
162.82
56.342
51.628
71.775
37.266
76.357
26.178
53.658
54.798
307.502
183.637
51.158
20.083
307.724
44.316
485.628
135.576
37.36
39.211
31.77
19.895
14.731
94.187
183.414
305.335
80.685
149.394
217.071
103.42
73.05
224.093
244.008
83.128
113.9
88.096
88.909
86.374
461.798
42.478
80.325
42.089
556.563
102.097
75.379
143.987
285.885
79.831
355.95
197.45
32.395
12.837
28.312
201.049
13.24
53.681
17.816
68.373
47.077
11.413
323.223
265.809
61.285
802.447
153.202
155.779
217.755
210.435
44.227
17.42
130.315
24.755
272.106
15.234
184.392
59.485
142.203
80.001
92.772
15.613
36.336
15.398
37.254
112.236
86.9
19.075
104.605
8.509
138.166
46.775
28.473
380.021
5.12
5.4
10.701
180.202
70.259
48.903
25.759
98.699
358.945
91.058
71.963
246.872
386.912
20.085
19.998
189.392
87.973
60.99
32.198
64.042
42.758
33.966
214.194
36.056
17.498
31.435
141.274
13.849
46.84
341.344
43.795
28.003
143.938
424.208
100.294
49.218
24.191
99.812
72.032
21.918
17.97
37.37
13.389
22.761
37.618
174.223
9.987
96.641
24.72
77.32
41.991
35.511
94.662
4.869
75.687
32.53
41.541
81.013
92.762
125.206
23.427
111.34
26.087
36.241
19.335
92.557
26.082
46.612
8.993
38.775
164.875
33.438
53.161
23.557
102.466
82.473
86.463
12.548
91.875
90.022
85.272
25.511
47.669
9.747
54.908
22.633
41.972
60.055
164.338
67.164
39.789
63.491
3.746
14.843
83.349
127.824
113.534
17.483
181.005
25.088
5.979
89.1
192.897
94.708
37.024
179.088
101.297
19.572
200.409
80.063
9.587
111.741
40.239
122.913
17.343
158.823
104.387
135.983
143.886
103.516
69.325
407.267
41.853
22.901
104.303
67.671
197.56
35.414
9.035
229.304
8.805
52.107
61.613
101.37
75.439
242.183
58.125
17.995
746.145
381.728
26.533
251.378
26.494
7.461
7.526
14.084
13.917
87.004
26.82
41.715
10.927
101.924
165.205
32.381
117.284
15.045
33.846
57.166
86.35
26.64
44.953
65.539
159.411
76.251
96.967
4.808
51.952
11.306
40.248
121.785
9.107
47.005
153.253
52.81
17.363
89.445
26.194
46.666
79.614
63.717
51.762
55.72
293.103
199.871
6.287
61.431
46.34
31.665
182.984
29.347
37.229
114.956
28.972
106.495
100.313
135.818
60.466
24.775
5.789
37.355
46.208
68.069
9.555
9.147
16.049
15.657
25.776
19.853
159.736
27.098
95.66
6.115
30.484
7.007
14.363
121.997
52.044
7.303
38.73
25.667
120.668
151.711
29.429
6.725
43.502
58.705
29.007
55.997
52.848
7.262
103.641
124.785
57.47
12.038
21.642
152.592
65.272
22.734
123.534
107.885
16.553
29.787
76.371
44.695
71.036
93.981
69.621
146.243
24.142
181.479
658.052
6.54
82.036
80.845
84.514
18.071
49.552
118.506
80.937
319.362
154.163
24.105
18.487
75.023
22.74
8.733
26.28
387.109
6.775
42.373
158.723
30.839
44.732
131.27
57.661
28.993
63.738
49.989
10.205
166.795
11.102
28.093
43.809
79.105
18.032
12.598
41.122
105.019
10.903
25.145
37.526
105.054
6.237
31.862
89.902
31.684
160.955
51.731
47.444
81.14
18.012
118.647
9.135
11.048
58.219
247.762
7.394
15.473
115.029
7.443
72.079
204.981
50.771
102.517
11.026
121.224
71.893
23.354
201.388
4.251
9.364
168.368
10.318
480.133
163.95
9.884
19.365
34.636
10.786
11.341
24.475
13.825
134.006
8.228
76.058
45.675
33.747
27.495
325.594
86.984
45.9
70.106
14.179
17.458
9.409
25.229
29.527
119.781
3.61
13.528
62.397
95.174
17.851
24.415
30.199
60.081
13.254
157.422
13.016
6.196
37.888
75.83
26.969
78.697
401.023
48.036
38.907
49.661
206.542
6.598
86.836
37.117
31.975
17.213
27.983
118.624
47.761
46.874
86.397
92.514
4.852
73.903
197.227
49.916
20.13
93.121
131.503
42.126
111.955
206.169
16.746
10.699
256.721
13.887
24.082
14.318
11.174
87.368
31.186
8.143
13.801
28.569
20.421
51.621
58.152
48.316
158.709
21.298
8.472
63.218
51.843
33.459
7.505
23.257
83.936
10.406
8.134
37.288
7.285
32.127
5.588
5.415
41.207
106.571
41.866
11.784
88.71
64.471
180.987
163.753
53.868
45.479
15.58
39.736
25.049
6.054
49.68
3.676
43.778
30.92
6.318
42.525
190.41
25.097
69.972
3.01
37.355
22.918
41.302
40.805
58.597
38.901
214.804
88.019
20.445
14.226
234.886
44.565
72.504
53.933
19.507
11.166
66.411
358.811
83.219
65.025
19.893
40.349
40.891
18.796
76.698
378.386
31.31
83.846
27.791
64.784
25.545
90.183
66.612
25.362
14.315
916.69
19.488
113.534
59.126
100.567
49.308
131.91
49.246
11.138
60.34
16.136
65.408
25.895
190.15
45.225
6.936
69.705
41.282
86.144
14.113
333.891
232.101
12.996
18.995
104.543
85.482
31.283
11.296
54.224
76.878
25.083
16.365
27.505
19.16
52.66
25.363
29.568
15.551
22.96
68.604
293.367
34.137
19.308
133.789
50.422
134.79
49.769
125.769
53.956
27.57
169.935
39.485
12.276
26.326
67.736
14.226
81.501
15.095
130.61
84.425
61.279
50.291
37.082
9.932
15.846
61.851
192.338
28.736
43.882
40.592
39.531
19.812
80.901
182.727
17.893
84.568
75.957
5.601
13.011
41.871
12.636
24.616
72.212
111.692
40.408
54.088
37.605
36.591
44.699
24.311
73.479
23.889
60.682
37.906
20.32
17.448
46.012
32.872
43.313
25.498
68.798
9.005
48.517
168.783
654.255
3.233
20.13
17.135
27.247
49.872
85.168
805.422
33.426
63.015
11.907
47.969
11.267
19.226
28.93
317.222
35.244
147.38
11.573
17.349
19.906
22.683
124.52
5.991
47.887
32.208
50.149
41.771
3.828
472.382
34.614
51.014
13.744
121.161
8.988
28.072
48.41
16.225
491.446
30.104
61.136
29.001
111.599
187.788
27.398
20.151
75.435
45
45.117
91.338
148.248
12.67
151.545
7.297
25.557
11.449
53.816
65.659
14.908
7.418
351.049
27.361
58.129
89.558
37.507
55.578
46.585
57.001
70.891
24.181
31.741
18.396
531.009
61.541
16.039
41.673
58.928
30.608
198.731
53.271
37.937
40.894
29.255
88.698
61.983
13.388
48.011
118.826
216.016
30.71
10.372
40.929
44.968
109.977
74.606
15.337
43.753
32.519
36.976
26.206
8.761
68.97
142.124
46.356
47.059
98.116
84.123
299.113
44.821
38.869
29.46
3.871
29.031
367.019
27.831
290.644
117.219
46.834
35.005
19.974
53.629
163.614
12.919
143.983
50.182
28.293
11.92
394.262
46.412
10.503
20.412
8.862
102.511
8.756
60.893
17.151
18.587
79.792
49.698
93.594
22.635
11.001
53.047
25.136
11.881
105.026
47.447
94.597
39.685
12.313
23.487
16.636
18.445
86.671
208.686
100.16
22.866
7.38
8.745
106.268
16.074
10.753
43.623
67.078
28.684
194.684
57.621
89.974
17.64
61.961
26.378
245.332
49.85
40.002
256.236
53.202
32.662
24.366
21.654
6.586
78.104
151.363
56.852
127.844
43.214
25.19
184.921
20.459
56.901
118.543
38.6
21.052
31.653
204.928
26.108
67.817
79.638
86.354
232.745
36.846
39.145
16.603
68.188
16.17
17.166
42.898
36.755
183.961
138.678
31.026
22.393
58.093
20.926
30.886
43.434
16.465
39.271
11.978
89.521
18.995
67.613
59.319
91.938
172.507
18.18
36.517
58.466
33.12
58.928
108.725
9.144
68.164
14.104
18.873
82.648
103.718
18.282
25.578
15.54
23.657
165.241
55.369
31.917
48.807
29.876
25.734
6.616
48.726
36.797
42.433
22.415
66.869
16.751
30.624
25.257
47.534
261.424
41.379
51.973
47.18
19.768
112.951
13.235
34.047
13.034
58.187
14.792
25.248
164.95
83.288
13.312
23.586
13.662
56.366
23.415
214.838
30.242
19.993
94.624
5.817
125.232
59.615
21.856
23.86
19.489
27.831
22.153
20.401
19.633
59.344
11.524
49.192
64.017
235.992
113.988
16.967
43.625
76.864
140.835
10.24
46.041
64.841
18.767
32.84
29.569
114.727
17.984
45.568
72.484
7.894
26.312
48.329
79.66
5.288
38.312
11.236
23.878
44.442
37.175
40.303
259.285
47.127
158.096
25.5
72.211
116.842
56.522
7.461
23.891
31.997
24.768
29.776
30.173
73.485
37.714
5.788
17.603
56.933
18.914
19.635
15.922
90.55
20.378
26.266
39.233
99.704
128.222
70.668
9.098
39.691
51.512
9.334
100.401
21.646
93.525
120.245
44.069
139.236
81.041
137.176
51.752
16.609
222.226
29.792
27.701
8.646
6.349
3.387
31.309
190.632
97.779
91.617
10.129
77.367
19.525
77.883
27.214
49.689
42.874
12.953
210.76
9.035
11.222
13.372
19.044
77.482
12.707
22.929
9.942
36.193
4.265
17.887
46.193
63.508
31.468
24.57
16.602
6.632
63.863
427.607
85.146
31.024
21.186
80.276
65.772
23.486
21.65
100.728
25.966
11.892
39.609
57.692
21.615
23.215
20.894
11.972
41.891
94.796
42.544
60.439
72.559
23.464
91.927
33.895
26.737
7.538
36.707
6.208
19.177
12.736
44.038
71.577
43.321
46.176
38.486
26.894
191.487
11.802
29.557
60.958
73.969
11.374
148.783
75.038
97.495
92.017
19.927
49.258
173.194
66.533
39.868
65.791
44.625
110.035
54.136
18.909
140.598
28.491
65.579
54.795
232.805
4.473
42.412
91.847
22.505
6.584
79.516
20.97
127.898
15.376
73.774
30.35
16.925
29.461
15.231
9.466
138.497
14.968
60.608
11.466
107.365
22.006
28.135
27.381
32.673
20.311
38.186
94.744
88.376
23.684
138.534
89.496
45.023
42.031
9.719
75.476
59.765
183.306
46.059
212.408
55.611
53.892
23.4
17.665
20.447
16.781
26.402
61.662
243.271
76.502
106.336
5.767
64.051
105.01
142.416
8.882
21.363
62.263
18.233
33.06
14.623
14.475
31.628
66.147
57.074
24.304
70.364
64.184
93.609
69.697
6.283
16.556
79.965
160.056
32.308
36.301
30.485
55.936
137.471
42.87
51.648
6.894
102.032
31.916
85.728
18.42
76.209
108.422
21.75
14.077
27.038
196.946
25.486
103.055
86.525
49.027
62.396
84.007
79.584
53.738
46.93
28.404
33.597
3.124
130.618
77.617
104.895
40.967
2.324
31.874
83.318
59.833
100.086
23.906
21.464
145.172
90.057
36.816
49.733
81.72
49.963
47.201
95.72
34.06
165.059
162.976
55.445
15.453
112.272
51.369
49.181
7.384
22.578
290.936
38.536
74.659
14.535
114.463
7.059
35.039
83.893
96.562
51.943
44.401
5.322
21.462
113.14
11.656
21.32
44.854
62.414
19.996
308.426
36.79
30.825
32.073
70.757
53.681
9.005
85.302
20.393
11.381
29.751
58.599
16.422
357.862
18.46
28.932
111.772
6.556
60.069
28.667
15.577
30.902
58.188
6.708
41.285
19.869
58.233
22.254
41.025
21.706
35.033
39.058
99.397
9.486
178.587
46.401
8.909
31.506
53.258
31.567
51.656
47.738
170.515
12.485
51.923
15.029
8.163
205.659
36.598
28.292
30.414
16.54
85.303
320.873
14.53
14.954
22.806
13.7
378.608
617.567
30.486
67.011
67.149
111.148
68.903
7.238
44.583
166.145
44.168
71.286
22.765
28.37
79.713
31.364
18.906
46.352
8.523
78.352
41.331
52.927
85.566
37.338
463.539
10.967
32.635
13.073
58.641
19.016
26.52
21.715
34.585
18.907
2.932
46.737
84.405
61.565
37.525
34.186
137.997
137.67
51.576
10.544
60.953
75.453
114.874
19.983
78.765
23.328
28
8.079
80.517
105.541
73.755
22.27
105.702
19.809
118.062
4.025
19.319
78.606
48.343
100.594
31.328
39.571
30.227
27.33
34.065
24.938
67.697
267.391
51.656
107.32
30.822
85.471
21.905
27.116
21.622
12.264
78.737
42.503
28.219
64.023
179.891
13.728
36.969
5.177
16.642
30.831
35.508
21.558
80.235
4.74
151.267
47.055
26.122
40.263
60.934
75.124
204.559
4.449
29.063
46.745
6.033
18.176
27.872
22.409
43.592
31.073
52.298
34.608
56.857
211.399
25.896
26.873
75.096
79.568
17.721
63.654
32.495
7.472
142.408
16.344
89.207
7.194
29.105
40.057
101.688
26.607
134.752
17.891
26.001
42.897
45.378
27.25
8.896
2.073
50.185
69.016
32.517
234.639
61.104
62.024
94.247
95.112
21.176
65.368
38.176
47.407
138.536
28.896
40.017
39.921
35.551
18.16
12.233
89.832
29.185
39.434
124.112
54.424
128.129
9.992
41.674
43.8
94.303
18.72
91.639
19.775
11.109
11.207
48.47
29.687
56.741
46.431
144.199
28.792
49.215
41.645
41.545
69.045
93.36
9.552
23.433
5.977
28.325
80.27
42.125
288.004
46.242
44.525
29.926
8.802
157.101
20.989
19.051
5.479
4.398
13.337
180.529
11.115
118.685
15.676
6.451
18.907
55.765
10.437
8.943
485.763
29.987
78.946
75.677
34.34
89.553
266.515
62.892
34.343
152.634
122.816
16.24
4.515
44.674
13.133
30.819
15.815
36.238
57.169
69.835
25.778
13.635
38.778
13.703
42.122
282.869
524.313
8.773
13.136
71.498
61.994
31.846
37.369
106.27
84.358
202.878
64.562
42.29
23.349
24.278
11.366
62.442
33.076
84.152
37.676
26.685
39.73
259.206
42.557
31.311
27.084
26.91
55.555
44.649
23.795
12.318
96.092
36.593
66.572
16.35
59.92
20.651
8.6
57.775
24.276
6.725
16.232
99.66
30.871
17.525
11.081
18.475
23.57
32.742
32.126
62.484
37.834
14.444
35.571
9.591
5.119
40.696
4.324
45.487
14.22
45.166
14.624
19.17
25.298
33.751
11.017
106.741
27.745
10.575
10.101
31.341
59.67
25.565
15.695
26.612
171.999
74.673
156.514
9.125
14.888
82.144
177.193
6.725
20.305
3.401
33.68
7.586
92.49
42.073
33.555
4.01
41.815
22.677
21.357
18.667
25.384
38.635
26.275
18.904
53.014
72.861
44.237
7.943
114.853
70.607
73.76
41.24
50.639
19.495
30.567
47.457
46.665
30.535
46.708
12.38
7.771
32.676
12.727
34.759
10.24
23.582
84.94
15.922
20.966
100.041
90.096
18.764
46.931
42.668
10.408
165.838
85.931
9.544
27.319
62.129
33.169
32.859
26.921
30.53
3.79
30.466
60.155
30.956
7.73
4.354
153.903
194.599
53.792
19.978
50.996
30.721
43.828
175.897
7.231
27.873
107.228
36.938
103.629
47.145
7.071
27.578
87.868
18.307
15.897
40.836
9.747
37.35
48.536
73.901
25.988
125.999
13.948
92.668
9.481
5.884
10.446
59.734
205.343
67.218
11.441
44.125
220.296
35.059
71.234
33.415
68.218
29.263
80.217
57.614
37.937
46.297
25.289
26.625
62.735
55.472
9.97
32.609
57.104
29.16
22.281
93.525
469.05
18.655
24.122
64.809
13.875
11.756
45.039
9.132
55.964
34.78
79.1
46.227
27.147
10.49
369.289
44.297
19.233
70.784
141.342
74.541
10.072
38.648
19.569
22.79
97.408
73.657
32.136
89.752
42.664
52.905
35.688
32.329
229.78
70.539
42.718
46.02
63.737
60.015
232.91
30.502
14.147
3.948
64.566
186.219
71.769
102.392
64.441
19.416
11.976
3.778
69.986
72.033
97.962
50.546
4.408
9.145
10.376
42.875
31.046
78.664
23.553
95.644
10.521
9.6
8.518
42.865
76.723
72.821
93.403
7.963
44.534
72.855
44.625
16.747
37.628
177.421
91.756
58.117
26.647
106.653
72.313
23.643
225.75
7.964
48.779
42.819
8.003
143.436
104.009
28.712
18.632
52.076
45.137
227.312
9.452
41.303
106.411
10.819
147.15
83.78
43.447
23.43
8.482
9.553
60.25
37.029
90.529
23.962
40.424
33.289
142.73
8.318
30.08
56.348
5.277
21.575
34.314
103.875
31.973
84.321
26.374
37.018
94.893
79.869
33.794
39.134
15.159
120.437
71.574
53.679
181.89
55.012
22.142
33.658
28.162
62.501
28.43
100.193
53.831
67.205
125.373
39.838
126.546
70.396
60.588
23.211
22.492
57.864
11.049
60.956
164.576
47.285
47.399
89.401
74.276
85.166
82.545
48.802
7.98
62.902
67.338
29.442
59.128
20.817
18.029
36.228
115.198
9.694
14.577
6.594
49.03
20.643
20.942
39.604
64.531
101.948
38.824
103.925
16.415
43.167
40.193
89.715
71.062
47.987
295.369
69.831
31.379
74.011
50.405
17.029
45.993
64.575
4.42
34.571
13.392
36.756
42.196
22.501
18.978
79.1
30.673
17.652
155.679
41.057
156.02
34.185
331.709
54.329
31.705
20.869
145.514
263.806
12.444
17.37
118.087
8.127
7.741
90.806
25.444
43.36
67.954
26.307
31.568
108.051
130.524
46.769
32.583
8.712
72.49
18.79
27.294
33.694
60.326
28.297
82.815
148.581
22.721
53.119
66.196
59.178
20.413
11.494
88.883
29.746
44.305
97.599
35.394
78.268
43.286
30.772
7.18
65.678
37.401
10.567
69.436
103.64
91.315
4.24
18.353
22.848
24.6
118.304
12.181
96.73
47.732
20.91
65.581
11.185
32.529
41.637
28.846
34.45
46.755
37.093
87.377
51.052
82.856
19.853
33.509
36.247
30.752
8.676
27.263
53.538
66.025
10.01
54.994
49.615
24.541
31.995
48.179
16.261
8.228
28.922
47.656
20.819
5.715
10.318
37.242
10.191
50.749
36.66
54.368
43.807
33.928
27.304
38.204
187.708
33.275
52.682
132.594
32.18
33.525
70.607
20.399
62.202
158.144
33.902
27.806
78.788
97.585
81.913
33.207
19.413
21.563
30.955
78.307
136.9
27.409
39.348
75.177
80.553
14.697
16.59
37.987
46.329
74.444
80.711
13.965
57.081
12.665
30.519
29.299
30.289
37.564
81.351
33.292
52.411
36.112
34.499
84.247
56.61
40.894
31.972
34.437
31.647
31.974
109.008
38.899
44.32
23.158
21.181
48.751
13.89
63.727
77.472
52.405
75.061
42.127
38.518
64.528
23.759
13.574
36.511
32.265
48.677
105.18
81.824
24.294
105.001
37.876
31.505
76.256
42.534
14.074
15.122
32.725
38.236
21.039
22.674
169.269
0.799
51.689
19.927
21.37
25.244
24.098
55.719
80.294
31.927
26.468
40.658
46.396
10.767
42.724
23.329
4.358
24.823
15.247
37.355
15.67
116.01
26.572
19.478
100.582
6.44
24.952
276.851
103.668
73.694
23.474
85.755
116.558
56.983
54.538
36.974
146.961
18.101
110.708
48.553
83.883
72.129
22.893
63.831
20.427
27.205
91.329
40.911
21.271
41.733
70.925
111.5
81.385
24.489
44.367
7.923
51.929
134.973
19.78
36.382
28.459
47.01
20.806
13.685
55.915
93.647
15.696
67.092
25.399
87.064
142.041
80.336
55.525
59.162
19.434
34.248
51.08
47.158
24.314
21.299
49.698
44.996
20.339
31.035
37.175
22.481
55.256
13.608
21.795
8.864
4.517
20.137
17.606
60.226
54.939
55.58
25.685
35.358
65.134
11.826
70.173
79.634
69.675
67.295
28.306
70.74
43
35.79
61.162
61.481
21.336
76.453
20.376
25.897
20.217
23.877
12.669
50.929
21.344
18.811
70.046
38.242
21.258
35.871
9.088
47.236
13.302
13.207
56.009
61.82
36.436
23.893
33.785
50.865
45.06
47.327
37.128
17.773
20.06
21.3
161.889
29.22
46.249
31.36
47.633
15.209
96.041
14.884
92.784
70.875
71.954
89.387
7.055
8.817
44.738
28.838
56.053
17.23
107.096
89.943
22.993
43.979
5.457
70.617
156.59
6.061
81.287
14.192
35.392
30.679
37.02
18.325
152.597
26.834
14.905
94.311
10.953
37.701
36.656
20.472
18.728
16.466
19.128
9.459
7.385
24.094
74.253
27.859
10.139
61.128
89.842
62.564
71.981
40.707
32.28
17.832
12.771
42.581
81.395
75.787
31.335
31.154
100.536
75.145
15.97
48.98
72.996
12.319
10.64
48.116
23.467
37.375
23.363
34.719
33.552
150.933
45.81
59.687
88.558
44.112
51.158
146.842
30.704
106.383
25.661
63.468
65.415
43.641
149.549
52.876
107.273
17.04
146.395
25.949
31.926
48.648
18.37
74.987
9.152
23.862
43.157
16.833
43.746
123.873
81.799
2.351
36.864
79.246
22.091
78.517
32.083
199.377
40.557
5.341
16.485
47.749
41.837
71.717
20.487
65.522
12.948
22.989
6.579
114.016
92.334
78.687
73.182
17.55
26.866
22.502
24.374
2.925
23.972
123.879
9.963
95.697
42.633
20.325
104.847
42.744
92.889
75.088
33.874
17.23
75.897
25.063
11.978
43.974
24.353
113.333
9.074
42.729
68.087
26.197
25.435
152.675
25.024
44.588
14.439
42.611
15.435
145.304
10.719
30.248
47.265
82.567
13.14
15.639
48.602
38.85
66.659
20.474
62.712
47.583
19.783
16.14
111.123
10.052
30.63
11.943
47.666
71.023
45.436
47.08
11.879
74.168
62.549
63.542
10.792
65.407
18.403
145.213
50.728
19.178
33.048
100.583
18.082
5.478
4.773
104.362
63.971
39.118
17.897
14.219
6.131
24.801
8.304
72.933
141.534
3.47
13.89
73.118
26.792
4.814
101.234
78.881
63.992
27.338
7.549
13.599
8.969
138.759
21.369
99.835
19.505
14.757
19.746
105.135
32.193
36.984
44.217
49.986
78.587
56.555
25.721
45.143
8.44
12.385
94.553
51.991
22.273
50.932
27.78
52.373
75.499
84.121
32.566
106.562
28.531
55.311
29.489
6.822
118.362
42.459
31.517
31.233
59.427
46.495
19.372
30.035
21.52
3.443
113.371
8.932
43.103
7.925
7.037
14.869
18.161
43.604
35.161
35.402
10.201
41.405
139.371
56.726
2.368
44.88
78.837
33.675
63.24
42.579
107.861
11.387
38.908
94.043
82.562
32.098
35.615
39.928
60.304
40.832
47.879
44.65
18.079
63.37
15.742
27.708
22.87
41.683
32.174
13.374
84.049
51.999
45.609
7.877
84.764
21.763
165.21
79.351
28.375
11.254
50.247
79.506
21.769
18.03
25.514
40.823
32.771
39.687
44.299
17.599
33.719
5.474
67.949
71.738
60.838
47.443
14.429
66.511
39.108
54.063
121.852
70.174
29.806
60.129
25.776
40.608
57.409
40.849
11.147
11.912
22.634
16.415
38.939
112.882
33.509
9.871
20.81
46.956
150.582
67.833
23.567
64.603
318.298
125.118
16.126
28.51
19.409
12.09
50.673
12.563
4.011
20.978
54.266
40.353
33.563
56.342
19.821
58.364
96.349
21.599
42.342
53.934
18.852
25.272
11.969
19.238
8.531
39.718
23.124
14.579
198.776
41.256
16.791
12.827
83.308
49.589
11.626
166.65
46.522
59.134
21.006
20.834
53.498
41.25
15.614
27.218
22.921
19.199
98.916
55.43
49.092
37.035
36.927
43.207
97.56
20.379
29.052
15.25
18.942
110.77
53.586
158.177
25.836
63.024
108.992
24.002
28.672
16.15
77.477
16.88
14.513
54.72
17.905
11.483
38.131
46.998
29.589
14.864
94.371
96.32
9.205
141.825
43.115
67.658
65.09
260.667
35.834
85.96
19.718
33.421
66.339
35.416
84.266
31.554
11.711
82.796
27.465
82.808
14.347
44.542
35.765
111.11
39.33
68.73
33.007
29.004
8.86
25.287
28.185
39.784
37.381
39.188
20.765
39.486
88.68
44.879
6.902
19.623
10.862
29.133
39.776
10.824
104.59
199.893
71.488
15.924
61.818
33.567
27.002
9.358
34.68
45.418
74.686
88.281
51.896
55.322
18.998
30.786
98.468
104.91
74.031
56.93
8.824
60.804
78.809
85.515
64.547
18.201
116.804
106.234
18.469
31.309
67.871
98.666
10.164
46.098
16.494
22.948
20.917
19.889
13.022
26.374
66.316
20.227
48.08
149.373
13.676
11.068
10.62
60.924
42.158
11.925
129.934
54.379
45.108
104.538
9.03
46.04
111.748
81.923
80.089
25.9
31.721
27.903
19.728
31.629
30.434
5.139
30.932
153.666
16.909
28.558
17.568
30.134
69.193
121.847
6.456
38.848
81.369
22.959
71.862
28.302
36.159
73.658
5.33
4.123
35.222
11.524
38.206
65.799
76.167
22.046
10.474
38.389
51.653
13.168
46.32
36.473
114.105
26.584
39.888
39.566
282.128
5.431
25.069
68.525
117.261
26.824
57.668
46.918
24.471
12.573
89.167
18.484
38.54
43.306
9.736
100.282
18.217
37.769
47.32
22.871
41.406
35.873
13.577
8.129
41.464
118.024
129.254
91.095
28.105
18.438
141.464
22.852
54.382
45.185
50.999
16.081
20.3
64.61
78.012
61.114
66.833
15.591
102.066
27.053
31.26
9.471
83.995
10.864
87.338
65.736
54.64
9.382
8.691
45.075
32.91
22.976
34.561
43.272
43.83
9.946
19.304
10.814
41.636
84.059
15.48
33.877
21.117
18.938
24.051
30.628
18.702
6.942
18.971
31.106
35.506
7.19
61.177
19.105
9.6
18.249
60.065
17.464
3.744
31.602
12.873
76.296
33.968
30.209
24.624
60.696
5.624
26.961
23.629
18.536
15.116
60.294
62.307
41.371
19.671
91.547
17.815
59.526
34.708
16.085
52.208
35.959
28.597
4.557
29.582
39.277
48.986
65.594
29.116
26.349
29.948
122.758
36.499
98.588
18.668
28.205
8.205
41.036
17.987
12.557
6.407
12.116
31.971
48.403
8.835
8.035
10.968
79.732
24.144
60.427
27.088
75.879
62.012
13.597
18.106
6.763
22.598
24.385
12.893
19.589
15.868
19.509
74.299
32.978
10.305
14.287
26.643
9.47
11.963
18.993
57.087
45.953
105.573
60.897
14.33
7.75
15.312
55.044
13.453
50.789
21
30.529
66.417
79.231
48.967
24.604
16.884
19.693
46.883
51.763
42.187
64.665
8.801
10.959
13.91
62.979
61.503
33.492
39.15
66.994
67.686
88.574
16.261
46.959
7.604
50.549
20.556
151.726
40.439
21.811
40.097
53.749
23.511
37.426
59.307
16.133
31.086
8.855
22.717
93.091
49.107
15.709
9.345
130.603
15.288
14.408
44.57
9.504
6.967
15.144
17.957
2.94
5.796
9.376
33.439
104.628
9.29
54.769
8.549
7.408
103.71
19.367
69.051
23.607
18.684
21.025
25.439
59.387
78.53
22.404
62.267
26.066
63.662
24.665
12.603
18.025
14.399
7.42
83.575
11.143
24.369
15.832
11.58
25.045
85.95
48.073
77.622
70.601
21.735
41.973
45.438
33.861
8.476
7.654
21.053
50.263
9.238
7.269
68.646
12.75
16.087
48.572
3.714
33.005
71.783
39.513
30.486
9.802
37.895
33.563
69.886
47.907
13.35
9.605
57.888
75.31
12.431
42.933
15.839
45.661
55.088
37.126
32.845
10.376
38.029
4.797
55.672
28.906
10.929
65.015
149.762
28.9
35.73
27.638
215.68
22.962
54.584
22.192
12.6
72.636
93.148
4.019
70.99
59.362
75.897
27.114
69.769
12.716
32.853
71.036
21.953
15.808
8.132
29.225
13.109
20.827
37.349
17.451
24.726
12.68
62.02
32.802
13.548
14.722
129.3
65.816
28.213
23.462
50.789
17.093
75.25
4.534
53.731
25.841
76.246
15.043
40.306
61.051
166.238
4.102
80.844
18.86
15.862
40.511
15.464
57.305
15.512
19.788
76.18
7.978
16.53
23.707
47.591
3.837
123.866
28.525
41.146
16.391
38.26
31.884
30.744
17.441
34.358
17.197
36.289
127.924
17.041
8.531
27.117
21.622
2.868
20.286
18.194
6.007
6.964
69.86
70.489
31.772
12.529
51.477
7.015
24.278
33.417
72.436
73.359
16.779
111.656
10.614
95.032
47.597
69.673
68.73
7.936
33.681
23.478
13.255
34.775
14.042
13.784
39.212
7.181
8.239
30.016
6.016
2.347
46.676
80.115
52.036
99.906
3.752
10.944
21.898
35.543
39.421
33.93
154.257
29.284
10.668
24.262
52.104
8.325
5.391
35.952
40.376
59.579
9.925
21.076
31.435
113.234
124.123
8.401
82.274
70.559
88.773
91.973
55.113
80.294
25.503
32.602
28.342
23.027
43.163
66.728
25.329
34.867
13.387
74.384
19.023
20.641
6.555
14.809
56.941
83.887
101.336
102.881
80.647
127.369
35.415
22.938
32.495
63.274
18.449
51.661
88.704
30.981
7.114
75.257
12.294
10.809
57.566
82.903
32.872
36.774
15.414
31.505
21.6
3.105
17.632
23.999
60.031
41.256
9.284
8.096
11.586
111.321
9.697
8.073
15.385
32.287
8.121
8.385
4.36
7.968
45.888
15.41
135.007
35.237
35.111
1.715
26.807
89.497
40.901
76.1
24.487
45.388
14.786
60.609
40.186
17.112
110.58
68.146
121.95
30.523
12.435
5.936
23.675
32.167
76.652
3.695
41.917
20.075
57.096
4.215
69.786
25.571
53.604
59.124
11.529
18.192
11.173
14.153
30.025
50.086
10.99
3.849
12.852
65.049
7.933
30.147
43.926
18.444
66.383
20.921
9.778
46.134
29.085
16.554
51.415
12.44
49.128
61.07
16.352
22.255
78.911
95.216
16.361
41.335
26.368
48.89
61.579
6.232
12.276
21.811
42.485
11.099
55.336
15.432
35.975
46.464
18.673
23.465
40.884
17.209
27.49
14.105
19.097
41.418
24.436
39.208
3.658
80.585
76.931
48.814
7.809
28.843
68.527
30.303
6.745
41.108
94.735
231.007
17.488
34.342
32.095
12.465
19.071
27.209
43.161
39.29
41.113
29.826
49.78
13.577
14.696
44.712
41.419
19.508
66.259
70.263
21.851
38.183
21.386
29.442
9.379
42.149
62.401
49.123
37.318
27.598
29.51
135.226
55.2
29.217
33.831
25.785
49.759
13.861
25.721
61.519
39.275
52.911
16.951
89.807
46.188
80.146
69.868
5.332
13.141
17.074
24.184
4.569
3.896
2.014
5.297
30.696
51.133
65.266
54.737
41.745
8.144
40.401
52.578
14.201
39.945
5.13
55.817
26.869
27.306
19.305
21.804
18.939
4.908
59.639
53.491
22.732
54.511
134.748
40.527
30.076
37.366
102.971
24.243
15.9
45.957
42.132
59.389
103.75
42.796
85.825
27.484
51.709
32.498
37.097
19.298
66.023
2.061
5.906
10.014
36.662
120.203
46.499
12.48
10.447
6.307
111.446
11.864
58.737
4.741
5.066
3.878
38.86
52.712
23.188
3.161
61.216
3.984
32.763
72.613
68.191
26.135
30.661
10.865
15.247
18.935
13.785
9.974
2.72
10.719
26.281
50.529
26.433
23.8
35.048
66.977
31.249
10.249
14.468
54.964
67.709
58.108
20.323
74.164
35.307
17.501
102.361
40.013
52.905
34.696
18.456
29.913
5.249
27.25
31.649
68.767
31.185
53.376
71.048
26.14
83.112
40.471
3.195
78.271
38.886
31.159
9.436
56.204
3.764
17.12
128.539
73.556
57.017
76.227
3.644
6.913
68.533
83.258
5.609
8.011
56.413
40.189
42.229
9.046
55.016
29.57
59.67
52.697
39.808
84.88
6.246
59.089
4.642
22.728
17.456
36.015
4.313
6.072
15.967
21.737
30.46
152.747
29.181
11.697
49.428
35.254
12.791
10.512
53.341
12.394
36.314
30.323
13.306
11.526
14.392
31.591
17.221
12.896
14.241
91.846
22.576
5.681
43.392
33.348
20.193
7.771
27.971
39.192
72.839
51.168
14.183
11.243
43.477
28.542
73.148
87.701
42.465
62.265
39.624
118.078
86.728
16.139
23.014
12.07
26.437
26.055
29.295
65.406
39.299
12.219
11.148
44.719
37.984
6.015
5.25
16.987
16.212
34.475
58.285
10.972
24.797
25.676
22.149
265.661
89.565
56.955
7.339
157.098
8.716
70.424
123.325
26.657
52.825
33.242
25.483
44.273
39.402
43.123
38.654
61.425
32.731
43.21
16.835
118.31
235.933
49.937
6.428
29.555
22.444
17.627
81.791
74.719
52.362
62.284
14.164
94.247
60.057
15.371
131.315
26.315
71.824
92.431
21.317
9.203
136.02
92.498
86.999
16.396
25.21
31.305
69.16
20.591
35.609
80.335
183.976
13.476
27.075
35.058
44.834
20.127
28.131
143.581
36.115
37.778
75.456
94.689
134.523
22.147
81.182
35.466
82.671
23.476
58.385
21.274
7.628
16.748
21.132
67.016
16.223
32.855
36.235
124.045
87.936
17.001
36.585
79.867
30.93
5.396
182.944
116.277
14.3
17.544
172.257
25.17
38.138
64.672
81.408
16.1
32.938
29.7
17.013
7.706
32.291
25.3
10.065
17.981
137.899
162.915
58.607
25.704
79.978
10.483
32.443
83.912
38.702
10.411
119.077
25.705
51.898
85.238
25.358
145.754
118.076
37.304
17.357
59.784
6.801
68.189
204.137
6.271
12.92
115.083
42.599
23.797
8.346
44.233
108.568
41.919
18.993
36.995
24.891
27.952
115.171
17.832
5.088
57.324
41.902
29.01
37.969
32.666
36.134
13.515
264.551
26.214
33.337
178.726
34.968
68.865
36.474
15.931
44.37
57.569
110.278
17.628
83.841
30.316
5.318
82.464
35.388
7.162
30.33
23.676
35.751
29.486
16.743
39.679
17.662
9.15
34.798
70.079
27.943
182.612
97.391
41.997
25.756
210.927
91.2
135.338
14.493
23.997
18.774
9.374
30.439
39.599
36.869
54.573
4.285
126.44
20.966
14.701
75.536
37.406
31.758
15.093
34.51
39.158
30.054
72.086
16.749
26.998
106.282
51.365
15.06
5.581
27.607
7.47
127.218
12.396
74.174
18.949
22.685
44.287
53.358
20.618
31.019
6.808
71.544
25.548
29.099
13.9
4.148
36.173
18.982
38.858
59.008
42.712
32.535
22.229
7.741
10.925
51.517
10.849
48.245
21.282
53.592
97.74
12.466
61.144
18.264
25.359
42.681
25.294
138.533
20.968
121.686
12.768
5.348
19.705
58.903
16.829
14.952
111.791
12.422
88.191
61.629
22.666
17.673
13.08
60.254
22.816
34.659
32.111
34.845
6.661
39.031
31.249
21.403
34.979
47.982
26.813
35.064
32.865
17.917
12.1
23.597
29.072
32.151
66.755
96.063
14.828
260.973
23.285
30.775
32.773
45.27
27.954
27.075
57.918
19.493
28.273
19.028
29.737
17.123
67.798
16.74
127.481
107.656
26.958
15.61
4.823
123.901
29.408
75.942
27.966
83.935
38.241
54.149
67.306
40.599
35.856
147.217
4.174
9.625
18.323
7.837
104.209
15.928
42.154
24.474
51.733
76.109
16.341
98.139
54.112
125.645
12.801
5.125
208.007
48.746
43.176
8.339
32.318
8.885
15.546
5.125
98.506
147.169
121.622
51.237
18.791
35.141
35.104
21.192
58.278
18.964
23.033
30.16
11.336
34.628
283.502
19.118
15.3
39.05
33.659
59.54
18.2
48.228
24.081
28.761
7.824
85.312
17.168
27.747
28.353
70.131
23.331
7.418
61.397
178.669
17.763
8.749
79.664
20.963
24.098
17.225
20.828
64.161
42.202
78.503
23.058
11.396
39.414
17.008
53.395
28.774
39.231
39.759
39.608
43.022
15.089
15.983
7.622
19.01
3.906
72.633
92.239
15.946
7.693
25.98
396.866
14.773
24.852
55.424
9.702
35.989
184.683
34.389
50.126
58.037
35.841
31.136
34.247
18.291
32.315
25.003
23.102
27.579
62.651
42.583
15.528
66.047
11.71
20.726
12.63
78.615
27.99
44.799
177.898
23.085
177.771
85.077
47.337
108.879
8.909
10.228
74.009
18.957
38.955
81.673
23.921
119.972
37.539
39.242
10.365
130.797
34.097
35.804
64.339
39.414
18.089
86.258
17.632
25.139
47.283
12.212
32.374
29.798
64.112
24.967
16.526
19.102
132.601
21.813
31.158
29.288
31.154
34.245
14.63
21.966
86.984
43.142
18.038
48.591
24.781
19.846
9.517
123.625
36.39
108.872
17.829
25.549
58.806
24.965
26.663
159.354
37.989
10.517
28.493
64.184
40.086
33.263
94.208
28.973
37.943
18.877
23.869
34.99
42.206
40.398
30.791
21.367
40.055
51.672
160.027
57.278
16.637
11.724
42.971
23.674
7.964
6.622
19.82
16.138
35.202
51.239
22.114
41.255
54.999
32.925
26.934
30.803
15.79
9.869
37.463
24.988
25.249
68.961
12.816
31.739
15.218
47.684
66.965
38.946
11.084
26.263
34.188
11.474
122.673
23.892
64.531
58.314
32.051
48.417
274.846
27.994
44.766
144.751
7.855
217.96
62.846
8.526
25.904
16.092
22.769
16.575
38.182
15.171
82.237
7.527
27.059
26.404
40.49
23.33
65.903
40.803
42.705
15.171
22.956
21.271
38.182
11.022
36.575
19.789
3.05
40.6
26.731
58.727
45.576
11.677
40.227
19.571
29.835
44.969
13.056
17.749
9.901
48.837
55.217
20.194
112.985
24.797
23.034
34.562
28.493
18.791
60.739
31.458
33.69
25.764
177.278
10.087
21.583
8.463
18.978
71.026
17.667
22.067
13.861
5.281
124.576
25.923
14.684
69.017
155.687
89.183
14.599
28.749
34.996
31.339
9.705
22.46
14.482
57.552
3.478
41.72
44.924
53.011
91.431
34.538
52.07
26.893
66
17.453
12.625
72.615
41.462
17.612
28.397
12.565
32.951
22.702
18.997
9.829
39.623
15.206
20.142
61.803
61.341
121.849
11.636
16.262
22.007
50.142
22.838
11.774
18.11
19.686
26.726
26.181
8.409
19.246
9.616
11.302
105.538
44.47
49.598
36.342
57.35
64.232
36.268
14.013
29.429
31.559
25.973
33.854
46.874
11.66
141.465
13.404
29.798
12.869
22.407
7.942
28.854
13.516
9.669
13.557
114.832
23.367
6.71
20.526
18.038
29.725
57.375
30.838
3.268
11.39
26.894
30.19
32.679
5.941
38.543
43.478
17.085
43.998
184.963
8.132
42.862
24.063
30.247
27.303
29.679
30.79
47.751
59.905
9.833
27.393
42.737
16.484
26.626
14.765
7.524
45.03
18.325
5.261
11.171
39.974
21.461
53.695
23.159
32.846
43.966
27.654
32.166
25.455
60.215
16.549
20.224
15.334
16.23
5.182
4.175
4.997
11.943
31.39
31.03
14.725
63.718
63.73
73.103
21.709
30.381
19.293
104.778
46.134
19.974
17.894
32.078
17.029
8.42
32.19
42.776
21.741
60.103
12.517
18.173
15.685
17.821
5.949
98.735
10.157
12.413
16.205
156.414
17.917
31.062
47.366
36.078
17.036
15.917
24.526
50.174
10.436
128.282
26.942
14.941
17.533
22.222
17.499
14.068
38.086
39.142
3.764
17.198
19.581
22.214
82.553
34.43
31.456
41.102
44.235
27.05
56.138
33.284
50.724
19.68
41.318
98.17
43.043
29.898
51.037
56.496
64.234
39.584
136.883
32.518
18.213
45.982
71.066
88.461
10.102
24.812
81.052
48.745
108.586
14.157
13.299
44.079
31.754
29.135
73.657
49.788
24.029
70.533
30.869
12.126
30.136
43.646
63.181
4.396
122.292
29.964
8.738
21.621
17.31
17.581
31.244
33.505
50.424
47.236
104.65
14.987
4.221
76.348
75.221
3.034
9.868
59.744
14.08
9.446
24.377
82.739
13.114
36.515
98.904
21.63
69.182
12.084
20.197
14.938
29.788
19.088
18.947
7.044
6.887
136.552
61.866
25.079
18.946
58.877
64.314
37.122
15.811
4.672
172.539
39.603
13.502
3.58
57.836
28.588
430.058
39.377
14.158
38.526
15.343
29.822
9.774
67.764
16.264
64.799
8.09
31.786
126.756
45.704
15.298
153.728
23.784
72.396
33.175
28.606
31.755
31.477
15.548
122.061
14.955
40.804
15.873
13.628
11.614
7.157
15.142
15.611
12.035
22.192
34.221
143.751
58.864
5.46
30.511
12.859
21.634
15.965
66.061
13.471
39.885
24.19
14.968
24.506
43.351
32.294
18.078
12.646
39.978
49.842
26.934
24.079
30.446
38.199
44.388
74.043
9.056
7.122
159.563
15.219
21.087
7.262
88.631
15.907
37.336
7.881
30.312
20.175
19.559
40.435
261.88
91.088
27.667
13.308
40.262
40.056
57.237
34.011
89.16
20.993
58.458
11.986
105.82
76.408
24.18
67.692
38.111
64.851
35.564
75.888
24.207
146.367
17.12
60.422
68.653
154.268
52.302
270.193
50.574
141.17
41.408
24.916
58.284
14.952
9.11
8.87
324.551
63.197
37.582
22.695
8.025
2.465
53.149
45.602
22.509
17.619
71.252
109.198
45.89
39.313
431.645
8.867
12.328
83.355
37.898
13.626
76.045
17.083
49.385
43.878
9.884
140.01
91.19
57.263
17.203
248.588
56.863
206.459
26.046
70.246
85.034
61.089
20.01
10.206
143.347
13.007
65.531
16.843
42.45
7.578
28.937
40.926
40.865
63.527
10.931
48.098
185.137
135.742
75.126
30.745
16.603
29.159
42.773
12.082
74.404
105.4
102.888
54.962
8.861
132.741
48.173
44.253
17.489
18.072
63.536
12.98
300.388
13.062
20.556
16.128
40.227
38.587
92.422
56.29
56.076
27.729
120.306
13.426
48.704
14.957
13.329
158.903
128.156
35.801
28.027
57.09
106.957
183.604
28.242
5.006
73.526
4.744
28.7
31.37
92.71
64.856
37.198
85.766
26.143
8.394
71.594
19.584
21.618
383.641
92.56
27.52
15.849
12.218
51.606
13.613
85.417
19.353
69.089
11.253
85.969
82.651
57.101
60.713
41.11
59.972
181.439
51.42
35.228
61.531
60.818
43.788
65.396
22.446
42.406
46.137
39.236
16.027
7.552
32.334
14.26
62.318
34.171
38.941
20.749
26.8
22.57
130.86
66.757
23.1
40.127
76.849
48.698
309.89
52.15
26.749
311.377
14.153
186.254
103.462
65.375
28.331
25.818
28.099
42.068
91.25
173.579
57.809
272.064
115.295
31.935
24.362
20.355
27.267
20.554
218.634
53.106
47.634
53.765
9.441
18.406
8.784
36.77
37.634
17.75
76.12
40.425
7.232
10.626
188.152
29.768
10.518
69.496
148.293
6.124
88.05
143.11
10.494
182.607
52.691
31.217
61.15
93.583
74.455
31.146
56.327
17.555
9.266
17.005
30.895
27.52
281.347
25.455
29.068
164.681
15.004
64.403
53.457
15.611
58.82
10.187
184.961
74.155
50.314
22.688
70.848
9.432
12.88
123.66
12.534
3.21
56.861
74.474
16.953
43.312
44.18
78.95
41.797
66.382
31.682
5.455
21.23
45.342
287.736
82.066
63.909
195.741
257.727
8.728
35.575
34.327
33.92
37.81
9.745
50.977
56.643
26.881
70.456
31.945
52.385
237.502
19.612
32.679
116.999
67.456
25.936
192.544
7.728
436.041
83.238
16.089
63.821
109.427
109.253
104.465
17.214
29.911
129.673
182.129
18.119
52.195
104.209
6.543
112.032
4.293
37.575
56.534
28.123
59.11
18.825
111.135
24.029
196.249
18.036
116.112
65.578
21.254
20.846
46.158
53.275
25.004
15.11
43.187
46.098
129.749
10.644
25.981
45.202
78.423
41.398
23.967
28.369
99.029
60.809
210.34
76.765
160.693
15.058
24.936
31.134
65.406
101.485
20.649
11.969
11.58
121.302
133.951
38.42
42.286
39.321
201.624
8.738
152.186
53.6
505.271
224.671
64.542
37.055
38.904
56.198
15.936
84.463
15.68
22.665
224.03
12.591
40.611
11.277
65.741
32.266
14.466
41.416
89.574
14.735
61.52
37.293
33.962
43.033
100.513
27.535
67.837
53.417
10.328
31.916
28.598
67.336
42.814
49.133
225.531
11.508
9.127
13.057
60.671
95.405
74.84
17.015
11.188
107.288
4.125
21.133
17.01
436.515
37.925
60.055
107.25
25.458
141.001
47.872
25.267
193.805
9.739
28.345
96.774
44.264
12.915
69.833
12.271
280.499
61.969
44.932
20.242
38.16
35.418
47.726
173.38
49.061
24.911
11.664
60.722
45.83
138.479
13.987
37.844
31.781
67.59
128.744
41.498
29.862
19.64
9.008
105.787
31.032
25.106
22.405
45.613
12.39
31.326
109.878
50.83
32.043
72.278
52.675
119.159
20.559
43.134
108.551
23.569
23.638
40.36
39.384
37.773
29.64
59.949
17.215
17.197
189.839
29.03
44.459
20.758
82.597
81.902
67.762
45.851
52.215
216.426
41.851
83.001
143.551
28.901
43.822
69.87
199.067
26.34
39.24
37.067
59.577
8.336
3.044
232.412
31.056
11.628
7.823
173.92
26.413
32.743
29.651
21.25
35.274
12.995
66.323
14.082
92.359
15.772
129.62
25.923
17.796
78.001
45.441
43.529
72.898
108.103
16.72
7.381
6.401
46.361
25.198
47.706
8.927
14.469
74.541
23.775
249.911
66.899
108.137
5.957
15.834
104.051
324.428
87.435
253.205
7.017
79.127
44.447
15.819
8.153
8.397
115.688
362.585
32.847
29.214
54.329
63.91
16.917
293.717
5.478
44.359
34.991
39.279
65.252
13.346
81.554
39.646
73.492
127.57
83.595
24.874
30.797
160.76
30.386
18.896
137.215
40.727
36.465
716.295
39.106
45.256
85.33
328.267
4.153
19.041
24.382
84.995
31.254
55.491
9.805
170.067
44.842
45.344
21.724
10.721
117.576
37.681
2.832
24.785
155.488
20.044
20.48
16.787
44.271
44.859
31.51
58.107
23.831
109.801
9.575
194.101
25.741
10.753
39.857
86.833
52.292
189.345
55.152
23.916
45.304
12.923
26.623
3.893
29.086
89.238
8.281
52.811
40.987
30.119
38.159
183.649
143.646
40.54
9.608
13.351
35.87
72.094
53.408
12.011
49.688
16.452
21.846
24.67
37.249
56.632
107.856
17.583
23.164
11.825
70.243
14.315
80.728
83.149
47.545
52.947
316.558
29.033
43.693
24.499
45.123
45.37
138.441
14.718
7.889
60.697
35.838
59.324
69.266
14.901
104.655
52.524
20.728
49.093
41.516
33.409
17.148
293.643
23.425
37.886
78.13
240.518
123.893
70.628
83.3
35.798
3.31
611.17
18.784
32.331
30.487
16.889
23.911
88.648
45.204
66.494
39.539
86.317
24.483
55.426
58.889
21.006
133.542
90.129
28.491
98.109
155.301
15.756
9.491
104.955
38.563
76.942
38.117
27.994
32.682
25.182
50.808
9.972
5.337
167.697
38.884
51.008
21.093
41.007
17.287
559.677
9.464
74.063
36.852
42.43
38.321
60.976
51.135
316.691
52.301
38.88
33.814
17.209
60.248
75.776
77.505
109.504
10.874
77.186
330.868
7.899
35.273
10.37
7.593
100.505
25.737
51.119
34.699
13.062
10.359
122.547
4.69
501.132
68.007
28.135
17.596
37.442
35.384
54.712
69.128
56.213
53.068
64.025
151.849
17.511
30.653
12.272
93.602
83.573
27.847
39.949
7.249
116.677
12.373
19.179
72.472
13.946
44.143
24.162
51.185
65.84
35.483
406.992
38.701
21.672
137.027
46.426
41.25
75.307
17.966
14.554
11.965
60.61
7.614
44.439
7.706
111.515
71.229
15.686
45.831
106.934
28.642
46.847
54.959
55.88
145.876
67.968
3.432
34.079
57.838
69.388
21.332
126.895
9.021
126.525
54.776
61.978
5.401
50.161
14.101
437.595
64.178
25.139
20.715
59.483
9.594
7.788
6.461
57.252
11.029
128.813
15.55
60.076
20.31
98.517
41.887
607.625
48.899
58.003
21
7.729
50.596
51.099
43.825
342.851
87.599
18.544
15.084
21.887
47.507
14.794
78.3
13.031
11.56
133.956
46.309
39.563
153.91
162.042
9.615
40.185
83.128
37.177
173.549
34.113
581.247
36.47
59.52
51.609
37.53
9.978
51.666
32.126
3.74
21.366
5.539
70.65
85.344
68.626
102.086
27.194
12.381
28.456
12.04
60.736
44.429
52.035
13.365
171.182
26.982
52.062
9.285
63.411
15.773
52.693
44.409
182.185
33.567
74.457
50.579
86.491
22.305
79.028
21.333
42.438
31.612
8.793
21.882
75.798
75.752
12.192
41.179
56.749
12.84
16.988
38.633
5.304
11.058
89.301
59.053
49.673
3.508
55.321
65.862
60.701
269.086
240.039
62.28
52.28
76.424
19.219
12.223
73.003
10.264
127.028
11.016
39.864
10.175
73.014
85.42
28.629
9.986
36.172
10.224
113.823
127.041
32.069
50.042
110.981
88.886
39.676
99.591
5.353
41.661
281.019
32.975
27.72
38.913
19.449
37.987
18.422
18.792
85.027
140.541
90.6
30.164
61.262
65.572
33.687
20.025
23.26
47.016
4.492
20.316
59.361
20.356
25.526
25.415
260.614
41.741
40.557
171.93
51.374
27.957
108.179
100.036
113.739
78.596
134.139
24.109
94.429
40.293
110.076
82.605
12.166
77.501
31.342
30.022
101.701
166.49
68.349
9.223
190.986
15.159
52.902
12.224
23.055
13.543
13.872
55.911
28.584
40.639
28.623
188.761
211.129
6.695
68.798
78.821
13.112
103.756
79.365
92.86
20.207
443.17
77.892
36.378
27.144
56.384
213.37
52.353
167.172
39.633
49.329
85.567
68.481
265.202
132.151
6.106
45.602
107.047
50.322
33.409
43.897
111.654
17.164
4.275
19.186
162.358
7.298
26.882
83.977
30.419
36.346
92.888
153.655
11.563
52.913
24.707
11.509
62.277
59.164
59.057
40.382
96.759
9.667
41.775
42.107
76.468
138.95
21.623
76.293
88.486
122.089
30.593
30.396
38.161
10.853
131.724
69.374
5.423
354.885
72.295
67.454
72.528
50.404
6.301
180.387
13.744
228.12
34.708
30.888
103.493
72.774
108.516
55.376
70.589
134.452
97.527
78.693
77.846
30.639
15.296
112.948
15.844
21.735
73.406
72.27
6.575
21.44
14.639
25.74
21.537
57.941
77.941
32.167
9.311
110.482
76.861
38.927
6.523
11.432
38.206
92.254
62.414
10.08
20.719
33.816
66.406
3.632
14.916
29.559
36.931
27.608
54.814
49.647
8.512
49.603
116.714
44.838
79.262
5.545
33.431
15.818
76.898
74.053
46.592
17.664
92.663
117.438
50.59
130.187
18.416
10.464
44.744
53.495
46.207
16.056
87.822
34.456
43.121
15.208
76.373
28.749
39.263
114.537
88.086
17.752
53.071
38.64
26.016
30.088
15.984
30.968
32.095
44.062
48.711
11.609
81.907
53.66
44.782
101.341
52.631
36.255
59.326
142.052
34.219
14.68
16.56
5.033
12.947
46.328
30.912
292.66
52.51
92.114
84.812
19.962
66.814
34.712
11.997
28.057
77.331
12.464
25.868
11.8
11.993
65.301
19.681
21.241
149.85
105.452
22.352
62.695
15.625
14.329
10.255
30.621
17.776
26.477
45.152
12.673
325.494
16.873
62.375
5.705
60.918
30.625
38.183
21.449
5.336
114.609
60.62
29.592
81.546
45.79
20.696
98.919
66.047
16.433
72.587
41.143
39.639
19.456
27.099
36.555
19.74
45.11
5.089
55.149
97.214
31.287
23.337
27.936
39.068
211.761
103.293
27.659
50.727
47.184
22.126
15.888
197.12
14.401
14.544
43.183
43.192
21.155
49.311
37.823
33.623
104.633
30.831
84.874
57.116
55.352
54.846
10.664
40.1
104.246
35.087
33.377
52.272
20.882
7.667
9.523
50.185
12.186
31.705
69.789
46.531
79.11
23.887
52.372
26.23
110.115
137.699
65.758
25.172
59.029
8.883
11.024
12.727
49.586
123.812
44.67
43.094
41.454
28.014
14.239
37.934
11.879
18
39.103
59.414
12.004
9.432
27.231
74.613
12.752
43.395
33.951
11.04
128.156
110.857
33.345
23.146
29.991
18.392
72.957
11.663
65.941
73.223
16.607
29.452
49.415
26.843
44.478
38.748
42.99
26.903
49.078
14.304
35.281
9.279
42.777
51.067
36.012
62.558
173.798
47.59
26.539
9.541
7.529
39.447
21.719
10.49
18.44
11.664
9.256
12.244
33.996
168.376
53.783
16.583
10.08
18.387
44.664
10.834
73.024
74.832
48.305
90.39
62.585
13.823
75.148
67.765
262.358
11.279
42.863
38.317
11.529
13.191
15.912
43.823
95.857
25.144
154.774
45.807
14.015
43.723
27.32
14.014
57.642
100.413
51.365
107.84
19.088
36.968
112.433
64.302
36.215
33.203
32.736
33.277
29.589
30.743
66.799
59.979
73.83
18.639
75.205
108.956
70.906
30.781
59.662
26.935
21.008
35.812
65.359
33.741
5.215
33.476
25.744
12.901
15.333
10.71
15.915
13.553
64.099
18.784
28.08
39.445
21.335
4.057
9.626
52.599
45.239
47.376
22.753
35.703
38.869
17.296
39.302
23.311
16.433
69.799
17.864
36.133
121.069
108.125
62.59
53.702
70.703
51.126
35.581
63.398
27.903
42.524
73.459
29.871
32.775
16.456
24.785
23.695
70.919
10.913
40.409
61.806
24.616
20.602
116.515
76.83
53.296
9.733
116.553
54.999
7.577
88.451
37.655
68.675
35.543
49.327
53.479
23.064
12.714
21.309
48.788
96.053
30.184
21.776
119.363
114.058
12.168
32.543
52.934
18.97
28.796
20.029
17.613
12.007
124.797
12.92
264.632
2.608
57.988
65.679
16.736
190.675
22.324
59.388
148.585
71.821
24.32
90.085
34.852
66.91
20.792
45.448
10.621
39.063
21.623
4.474
78.774
6.352
37.776
116.49
4.097
84.558
44.823
39.357
54.835
8.729
15.857
10.676
18.45
29.211
34.946
22.843
57.087
118.396
33.616
13.711
48.111
5.097
25.672
13.246
32.151
99.038
10.477
5.613
8.6
40.984
35.588
27.944
7.769
22.204
48.863
36.384
22.667
35.992
61.775
91.942
89.673
127.711
6.268
16.171
79.873
29.627
73.569
20.763
74.073
33.411
7.388
89.042
70.737
37.058
34.084
112.937
25.388
18.06
71.762
47.251
24.467
34.501
30.491
8.188
65.739
61.971
50.315
22.772
157.422
58.859
102.873
28.796
90.994
33.852
117.144
22.301
34.004
30.091
65.97
17.908
19.428
19.685
58.266
80.37
65.275
12.852
20.772
98.537
37.475
16.092
20.932
19.676
18.5
53.675
17.013
8.989
46.644
19.476
17.205
33.06
9.06
10.516
8.764
25.796
17.228
140.521
41.843
18.516
24.284
90.377
8.58
6.597
13.94
29.124
29.403
37.996
83.243
80.402
62.93
85.498
9.933
46.747
16.484
17.756
63.627
3.341
22.86
68.266
28.548
16.613
21.844
24.053
39.892
83.218
65.395
48.107
17.781
31.019
11.221
24.46
17.396
86.174
84.946
7.917
198.159
20.995
14.22
59.979
45.004
51.187
29.484
43.036
39.147
23.772
27.732
8.933
39.268
19.724
5.501
54.876
53.187
17.58
38.042
42.195
41.627
42.171
70.795
32.052
41.875
27.835
45.891
8.205
30.124
23.708
228.229
8.045
25.612
56.939
75.203
40.108
86.457
34.763
57.787
376.976
43.579
123.969
12.941
43.476
13.821
65.507
48.315
49.475
18.588
131.001
49.018
50.179
24.54
26.612
17.581
5.572
31.803
16.444
79.706
59.499
97.129
42.995
72.81
125.08
42.42
173.319
105.394
10.797
4.061
46.155
47.499
15.956
31.772
33.732
42.675
23.771
44.459
28.66
73.979
23.389
13.772
25.42
25.403
90.609
30.34
13.275
10.805
214.126
56.58
15.381
52.323
10.868
26.427
11.661
57.716
79.458
133.896
7.772
27.146
55.842
16.963
4.572
61.571
52.539
26.492
27.428
14.467
12.684
30.068
12.565
66.611
23.684
13.076
72.539
28.908
17.125
65.891
25.524
60.05
25.595
64.794
38.38
77.115
12.188
10.597
33.596
15.085
227.565
43.012
19.004
40.548
10.893
8.709
20.813
11.213
41.659
63.435
28.06
81.235
28.572
6.669
8.397
74.603
57.059
105.929
27.004
11.077
42.899
25.268
33.54
48.467
30.02
28.772
45.059
57.451
75.906
69.538
75.977
180.63
103.152
24.62
34.203
49.252
25.092
20.692
5.381
15.054
74.971
36.651
49.316
20.588
95.593
34.379
94.706
11.276
22.364
115.602
59.091
71.586
3.244
54.506
27.924
75.203
29.325
90.229
13.288
16.719
89.953
38.47
42.645
32.699
89.452
70.517
26.263
29.312
21.38
56.127
59.004
87.325
36.886
20.56
41.079
33.572
18.08
23.695
40.927
36.783
41.359
49.638
55.193
41.512
15.84
23.357
8.553
45.291
43.355
19.421
49.944
20.868
54.573
42.015
39.839
54.622
70.131
26.13
33.003
9.477
30.15
56.223
67.255
34.189
76.523
28.488
35.52
26.592
22.832
24.671
175.043
35.167
45.639
45.135
7.628
30.944
34.072
43.791
88.565
167.235
10.023
117.068
52.717
7.477
37.279
5.046
121.674
51.294
11.609
16.255
35.785
43.436
9.989
53.439
77.102
115.389
11.133
13.845
86.087
146.176
8.139
47.193
104.669
27.725
32.18
43.415
161.802
11.245
21.105
195.129
7.976
107.24
49.615
19.928
15.433
29.642
13.137
472.938
17.886
83.401
50.548
32.793
101.071
157.957
147.557
126.765
7.535
17.887
51.229
35.766
87.203
13.781
29.752
71.999
35.633
13.354
11.538
130.869
6.614
59.996
13.069
80.276
64.549
77.5
10.93
43.141
24.422
38.651
20.812
57.723
21.567
20.414
9.996
12.411
76.206
20.863
52.43
19.478
67.686
18.407
89.644
25.133
125.761
33.174
15.309
5.222
12.616
87.306
36.511
115.993
46.914
14.285
63.478
72.818
51.821
27.883
59.591
78.795
79.945
53.317
52.527
98.77
9.021
34.718
175.946
6.984
26.401
38.823
19.491
127.636
25.974
67.408
19.656
36.056
57.24
55.045
163.048
95.805
20.364
38.781
48.794
36.343
163.722
43.417
69.677
5.718
27.901
69.933
5.6
82.318
37.049
98.429
46.618
31.42
183.437
12.005
11.166
13.53
18.328
70.334
43.425
63.368
44.317
47.755
27.703
16.222
51.958
41.454
18.244
29.856
44.815
40.087
43.827
38.901
50.414
19.776
9.432
12.016
6.724
44.263
44.284
27.845
30.02
45.156
4.056
46.23
145.667
16.045
3.487
28.622
35.687
81.628
21.477
33.315
63.18
19.683
36.375
43.343
25.269
19.623
5.393
11.657
231.463
21.117
13.129
15.532
69.094
10.913
106.158
51.37
45.091
24.75
48.681
13.91
130.93
16.745
32.656
28.263
35.224
36.791
19.403
6.046
17.992
79.148
14.352
134.5
55.543
53.674
27.636
37.535
33.663
42.656
16.376
122.108
28.574
7.681
41.415
36.862
16.772
27.691
8.496
28.697
270.607
7.623
59.368
12.363
46.683
41.789
25.743
6.908
138.107
39.064
6.768
146.105
15.355
35.732
54.879
50.412
25.216
62.23
14.94
25.944
41.409
45.835
66.895
9.203
48.861
30.158
152.129
21.551
108.596
220.565
35.545
61.421
12.643
21.788
21.434
68.378
53.859
20.556
55.708
34.267
21.611
8.185
13.676
42.457
11.798
137.77
18.161
167.53
37.543
25.997
37.287
75.683
10.663
29.466
9.917
78.475
43.355
68.772
149.037
41.297
219.141
17.311
41.563
159.249
19.447
23.571
15.644
30.406
25.264
47.254
8.817
3.107
17.48
258.008
102.639
15.334
11.729
89.634
49.618
62.357
7.475
4.449
53.672
23.739
155.493
79.381
27.492
11.73
67.39
62.238
36.134
6.772
11.448
52.635
170.818
14.623
22.689
45.821
75.045
100.595
66.909
7.19
37.192
33.073
151.304
37.104
92.784
10.414
35.434
66.093
9.404
48.045
42.273
72.281
34.688
31.831
48.495
77.972
53.125
28.118
4.415
14.118
144.448
108.309
34.207
127.728
45.101
54.388
22.774
55.599
53.222
17.023
17.061
72.483
42.042
14.486
8.036
18.405
8.47
61.693
80.588
5.2
31.17
43.935
17.353
9.613
52.193
56.318
42.708
78.485
75.48
34.673
21.928
30.283
42.034
22.355
24.027
23.823
24.946
56.126
22.253
21.723
102.937
58.962
173.522
42.707
4.605
55.049
39.536
68.013
8.837
67.267
5.488
123.78
17.585
76.376
28.225
85.529
24.12
40.512
62.03
110.262
80.42
115.622
48.571
88.238
16.284
31.02
3.449
52.514
4.971
52.35
24.223
29.872
82.553
20.71
14.119
23.516
28.031
22.355
8.49
15.965
38.635
35.747
60.66
12.91
11.634
69.053
20.654
57.045
7.694
33.156
75.034
249.702
11.402
51.736
62.093
16.466
36.522
21.31
33.334
3.689
43.16
9.79
26.254
10.637
20.431
30.877
22.384
8.904
30.71
48.063
23.644
67.102
10.071
28.747
21.647
3.062
25.058
150.69
10.72
10.186
16.561
4.511
80.525
38.08
6.968
63.301
2.878
41.874
54.134
49.086
5.636
24.089
28.429
54.141
13.555
7.563
56.085
32.152
37.948
37.66
34.629
11.95
86.632
20.697
19.026
32.11
8.5
11.949
18.799
153.881
8.686
83.534
12.738
54.224
57.941
7.056
6.384
62.821
40.944
15.552
24.807
57.814
31.952
4.032
20.798
26.539
38.703
19.326
34.313
39.853
123.339
22.654
113.291
7.367
38.958
4.478
22.787
25.278
25.526
31.155
35.415
85.997
113.449
42.527
11.897
26.884
31.305
15.999
19.126
8.381
28.35
16.291
15.061
32.147
52.901
60.67
31.325
51.869
10.848
26.881
50.977
10.913
24.004
55.431
123.299
92.325
43.973
106.103
11.709
14.005
11.413
37.128
6.991
39.367
20.054
9.104
22.432
19.624
16.405
13.567
96.395
10.624
29.096
58.57
20.84
17.936
7.721
46.398
39.612
4.98
293.855
38.087
27.038
101.603
5.11
70.689
13.4
79.693
62.506
83.55
102.305
64.606
33.471
87.734
14.363
23.094
31.424
40.02
17.182
14.733
63.002
13.344
21.426
7.834
48.964
9.46
19.793
15.808
158.83
31.028
23.442
16.49
11.652
24.729
9.91
93.348
18.157
98.829
22.398
37.781
22.996
8.575
219.989
25.478
19.99
109.675
9.781
58.093
26.614
56.245
9.16
11.719
150.491
26.502
48.912
76.873
167.271
45.525
12.457
25.638
42.247
51.524
82.518
49.428
33.131
54.072
357.418
62.447
6.623
128.126
41.464
2.501
24.045
34.88
33.801
18.628
20.323
76.2
8.174
29.68
9.926
5.321
155.851
13.414
33.52
9.642
33.427
22.498
34.287
8.108
49.388
28.044
36.287
62.916
85.209
20.713
5.826
130.493
11.399
14.876
24.835
122.78
3.413
43.405
26.471
171.044
9.262
40.887
43.128
45.678
31.341
22.985
5.691
42.71
45.755
71.275
6.813
18.391
13.407
18.803
26.873
66.074
36.735
108.373
76.598
45.604
6.6
7.695
36.296
74.504
44.72
18.998
35.896
8.169
20.768
13.906
3.438
83.888
85.724
57.257
21.893
60.245
72.908
18.576
9.608
32.705
144.076
10.784
32.751
21.456
81.782
56.966
143.594
45.102
78.594
11.168
141.939
35.81
18.396
15.162
27.832
61.636
62.838
72.073
36.095
18.287
6.804
41.536
29.824
33.927
87.296
7.639
32.242
66.396
7.975
44.908
75.781
103.997
12.716
27.607
5.004
25.279
22.085
17.285
5.512
93.403
88.259
14.296
35.544
28.259
8.144
15.344
70.202
14.628
10.895
11.591
35.276
22.603
70.373
18.71
5.26
40.542
17.589
34.801
356.034
38.112
11.729
23.389
21.795
30.271
142.783
36.024
12.293
24.49
16.91
35.934
12.881
89.077
30.092
57.665
14.733
42.371
25.148
28.781
10.096
46.655
67.882
20.568
72.318
20.267
7.824
42.87
40.814
24.952
35.96
53.71
87.517
53.076
19.063
25.942
37.961
20.765
5.364
8.014
8.751
31.936
58.368
41.469
84.757
34.74
16.289
37.09
2.959
8.606
24.742
43.961
146.835
26.56
45.117
10.216
21.999
17.139
47.907
18.142
104.199
3.064
26.039
11.075
5.462
65.181
175.978
188.252
13.182
12.733
13.335
46.29
12.038
195.511
9.072
22.568
41.133
51.831
56.628
234.516
97.844
22.383
44.344
38.044
41.758
24.175
20.469
110.119
10.572
10.586
124.547
15.407
80.31
43.381
81.825
56.478
65.054
9.583
58.533
14.488
8.085
26.375
10.475
11.077
64.03
17.435
9.022
32.143
51.129
30.832
21.329
20.285
4.745
61.307
28.885
103.517
45.535
35.152
18.31
28.445
51.066
23.567
29.511
46.215
48.939
101.436
22.363
30.569
30.223
23.573
5.78
142.668
18.084
34.239
6.422
54.744
4.149
36.772
92.831
48.913
38.941
96.677
72.932
14.766
13.234
18.424
44.853
27.414
50.446
81.695
36.816
58.437
56.394
14.615
39.948
102.16
79.628
14.787
121.9
33.983
40.031
25.954
130.931
33.144
76.179
54.755
6.752
60.63
31.757
24.342
15.863
20.107
17.612
27.728
122.884
12.661
49.643
33.182
29.824
123.034
43.634
6.377
27.621
26.096
8.572
126.988
5.792
27.497
50.357
7.714
87.032
35.34
21.925
7.033
68.125
19.679
53.978
130.513
33.018
43.103
17.751
87.746
26.559
16.608
25.402
26.767
71.099
24.993
37.756
20.04
77.86
29.8
43.442
23.95
22.033
30.359
11.528
15.746
28.233
47.288
67.91
56.527
52.048
14.698
20.354
25.753
20.658
80.07
60.117
34.084
8.764
19.508
26.836
10.85
7.763
65.845
11.224
49.059
20.996
5.659
87.521
12.777
40.804
20.754
23.134
34.021
28.26
66.021
38.314
12.992
28.07
41.322
9.086
60.121
99.437
16.274
37.669
21.949
41.24
64.379
22.692
22.904
15.155
38.751
14.045
76.575
76.177
35.861
35.128
12.395
18.057
79.91
62.288
52.051
58.117
18.214
43.692
60.756
92.236
17.367
8.172
12.559
27.151
35.555
47.704
44.87
78.485
29.386
18.192
17.942
20.962
106.544
45.034
99.853
53.259
14.209
20.318
63.178
38.829
10.203
34.465
36.171
13.901
42.909
17.652
40.684
94.883
35.625
122.319
53.189
38.943
23.623
23.411
48.061
29.896
23.256
12.587
20.301
39.462
53.668
83.993
10.061
58.627
99.189
17.803
39.06
33.439
38.381
63.638
38.28
48.303
59.903
12.465
67.413
31.608
47.334
21.544
83.205
11.441
12.785
58.125
50.193
18.782
24.947
29.302
21.802
64.83
13.234
27.654
4.231
5.652
17.248
50.06
15.358
60.46
51.386
12.508
40.654
106.783
15.273
12.681
11.112
12.929
49.466
24.78
16.784
39.195
13.794
44.941
23.172
16.322
79.161
66.471
28.874
18.913
26.753
21.508
28.837
25.673
66.881
15.831
43.704
36.344
302.824
110.314
29.584
37.211
34.03
24.903
18.492
113.098
81.172
19.469
101.469
13.425
4.711
41.649
14.091
33.977
52.267
10.539
55.229
14.342
15.975
50.697
51.575
31.953
19.237
49.48
45.719
30.796
40.644
47.5
29.593
8.802
29.697
7.246
62.799
20.865
19.711
17.67
14.789
51.223
32.951
16.06
38.951
79.946
28.939
35.909
23.177
17.961
34.906
63.367
72.843
9.977
31.692
15.186
33.984
52.328
60.391
27.865
62.465
42.649
14.502
21.824
22.49
7.255
35.347
33.913
54.384
58.724
82.454
36.573
9.308
20.054
58.281
7.65
17.764
82.966
42.752
25.468
24.33
68.542
55.06
20.096
5.932
20.193
38.188
26.067
41.762
19.565
17.057
52.079
102.596
46.848
32.929
34.401
39.252
9.882
16.022
17.627
25.841
27.027
45.528
23.616
83.426
32.931
12.909
8.275
38.306
12.303
42.183
20.215
35.668
29.318
30.528
24.505
78.161
16.706
82.056
40.421
25.386
11.377
26.017
47.242
29.868
73.361
12.171
19.516
39.105
31.418
20.869
29.108
8.064
24.805
44.451
22.538
51.904
19.754
54.009
18.943
37.81
66.796
39.055
51.87
64.648
29.537
14.13
26.351
51.57
10.291
16.929
32.146
34.88
42.023
31.225
46.552
45.819
18.847
32.97
27.938
73.31
55.702
42.712
15.964
38.472
64.279
21.847
8.524
22.014
80.568
39.125
45.308
30.584
27.323
84.94
63.218
107.603
31.553
56.177
76.969
5.671
63.799
26.251
14.833
60.507
51.348
72.21
20.122
28.083
25.189
38.375
30.784
16.022
27.973
46.736
14.912
39.746
34.224
17.212
29.393
63.491
80.769
55.959
49.596
30.444
83.122
12.992
35.224
32.334
67.328
62.2
27.243
51.767
41.225
21.293
22.173
54.627
20.862
78.743
28.234
19.482
18.693
50.987
31.673
38.415
52.916
13.762
15.192
33.424
103.273
50.947
14.641
33.864
31.864
71.382
47.895
17.982
30.323
28.654
33.865
28.104
29.924
105.734
57.449
64.649
109.066
58.827
32.593
51.066
7.953
51.044
52.685
45.859
15.691
162.089
25.132
30.652
80.19
10.596
27.545
74.179
26.523
141.121
44.013
39.492
45.798
54.318
9.245
48.432
16.644
57.391
73.637
24.739
37.333
43.66
38.084
14.289
76.95
21.307
33.363
79.203
36.625
15.472
30.513
71.259
31.285
20.372
31.564
53.697
34.237
8.442
31.917
73.473
23.625
22.613
20.813
25.315
55.689
50.5
50.868
27.515
36.042
50.301
62.603
63.933
64.359
32.353
30.137
19.368
57.466
24.548
18.042
10.982
32.851
9.341
44.982
75.362
78.757
28.651
59.247
12.122
82.346
78.759
12.375
79.163
50.23
18.123
42.396
42.399
45.26
32.116
10.104
18.884
26.7
36.007
52.801
33.212
58.309
81.832
54.254
27.306
62.732
12.962
16.322
43.017
26.765
43.423
70.608
35.359
31.397
21.316
43.643
68.652
60.639
36.332
35.691
80.976
35.728
39.391
20.881
36.815
26.526
95.614
53.657
56.832
45.603
56.516
66.416
61.263
52.887
11.114
60.714
6.101
9.322
20.856
40.941
72.154
41.087
23.263
59.908
59.691
40.851
20.258
24.693
62.6
27.989
40.546
9.651
28.35
28.49
64.796
11.262
39.985
19.488
18.502
91.422
28.776
65.55
35.496
40.417
12.453
15.618
32.385
29.948
5.94
36.483
28.868
43.576
12.121
35.049
48.251
17.601
6.091
15.96
13.584
47.491
33.337
35.494
6.54
81.712
53.521
81.766
58.663
69.366
61.479
9.245
17.034
12.631
44.363
88.954
45.645
41.33
12.803
42.765
60.457
8.812
51.565
20.813
59.426
73.997
30.528
92.49
24.074
37.752
45.899
47.158
21.113
28.373
23.48
18.663
30.506
65.244
137.675
49.645
97.719
45.009
12.232
60.151
27.798
16.584
86.21
85.071
48.483
11.39
43.773
56.997
46.272
22.252
63.608
25.62
38.533
8.603
40.809
70.72
13.253
31.02
34.233
24.298
46.182
30.621
12.498
58.463
87.347
40.869
64.637
27.785
33.604
34.731
7.553
32.712
31.472
12.596
22.236
56.349
9.611
34.498
51.067
62.633
59.216
8.002
4.58
37.259
9102.64
15.831
27.282
9.411
30.615
52.018
10.757
26.166
7.112
12.403
6.494
21.756
43.705
32.35
34.239
60.601
32.079
17.752
29.257
22.982
18.463
41.7
20.256
78.771
36.644
23.072
98.925
25.839
47.627
54.351
30.972
14.434
6.18
43.725
54.3
70.35
47.192
14.257
42.146
47.595
32.794
23.675
31.638
8.187
27.361
20.692
7.757
14.044
32.396
42.166
18.924
25.82
50.365
48.749
55.786
11.465
50.973
49.881
18.168
50.536
12.677
12.533
38.4
22.014
19.816
42.569
68.11
27.431
76.911
25.824
23.251
71.928
34.063
51.488
71.641
19.972
32.266
6.12
59.94
18.827
44.348
5.817
32.524
138.672
63.115
27.168
44.971
19.968
47.074
31.967
30.61
55.636
25.932
40.572
18.321
34.236
15.44
15.812
17.276
103.86
22.803
39.548
72.457
18.724
56.797
15.543
103.186
20.375
14.536
47.554
39.896
34.084
30.958
8.381
28.431
64.808
14.095
19.89
13.735
15.916
61.877
54.581
21.1
15.476
16.849
26.981
67.943
47.168
57.769
44.597
40.507
35.597
12.222
94.327
33.567
19.533
12.041
18.742
21.022
31.356
74.578
22.002
21.321
38.555
6.592
14.131
54.066
9.471
88.35
6.1
39.576
33.704
16.512
26.943
47.424
22.362
18.842
26.974
78.208
28.783
59.21
4.701
40.607
20.432
60.901
35.855
26.614
32.513
45.736
63.41
11.396
15.203
21.169
9.104
11.522
93.388
50.545
28.403
60.077
67.764
35.616
49.423
58.282
27.853
16.808
21.494
13.152
26.411
24.008
15.838
34.711
25.287
9.381
18.029
6.741
56.765
47.471
18.689
9.517
49.373
62.979
36.644
4.04
40.132
7.918
25.268
28.896
44.428
20.793
21.004
25.227
55.259
39.746
34.764
55.788
13.632
56.884
33.82
60.226
34.439
23.915
23.827
26.386
23.143
12.501
33.039
12.591
43.268
33.252
52.125
18.377
5.444
43.643
141.953
22.933
49.653
62.933
27.756
9.522
65.644
66.113
16.904
15.469
41.521
9.528
53.973
11.923
51.546
25.468
16.901
30.848
45.473
110.473
30.41
32.149
55.782
13.844
51.084
30.41
17.252
14.301
81.741
24.019
16.413
13.088
61.404
37.791
14.569
38.039
75.924
15.131
39.618
33.805
25.953
23.933
23.734
45.405
43.091
42.488
33.329
36.53
48.769
70.087
58.858
77.772
78.857
11.922
21.361
35.333
9.401
21.957
26.319
51.808
109.476
62.168
42.887
22.995
123.564
54.821
28.615
29.973
108.851
70.066
8.966
25.476
28.976
15.494
13.35
25.455
35.401
27.967
62.365
64.755
8.656
54.942
50.469
45.621
44.008
90.183
14.733
9.572
64.605
51.111
40.268
5.684
27.186
19.965
9.599
51.007
37.64
109.036
37.695
15.517
11.803
28.234
27.834
19.266
76.422
41.057
31.01
73.412
83.633
6.727
40.4
75.474
50.327
23.257
43.831
42.088
35.544
40.864
42.247
14.139
24.457
10.666
9.243
21.954
45.024
19.772
26.889
48.247
82.78
41.552
23.591
12.786
29.498
13.488
63.143
35.793
60.487
76.188
24.098
57.741
32.553
43.105
46.895
40.649
20.533
31.992
9.788
33.692
50.152
31.386
33.649
49.948
76.966
51.207
18.287
107.539
40.992
74.503
22.346
15.61
13.874
20.898
36.889
27.484
48.258
13.608
9.48
47.631
30.402
24.826
30.794
40.713
53.231
21.801
7.195
58.96
75.31
75.149
38.457
14.835
73.254
85.828
45.494
48.72
9.959
9.77
65.567
52.664
83.688
27.418
25.777
27.492
15.946
12.936
70.143
46.584
9.776
5.672
25.803
60.584
48.107
80.006
46.824
153.786
20.361
78.861
22.905
25.209
17.242
14.37
13.705
37.405
36.393
13.052
45.344
12.234
36.353
72.151
56.295
36.175
88.356
10.968
48.632
71.249
39.185
38.306
55.925
9.291
54.053
19.124
57.166
50.67
79.287
127.392
38.008
9.592
63.485
69.349
27.756
8.128
62.502
19.428
14.941
21.775
70.886
38.669
61.926
100.983
7.331
24.268
48.127
47.381
120.73
3.349
13.176
8.452
118.224
32.461
33.452
50.146
53.139
36.469
63.716
7.85
99.392
32.993
112.756
5.32
32.329
51.423
37.939
35.708
36.972
71.462
8.003
28.276
32.003
84.346
34.301
23.452
6.761
15.172
67.854
28.996
72.371
15.411
87.653
24.186
53.966
33.652
85.345
52.982
78.001
42.516
112.958
12.803
9.131
34.58
71.149
11.308
56.55
11.572
21.707
70.486
22.179
43.462
11.051
33.637
22.899
44.141
47.327
18.076
28.764
41.304
53.901
51.541
78.766
66.564
108.479
61.838
68.245
35.02
56.069
22.556
58.566
68.662
35.721
41.477
148.537
41.972
56.819
91.213
117.903
33.203
9.721
96.946
35.326
43.733
74.098
14.094
52.843
39.939
22.24
53.217
53.605
68.6
65.8
60.021
16.073
35.087
73.06
70.847
51.825
32.977
13.789
79.67
61.428
30.436
41.06
43.278
60.886
24.066
19.47
108.167
63.705
16.877
31.466
71.968
31.899
57.171
47.751
49.662
29.548
28.498
99.623
63.36
29.65
15.497
41.893
14.21
8.463
34.126
5.115
142.431
48.725
67.103
73.51
6.296
30.692
4.196
67.813
8.379
31.987
60.845
49.374
42.279
24.399
77.606
23.116
19.044
117.935
36.108
95.815
62.277
41.484
20.588
16.971
74.342
15.371
50.205
65.357
77.644
30.741
69.43
19.075
108.402
10.253
33.884
46.244
66.737
32.259
52
59.309
45.267
85.583
18.18
37.17
52.441
26.145
89.339
91.244
40.268
28.239
43.096
67.485
11.915
26.174
27.545
124.816
94.116
11.348
18.002
40.718
45.769
17.161
55.78
122.632
27.684
23.488
8.701
48.529
15.768
53.928
45.043
94.959
7.922
70.985
17.641
20.61
95.441
48.782
8.45
36.931
7.224
10.491
41.646
7.772
34.418
95.657
56.611
32.944
24.769
93.111
14.688
48.418
55.774
38.828
9.572
29.65
68.227
12.343
62.982
55.441
19.44
13.195
12.253
99.326
12.874
27.066
58.428
32.083
27.653
36.428
85.104
12.763
65.09
20.14
114.221
100.298
23.84
97.479
15.701
28.109
5.05
31.894
45.847
30.919
26.215
4.56
36.448
50.541
50.233
38.605
37.358
67.528
28.741
103.215
38.82
48.27
26.56
44.151
15.552
4.869
61.765
23.883
46.814
48.396
5.821
22.137
46.964
106.339
90.627
74.05
58.819
9.915
29.183
11.614
25.113
41.206
20.644
35.785
61.718
61.507
25.735
81.909
31.724
49.626
24.983
45.246
43.155
13.713
35.225
5.681
46.197
30.694
68.929
9.451
26.214
77.097
60.51
73.498
10.821
20.454
9.042
68.39
78.338
20.148
64.06
22.199
82.429
28.317
69.94
23.906
37.582
7.337
53.267
22.824
50.437
24.622
54.309
8.821
61.701
55.776
64.221
50.864
7.068
11.812
58.814
23.607
51.28
43.324
40.822
55.547
71.732
78.098
43.665
22.962
26.798
49.913
53.282
57.322
32.797
89.627
31.257
41.297
25.351
26.28
35.917
50.39
35.654
22.708
26.579
28.837
10.462
37.778
63.679
27.089
7.453
34.012
54.799
45.497
19.533
55.566
47.49
20.676
23.175
24.082
7.539
22.327
23.323
99.399
44.967
32.577
46.052
88.849
70.539
44.812
11.854
16.023
90.623
54.138
18.3
51.507
60.938
103.432
55.771
12.941
24.007
39.368
51.039
47.658
126.561
40.121
48.335
66.525
91.809
44.142
24.004
13.768
18.916
42.892
46.607
30.707
17.802
91.394
18.472
44.419
51.428
16.092
43.805
11.34
90.031
11.019
75.821
39.677
44.021
39.128
26.669
26.99
45.162
32.799
41.068
18.271
30.424
47.551
41.507
36.777
60.384
49.589
106.567
102.508
63.654
94.668
37.734
18.355
15.488
14.173
136.581
31.176
12.053
125.754
19.574
85.937
29.146
23.955
14.976
138.294
36.533
99.029
58.551
66.119
34.033
21.968
49.873
41.553
27.218
98.796
50.368
50.39
14.023
10.951
16.362
32.152
30.741
12.932
64.54
52.041
21.209
68.135
38.213
14.999
40.578
55.634
7.171
12.053
64.725
8.411
65.035
28.532
7.865
29.476
19.042
65.974
17.895
17.809
47.017
8.133
82.547
14.592
24.481
21.487
23.219
88.829
71.051
79.389
27.24
22.128
82.817
35.044
70.33
14.033
40.082
53.086
28.952
5.011
58.509
47.066
5.433
54.114
34.373
21.124
8.806
5.581
12.805
80.987
41.718
83.819
57.543
13.543
7.921
24.752
28.949
21.418
55.692
49.427
12.17
32.714
49.139
65.784
97.479
98.197
87.007
87.706
31.965
76.345
28.079
6.725
76.119
67.97
41.652
31.276
9.083
37.989
36.712
113.596
14.339
37.451
84.352
3.279
37.197
46.541
34.531
16.462
32.609
42.729
25.215
39.303
20.406
64.862
65.989
39.056
95.3
20.671
23.684
22.819
25.434
43.182
10.122
26.761
59.342
83.894
18.882
41.348
46.28
68.537
19.035
59.895
31.015
41.603
32.029
49.94
44.434
100.23
70.998
31.752
27.935
78.98
31.466
38.998
15.722
46.848
42.68
78.037
8.841
33.438
63.605
13.602
57.816
14.981
36.579
92.303
19.248
18.539
22.739
54.89
83.498
55.19
38.891
47.49
13.991
21.243
38.321
25.83
12.383
70.746
74.956
58.627
16.312
35.337
49.838
20.097
39.707
4.681
83.904
94.91
16.919
48.268
68.222
54.868
13.671
6.013
12.493
2.311
36.367
11.801
10.272
62.304
36.762
16.642
44.551
6.983
15.462
46.773
7.331
41.662
12.536
32.846
7.46
49.055
6.891
55.269
52.802
31.722
66.515
23.888
100.114
13.878
8.475
10.232
26.486
11.602
38.751
53.474
12.398
36.979
37.713
57.549
204.081
13.088
26.87
125.192
132.762
15.618
97.583
46.527
32.513
169.652
18.777
95.629
14.251
31.511
18.238
91.244
39.379
153.254
68.074
106.921
44.819
162.923
35.789
42.199
126.546
47.422
47.606
18.254
47.911
31.494
68.8
9.365
34.054
82.863
64.454
95.601
99.977
53.911
137.786
34.11
128.057
22.182
34.694
41.51
64
11.118
150.187
18.902
21.142
175.94
43.214
66.128
93.536
43.403
35.896
41.167
90.001
14.789
88.048
39.126
27.127
98.722
141.947
194.492
56.047
20.39
86.088
8.118
43.094
92.297
50.94
55.983
74.681
67.153
68.424
23.366
106.174
255.526
83.744
23.598
9.734
106.561
198.75
22.31
59.448
8.062
248.047
69.896
72.336
85.936
67.465
18.033
61.287
16.871
47.344
76.208
12.588
38.767
14.986
33.921
47.785
27.795
12.204
14.915
98.977
31.07
96.904
72.815
25.997
75.008
45.215
37.894
20.75
25.83
174.794
21.522
99.848
35.772
96.935
27.923
4.773
10.26
11.22
20.7
40.281
33.067
36.023
141.54
99.983
90.696
86.783
9.631
13.679
103.011
52.634
108.154
10.343
136.403
28.047
33.445
14.71
83.339
82.106
46.557
88.106
110.056
106.801
43.226
54.841
128.093
4.841
15.232
3.497
22.65
31.865
26.025
13.521
122.854
313.876
113.356
16.977
20.2
53.969
18.169
92.418
34.577
68.659
50.722
95.299
149.111
4.568
13.033
77.579
71.147
51.475
6.968
28.577
29.015
11.169
11.953
15.85
69.807
112.947
5.949
38.236
123.889
42.376
46.59
81.192
9.854
20.847
67.368
37.775
86.289
69.417
55.88
11.694
18.383
10.262
100.721
55.167
29.564
21.487
76.264
48.495
65.784
94.611
18.183
20.495
32.944
10.574
180.24
85.218
58.457
43.871
181.541
33.976
62.591
33.518
188.452
48.616
20.838
29.447
68.721
6.182
16.087
42.487
10.671
94.85
46.281
23.249
25.262
22.191
50.317
16.147
38.02
66.037
37.532
18.516
24.365
11.309
45.718
29.949
183.243
48.118
16.428
44.958
32.575
22.181
47.775
64.72
56.853
28.46
128.393
55.711
66.007
82.671
128.541
117.761
76.987
19.013
42.36
62.395
49.405
27.258
29.552
89.535
29.844
103.638
55.217
17.94
65.145
63.065
120.657
20.798
58.974
30.47
23.702
59.831
15.23
24.47
5.71
29.654
82.218
9.654
49.4
33.486
51.408
64.686
75.904
209.242
10.726
82.041
15.343
83.899
151.808
53.446
88.265
38.599
23.806
102.479
29.67
36.64
66.431
113.834
79.104
23.933
32.079
18.951
91.264
59.089
11.382
137.203
70.451
23.186
37.732
20.829
8.213
9.511
78.05
12.829
204.563
82.657
50.567
76.265
138.97
83.29
94.026
91.978
19.271
54.416
12.165
111.842
12.478
78.241
103.554
77.601
185.38
51.623
55.048
56.928
70.808
31.903
39.615
8.615
66.143
72.465
47.32
94.401
137.923
62.768
4.278
36.304
41.976
30.687
65.471
32.711
37.544
80.425
75.68
31.024
39.52
30.175
43.312
28.279
53.696
20.432
63.484
31.742
60.678
47.108
159.065
150.628
32.068
36.952
10.883
43.08
23.181
101.095
80.554
76.744
111.51
21.281
82.453
110.222
70.527
70.066
84.581
28.367
108.098
47.067
69.374
42.284
9.288
62.113
27.754
22.417
56.007
40.137
44.56
58.699
107.16
124.557
43.9
107.74
123.237
64.172
83.539
27.003
120.588
111.117
9.371
42.863
29.893
84.251
131.871
46.96
67.028
96.34
57.169
46.573
53.7
55.593
58.007
56.214
64.57
66.244
37.451
105.083
82.45
55.48
168.424
48.22
16.024
88.054
56.55
97.543
9.44
33.837
62.564
49.9
35.731
26.48
91.53
10.22
29.023
47.477
80.949
122.95
18.481
99.824
7.067
44.964
33.788
105.124
81.149
128.417
61.064
67.27
42.275
56.311
88.124
70.907
33.87
54.447
62.583
24.178
50.833
39.417
123.655
25.736
47.837
62.28
156.528
53.073
82.074
13.676
44.007
163.942
106.319
108.667
78.626
122.037
24.96
23.667
72.233
99.55
33.099
91.284
16.42
36.084
70.901
98.722
71.114
46.98
45.987
16.237
123.621
56.624
104.761
35.277
137.489
62.497
121.971
119.152
40.623
107.202
8.253
97.41
46.56
129.757
43.487
48.237
10.17
18.978
77.668
106.267
50.12
13.868
39.487
137.505
8.825
60.989
97.55
41.103
47.063
77.137
67.023
55.252
35.14
38.791
21.89
157.987
40.063
90.739
38.531
73.197
26.813
62.362
34.704
88.881
18.052
82.123
38.315
21.613
23.302
21.752
20.703
33.243
77.949
59.226
24.313
11.741
25.512
138.117
59.987
5.34
20.383
33.513
40.236
51.65
45.808
38.356
39.277
99.244
57.937
24.984
31.423
51.467
44.816
101.013
30.614
41.345
30.123
28.264
7.52
220.888
23.871
42.365
17.993
24.873
34.023
52.105
83.26
23.392
14.762
20.302
34.354
22.463
14.061
55.547
75.171
90.913
128.731
7.741
20.503
62.219
17.612
30.695
52.677
112.616
38.596
57.847
68.68
12.231
27.224
20.832
24.724
47.185
3.92
24.924
68.427
81.121
27.264
60.046
3.73
52.587
43.004
82.969
63.188
22.842
10.301
84.708
51.405
49.095
88.842
55.927
18.262
87.922
59.548
11.471
82.719
64.228
84.88
97.189
67.599
50.513
75.826
39.759
59.001
27.423
26.326
48.066
23.369
68.961
19.224
30.265
33.441
11.24
66.218
34.874
27.985
50.985
37.53
23.969
17.018
18.345
83.547
74.506
61.621
40.216
68.713
149.133
174.422
66.683
52.162
37.81
43.882
27.186
73.436
63.001
50.14
48.871
45.513
27.746
76.731
22.881
14.201
49.419
45.522
26.691
11.369
28.298
111.773
29.09
38.571
82.123
121.563
35.73
40.71
18.908
88.442
31.174
41.364
21.882
126.155
47.625
15.416
64.018
24.313
35.624
56.226
65.877
56.818
152.127
50.836
158.448
51.565
31.944
10.462
108.903
20.942
10.272
86.371
42.645
64.767
79.69
51.826
55.866
47.126
45.064
250.991
21.462
16.442
30.134
74.349
92.681
78.118
34.505
15.35
10.523
16.35
42.054
15.478
35.799
16.806
26.014
17.792
20.687
55.521
64.527
24.981
28.613
10.541
64.96
14.748
77.958
58.831
21.108
7.021
54.79
10.926
51.99
104.953
24.557
37.67
60.143
126.649
30.278
41.943
33.925
92.488
17.718
70.992
39.411
74.735
60.959
51.278
35.038
126.201
34.415
71.519
44.92
21.433
101.927
15.423
125.476
20.789
98.202
68.87
93.853
6.18
40.171
18.606
7.497
187.682
29.097
49.639
110.054
71.466
34.896
23.081
29.863
47.427
69.2
31.663
22.844
31.286
15.223
110.267
34.214
22.767
58.178
49.466
50.362
15.243
15.663
36.322
36.711
40.266
76.27
52.596
24.994
76.879
40.38
41.901
50.673
44.296
16.03
11.673
29.626
57.644
89.76
23.793
105.163
175.896
62.49
64.735
80.05
24.733
93.276
35.492
19.013
192.522
32.353
42.956
56.061
10.147
19.347
64.527
31.72
8.114
40.184
59.95
103.655
44.046
68.236
77.527
59.912
116.289
45.767
48.467
67.642
21.839
23.069
48.986
82.376
49.447
87.662
45.82
64.043
33.29
88.036
29.819
82.766
56.35
31.73
25.944
29.357
58.202
89.092
108.512
94.162
114.95
49.793
15.306
48.207
27.775
68.516
21.591
46.08
68.916
66.603
91.839
22.253
67.699
19.753
44.37
57.446
13.377
95.889
147.046
11.157
68.303
44.64
79.002
88.12
49.889
29.716
35.346
8.79
51.983
24.68
9.08
46.369
47.383
31.988
25.273
26.122
6.37
120.096
37.705
240.789
98.977
49.728
110.01
21.271
62.659
67.355
195.462
39.011
15.747
44.097
118.909
238.788
40.286
32.26
64.299
32.121
21.004
43.965
6.137
43.601
247.589
19.572
127.431
17.086
24.095
82.193
62.234
8.207
27.218
50.72
62.997
36.764
30.893
16.385
15.689
102.256
7.554
16.34
101.518
13.973
66.419
56.503
23.714
81.895
22.685
52.469
32.739
20.05
27.484
27.746
53.619
26.139
24.468
13.655
59.312
226.35
83.281
34.098
7.849
63.523
229.648
94.709
20.551
46.024
31.812
43.105
19.342
91.782
27.313
119.05
2.006
79.198
90.33
68.357
45.884
72.953
31.193
34.492
148.178
62.01
12.645
50.19
14.505
40.015
42.508
34.81
35.497
8.211
153.516
83.083
23.637
6.886
62.494
29.624
46.718
25.73
27.317
56.38
37.16
144.518
173.236
59.557
34.82
81.38
97.843
39.483
14.43
19.375
120.681
144.589
38.639
45.629
56.746
57
199.417
23.366
45.502
24.051
45.095
12.893
43.16
64.155
3.568
19.611
27.094
21.823
8.272
193.603
6.047
206.956
45.5
531.746
27.681
7.163
22.885
48.973
27.107
10.214
128.607
17.531
92.272
22.127
38.407
54.282
11.194
63.677
32.988
17.343
35.116
48.631
104.245
6.901
54.087
71.245
10.338
24.178
61.405
39.67
31.044
31.133
42.012
62.847
27.76
23.816
21.534
30.514
73.066
36.251
219.205
70.656
131.435
23.402
208.791
39.364
28.779
264.037
22.617
31.59
129.53
5.076
58.568
35.679
24.293
4.429
103.204
60.184
14.676
60.557
48.023
76.382
14.828
41.445
3.734
66.155
24.251
112.486
10.339
33.884
16.959
23.62
49.812
27.072
601.713
39.602
8.255
66.485
35.705
31.7
16.822
35.68
24.287
12.101
28.37
156.622
5.291
41.181
38.138
73.694
77.945
42.407
138.302
105.408
15.941
92.214
10.285
18.499
19.13
31.444
22.479
8.672
38.821
128.185
22.176
29.789
9.465
91.394
116.338
42.661
93.375
26.155
22.01
66.819
36.165
41.698
27.442
36.242
37.763
31.949
5.429
64.458
30.603
88.95
55.607
58.415
24.594
13.588
168.043
356.96
67.396
14.093
9.838
195.089
81.305
79.719
36.163
132.246
15.499
31.948
27.707
48.903
15.892
39.421
54.138
38.474
17.563
26.408
65.134
33.694
145.782
9.685
17.498
65.532
7.668
159.936
44.853
65.236
148.649
109.502
130.631
37.185
40.21
22.649
15.23
27.425
5.384
43.373
40.578
40.217
6.62
8.765
105.437
115.151
34.025
3.469
105.783
80.437
28.835
3.221
58.692
8.919
43.197
31.876
74.678
42.15
35.301
13.349
22.257
5.702
81.077
14.021
7.952
7.356
90.524
45.661
74.489
26.774
27.197
50.159
40.15
49.078
10.711
50.214
15.361
7.218
86.542
26.081
34.267
49.281
265.779
17.161
124.619
32.509
68.842
51.786
19.152
116.118
20.098
9.128
61.432
43.712
24.058
112.851
46.238
28.945
41.864
42.335
42.248
89.135
114.722
48.213
15.062
96.571
70.026
53.04
72.041
42.229
23.026
73.438
305.682
52.991
13.39
83.915
8.06
12.223
10.874
21.573
6.748
55.422
28.827
77.267
15.226
13.663
7.646
22.037
128.64
11.495
34.735
25.054
25.341
133.277
37.502
112.152
130.896
6.146
73.974
28.324
21.736
70.492
78.74
22.102
74.116
13.568
39.521
61.457
16.078
185.465
48.208
121.751
30.704
24.887
9.336
80.669
123.313
70.01
108.804
8.024
16.535
12.604
44.128
6.499
11.821
59.439
13.286
2.299
16.109
28.529
11.459
52.923
3.176
51.31
18.722
60.05
26.149
23.322
59.615
202.658
8.717
436.475
177.418
35.856
30.281
49.782
36.46
41.102
95.739
19.381
11.302
7.639
67.85
166.949
5.993
66.062
26.056
82.975
28.93
51.441
138
35.339
233.365
10.871
66.519
19.252
36.822
40.872
48.017
25.683
42.122
9.997
20.949
15.632
65.5
8.979
215.043
26.557
26.142
45.65
108.709
57.951
18.726
43.616
13.746
133.348
22.717
12.731
91.432
32.158
20.736
183.576
708.587
15.306
15.4
37.761
9.804
38.955
105.546
101.232
57.247
95.898
44.275
80.659
38.209
46.105
122.595
104.609
9.809
13.339
19.187
81.866
30.005
64.32
71.518
22.741
51.15
41.692
22.443
37.109
6.291
12.12
17.106
21.54
3.583
44.339
22.68
141.818
44.881
99.266
20.74
79.558
47.612
38.681
95.093
43.731
37.078
40.052
5.233
4.282
107.681
15.106
21.051
51.306
419.194
7.298
10.796
34.499
111.459
31.793
51.663
19.967
27.601
150.551
40.705
153.184
48.982
5.251
53.268
15.865
15.898
25.613
69.211
132.191
10.717
12.793
130.918
26.387
87.621
5.844
61.979
13.363
40.879
24.064
91.994
65.869
53.639
47.243
14.888
9.693
49.255
66.633
76.378
3.806
428.433
17.279
71.02
29.462
77.687
114.917
14.84
69.545
22.263
26.781
26.418
122.726
22.002
82.987
18.028
7.371
182.777
45.811
28.621
14.595
106.436
33.852
262.586
22.725
66.298
91.012
22.642
71.478
91.245
34.252
161.865
103.058
327.109
117.394
83.578
52.869
8.688
94.593
206.229
35.254
11.448
135.232
80.709
15.536
29.726
61.716
24.76
68.226
188.297
36.634
27.372
61.331
6.626
64.56
42.785
57.068
61.848
24.939
72.453
73.148
63.679
79.463
27.779
10.618
154.734
33.242
72.807
18.925
26.031
241.531
9.544
37.744
40.256
76.918
36.11
38.393
10.419
127.67
10.029
118.858
14.111
21.909
73.151
92.687
26.851
16.892
45.237
16.043
16.246
55.694
40.667
60.571
41.513
108.457
39.854
74.857
39.517
5.816
3.144
17.571
24.306
33.501
382.239
83.913
37.806
56.866
73.296
218.768
74.112
50.106
112.186
16.103
6.265
44.251
83.522
36.399
34.703
14.792
28.238
53.966
32.278
64.858
13.402
20.457
200.322
38.152
156.366
76.583
11.071
101.108
44.163
19.46
30.101
35.361
163.307
29.101
31.125
35.537
45.386
75.638
132.454
23.233
10.968
26.979
49.831
14.807
98.611
53.008
16.873
14.98
2.928
52.259
99.551
101.843
151.204
61.344
75.182
42.622
10.217
20.251
46.735
44.813
11.022
8.824
15.533
51.294
28.658
6.232
342.287
21.828
108.24
117.542
32.072
14.978
119.584
12.106
17.142
52.417
108.176
61.061
50.22
3.27
231.754
29.126
26.352
42.742
210.119
7.218
34.332
128.773
27.558
26.418
19.393
34.794
30.744
62.369
51.74
7.235
19.741
6.403
41.715
12.293
10.728
12.942
160.303
39.247
62.325
17.834
24.954
19.843
141.153
36.943
32.74
58.998
97.424
5.75
70.891
16.429
7.419
14.773
26.062
20.298
8.781
46.292
163.333
18.173
43.965
34.75
14.542
21.205
204.919
20.024
8.259
12.869
43.416
181.746
104.334
51.519
7.297
18.438
17.43
32.57
86.351
15.191
16.456
31.092
226.011
17.209
12.828
187.855
13.072
29.066
21.349
28.005
10.265
119.51
5.178
41.439
19.719
37.481
13.96
21.652
6.872
16.623
7.943
38.862
420.998
10.749
33.601
176.84
15.616
35.756
55.399
213.792
19.322
40.467
62.924
70.349
11.848
42.679
52.7
16.729
82.296
44.912
12.189
90.199
28.991
12.97
191.335
10.115
60.206
114.521
18.853
29.254
11.581
63.044
16.947
25.442
46.916
7.837
4.015
28.452
53.233
71.829
206.101
37.305
4.085
57.869
12.243
8.118
248.909
80.863
9.223
223.013
37.326
23.577
35.824
217.456
39.14
43.003
26.453
18.094
159.333
134.136
10.751
4.345
9.353
82.913
43.09
100.512
58.053
53.114
37.166
27.632
14.589
27.663
2.397
46.679
17.734
17.802
17.224
1.831
6.278
23.973
134.364
24.34
111.345
30.256
17.826
48.983
50.669
75.999
21.26
13.461
28.56
154.238
23.942
33.792
5.543
9.239
14.648
66.903
42.314
74.554
48.765
44.028
393.448
67.126
6.014
57.585
30.201
29.657
12.24
15.611
18.772
44.202
110.835
81.399
112.167
34.519
181.741
123.668
167.095
16.612
21.021
12.588
106.253
164.11
66.227
19.347
73.961
15.665
8.747
155.031
113.518
51.041
13.083
75.92
30.448
46.171
10.853
17.117
32.306
59.901
49.051
105.465
39.008
102.156
148.469
94.559
24.767
29.354
12.216
145.992
22.269
27.443
41.966
177.622
63.405
51.633
53.544
25.936
17.881
20.812
86.947
53.956
9.202
4.004
10.097
23.329
40.813
74.846
18.242
121.678
54.91
164.644
49.636
114.443
50.768
38.954
7.061
14.984
56.839
21.374
13.276
8.505
26.581
16.413
72.225
36.281
59.113
29.059
48.858
39.129
72.594
32.73
101.362
124.663
58.718
58.38
24.603
160.065
88.637
162.445
17.238
34.586
28.738
26.029
39.189
121.985
11.291
16.581
109.741
23.838
128.797
22.559
2.861
26.431
85.668
9.992
179.003
67.759
48.489
17.283
52.545
5.443
45.616
34.324
105.624
46.87
27.634
78.44
106.548
25.214
20.38
63.527
77.52
73.042
49.318
57.12
46.212
37.001
8.872
84.086
23.58
158.389
143.399
35.218
15.429
14.768
39.356
67.336
49.372
43.091
57.853
185.787
107.383
4.69
8.202
12.938
55.089
3.158
7.899
15.267
10.587
29.865
6.432
147.087
280.321
9.05
37.359
47.56
79.54
357.96
51.548
20.131
26.279
14.16
104.426
46.248
27.668
31.115
94.886
117.155
10.439
32.637
16.391
23.59
67.391
2.258
7.094
84.756
9.691
21.912
37.906
41.228
80.264
36.146
53.761
13.956
51.334
43.418
113.033
74.262
73.891
29.015
54.666
8.976
24.222
48.669
19.726
85.521
72.253
31.147
26.963
59.343
268.04
43.641
73.167
37.481
45.554
9.203
97.104
78.607
22.551
29.069
31.778
83.215
35.797
196.825
53.305
10.283
13.986
19.238
55.873
48.211
40.771
47.297
57.187
46.762
17.684
19.797
8.747
159.715
71.074
6.539
7.275
19.019
20.283
216.305
25.541
2.149
6.32
16.62
95.516
26.919
25.46
23.551
13.642
18.433
32.863
43.758
90.952
186.086
95.967
20.627
302.96
40.253
8.741
5.076
60.519
7.604
38.655
12.681
13.162
32.516
110.082
70.214
43.157
10.257
23.411
59.915
101.093
33.387
15.08
42.508
17.131
26.302
63.436
58.758
8.267
14.845
12.964
6.473
43.05
91.721
14.443
31.223
214.922
9.84
80.545
5.45
20.114
390.537
42.545
39.239
9.805
51.776
18.217
51.024
373.348
111.408
23.215
4.592
25.601
69.684
62.995
18.33
8.605
91.62
47.364
11.679
40.468
54.499
90.911
67.172
89.711
37.476
43.546
62.973
30.416
171.579
23.298
39.784
41.047
13.273
51.547
13.583
44.37
14.409
76.029
29.531
22.185
16.872
25.806
20.861
32.501
45.185
44.674
71.226
4.362
92.858
13.131
24.368
7.933
7.808
9.962
81.383
115.089
15.532
112.604
26.378
40.917
22.774
158.453
12.164
42.163
14.427
23.774
193.747
30.342
9.761
253.286
25.521
29.935
60.458
9.463
8.386
71.844
12.738
104.32
20.885
40.401
10.537
81.382
10.931
3.771
14.016
25.119
18.906
18.496
31.389
219.211
59.139
40.643
17.002
315.904
14.98
43.254
11.619
40.905
69.976
50.288
14.368
9.109
81.101
197.198
63.3
22.268
16.958
56.025
17.237
206.983
24.351
75.463
88.815
83.491
3.751
53.184
57.786
523.043
17.834
14.251
140.876
65.894
13.209
17.282
13.459
13.238
47.592
63.378
98.191
15.709
84.257
78.354
236.117
3.534
16.005
19.124
28.164
34.924
3.034
44.083
13.016
35.449
39.407
83.263
19.923
411.715
195.385
11.935
47.505
34.911
18.036
39.959
20.584
29.434
28.305
98.917
14.901
45.465
21.966
77.644
74.032
98.845
33.562
21.952
68.791
127.924
20.782
57.354
7.483
44.876
22.395
22.539
14.76
2.534
17.239
10.558
18.787
37.503
124.32
25.29
18.395
6.251
106.237
117.505
29.275
17.76
29.311
106.909
26.143
26.219
49.76
14.571
26.831
88.622
49.218
33.635
27.442
85.327
56.853
15.87
110.087
5.97
11.977
25.145
316.708
26.128
27.037
21.171
190.867
57.659
64.432
71.641
20.615
8.975
35.879
58.621
203.613
15.94
5.997
3.75
56.587
44.742
31.705
206.828
225.77
12.754
85.295
10.811
32.851
30.208
44.532
20.121
88.086
37.808
7.649
16.697
124.282
12.507
68.754
23.503
104.916
359.214
179.281
62.054
54.158
5.421
70.966
242.898
43.539
36.615
87.638
30.721
42.484
91.3
69.628
22.506
136.837
73.234
274.204
113.969
18.377
29.62
61.701
31.102
33.108
65.3
148.85
27.668
103.549
45.168
25.897
49.207
278.726
47.473
15.745
12.024
17.842
38.065
42.161
23.105
16.368
71.312
21.013
54.811
7.89
76.951
44.572
498.596
21.181
174.987
74.716
81.758
98.249
31.435
7.222
46.328
398.359
25.7
39.99
143.257
9.038
82.007
65.318
44.328
30.28
10.98
48.897
46.844
57.43
105.319
44.625
86.883
28.853
60.193
44.267
28.775
21.283
9.987
24.874
17.895
7.178
15.374
231.864
9.3
28.497
23.187
51.056
52.994
44.61
13.602
39.042
81.758
38.625
253.194
113.673
41.436
23.597
89.94
583.77
18.984
16.743
32.293
82.571
65.904
49.934
29.594
127.499
51.766
23.726
35.653
225.301
53.242
45.058
9.058
19.703
25.874
14.36
48.511
7.244
61.169
37.439
2.828
140.294
57.08
149.151
121.402
23.625
23.4
70.552
60.466
178.752
154.207
30.106
75.427
217.825
171.478
41.124
15.975
25.51
58.872
73.571
5.47
55.445
19.208
56.684
23.81
75.565
18.527
9.663
44.949
17.034
60.402
107.503
84.273
31.821
24
187.118
56.535
53.12
179.453
33.184
75.135
74.572
130.673
4.908
78.801
143.172
25.649
26.188
105.406
44.418
7.677
40.51
138.184
71.008
44.979
11.947
41.043
8.431
11.068
50.746
70.916
8.69
5.746
25.048
100.71
46.866
9.679
19.301
41.598
109.503
11.315
19.74
120.466
64.374
11.919
36.246
9.447
102.972
117.762
5.357
5.352
6.176
80.409
73.739
50.158
50.073
12.164
8.751
234.26
24.762
12.846
59.611
116.496
23.67
265.809
88.052
13.602
127.903
118.953
71.551
32.889
27.411
104.558
42.569
64.688
3.088
37.427
195.829
37.66
20.961
28.5
8.624
44.717
7.329
25.876
70.156
17.152
124.39
150.219
15.717
153.4
11.164
179.109
196.791
32.78
8.072
81.005
7.479
54.978
49.498
68.947
192.406
81.901
8.668
19.215
24.914
123.328
29.248
20.589
21.19
58.833
131.796
25.952
98.819
106.638
158.067
244.295
12.979
68.69
7.016
36.49
12.16
48.574
3.817
75.661
21.548
110.64
106.178
25.671
36.259
21.981
46.886
22.739
4.171
130.886
6.655
76.31
13.173
265.3
54.238
222.637
76.214
79.878
3.254
11.473
66.169
78.596
3.759
12.076
55.719
15.828
92.757
38.01
15.882
19.207
17.455
72.639
32.718
13.389
177.039
13.498
37.718
97.871
52.227
36.808
85.945
14.076
10.296
73.349
104.41
11.021
3.048
4.129
8.216
23.019
10.925
35.333
4.873
32.348
31.681
15.075
83.468
126.672
96.205
37.169
33.136
18.649
11.789
154.965
27.931
5.619
33.905
15.464
55.448
34.454
24.928
30.728
57.031
106.75
83.033
15.846
21.396
31.033
18.894
151.274
3.063
11.818
12.324
29.622
37.295
40.624
337.914
7.251
58.767
10.403
21.41
87.111
32.972
83.033
32.038
18.851
16.521
15.965
26.069
108.402
133.491
33.549
30.567
54.637
28.813
72.555
22.975
10.709
4.029
34.582
40.668
59.355
15.302
10.277
30.365
32.911
30.758
49.495
16.91
2.441
5.973
9.271
125.26
36.927
262.802
21.835
59.25
35.362
9.01
22.431
49.894
74.734
64.934
56.246
26.274
32.698
246.185
28.417
25.014
12.941
29.576
8
21.54
139.476
10.55
33.967
5.824
65.4
12.908
114.007
6.552
47.305
15.103
39.102
89.191
112.437
59.895
30.961
28.92
308.802
42.203
12.685
29.211
156.033
51.01
70.277
81.545
69.521
9.668
21.205
47.045
326.066
14.67
15.965
14.19
106.024
26.164
22.34
7.235
18.768
10.182
32.118
37.195
33.817
14.55
150.052
110.169
99.874
25.036
20.087
18.269
65.491
4.502
48.243
77.619
3.26
14.448
164.733
33.756
3.495
16.671
26.651
71.605
22.855
49.794
16.735
54.382
39.724
106.596
140.258
15.624
70.834
25.25
37.464
17.927
87.536
17.837
19.742
23.879
17.571
10.132
57.386
32.193
33.426
19.912
55.451
22.213
34.083
29.746
77.204
12.501
215.404
108.41
9.251
60.402
36.197
15.236
51.331
15.233
18.017
122.672
35.069
69.74
63.412
9.895
28.492
18.14
18.467
22.403
19.806
166.961
3.738
18.259
287.145
37.41
17.741
38.013
23.303
50.762
18.767
18.081
17.695
143.815
27.794
9.026
11.601
42.138
31.682
12.586
94.525
52.539
20.783
29.7
106.122
24.867
9.04
116.883
6.302
17.538
22.886
102.533
67.707
13.011
16.739
28.059
14.104
5.379
45.057
36.231
9.742
34.263
15.784
84.836
17.682
34.561
23.783
5.162
12.767
4.204
43.66
28.387
30.536
64.565
3.14
68.5
31.745
7.491
6.423
32.467
38.025
38.401
22.708
11.741
25.477
33.774
76.014
20.784
27.663
15.937
31.353
17.3
19.805
103.725
45.109
12.245
32.081
25.38
20.167
26.453
100.712
47.491
55.375
6.378
175.521
22.892
320.583
20.368
46.097
53.954
57.159
64.184
18.016
18.361
6.963
4.743
75.094
14.154
52.375
42.266
25.512
48.592
2.518
56.104
299.751
25.901
26.372
44.388
72.495
69.953
46.076
9.666
4.358
14.524
155.532
1.88
27.749
5.359
20.447
33.976
55.095
16.458
9.403
170.217
22.249
10.933
27.236
77.408
9.352
18.483
16.186
32.449
8.511
89.303
46.301
17.389
50.58
54.607
13.942
16.138
39.94
49.442
31.84
51.313
17.718
10.791
52.266
38.735
32.807
35.174
29.001
22.101
6.764
59.305
20.746
8.652
404.061
22.792
37.958
167.645
12.486
5.282
8.203
7.03
7.059
39.633
53.717
7.981
234.499
9.991
11.857
36.247
20.32
26.526
114.463
40.547
69.827
18.418
38.381
7.864
14.316
4.869
18.082
10.356
20.916
74.309
199.403
15.48
6.361
31.984
168.893
13.421
93.171
60.896
41.581
20.149
35.312
82.868
60.128
25.586
87.833
163.266
36.104
84.11
40.335
23.647
12.82
62.843
59.33
3.779
21.552
5.923
14.492
38.329
67.251
19.506
40.02
6.858
22.815
41.028
100.57
65.674
16.995
13.292
7.844
22.443
8.019
26.451
10.652
3.78
16.891
153.818
45.003
42.666
13.216
53.05
250.513
20.979
22.168
42.535
20.842
29.7
22.465
55.39
32.146
8.174
77.495
24.713
3.926
28.042
30.211
42.746
336.771
56.794
32.462
21.235
95.364
38.373
14.976
48.511
10.408
24.521
26.797
126.95
13.906
19.009
85.476
30.955
18.164
62.535
30.89
33.091
2.538
7.164
50.156
23.071
38.621
3.096
50.288
31.481
49.406
42.337
31.881
42.587
8.819
32.206
10.109
7.284
2.908
18.204
107.421
17.655
18.93
11.168
14.669
88.993
28.795
53.439
53.34
96.798
77.269
256.972
7.375
260.937
51.367
41.85
28.767
63.847
116.1
44.19
82.44
61.846
34.521
92.337
60.868
63.904
154.664
40.158
6.604
2.578
113.625
12.678
37.453
233.391
34.2
43.645
5.631
17.424
41.151
11.338
120.674
22.541
49.607
58.193
107.794
5.909
24.834
27.504
25.796
47.893
34.625
192.61
33.248
35.507
32.49
13.744
632.529
30.367
61.017
75.448
74.696
7.16
9.246
125.155
65.926
18.656
5.273
21.361
30.761
76.593
21.757
17.835
100.629
23.647
50.776
21.995
68.946
20.869
48.61
48.918
64.028
9.482
39.573
7.541
15.328
54.091
33.562
31.962
41.26
36.293
6.179
48.017
61.455
68.025
49.091
38.831
28.405
29.141
24.265
37.635
93.411
46.348
10.442
11.909
36.733
60.111
11.859
32.658
19.788
9.41
22.153
57.717
83.347
69.12
38.538
53.785
3.428
17.356
224.462
7.74
39.906
3.562
86.601
56.427
36.156
96.354
19.455
68.705
49.119
27.77
10.987
28.532
355.859
40.331
17.087
12.206
31.524
13.268
28.74
7.628
42.255
26.203
46.535
58.788
178.502
32.247
7.561
37.284
16.334
5.939
5.638
4.954
30.255
14.149
51.91
29.473
22.045
16.121
28.17
22.533
74.733
86.55
152.812
26.296
84.01
36.01
6.669
42.458
19.309
38.377
17.752
82.209
107.687
21.313
114.379
13.465
554.962
502.847
5.793
23.009
163.371
146.181
2.712
8.696
54.092
45.403
51.011
132.287
58.558
25.949
86.481
12.489
18.755
47.649
50.709
13.888
6.454
92.53
201.032
20.944
11.929
23.021
109.754
25.594
49.764
3.939
45.133
34.519
14.786
59.597
24.401
57.847
8.545
31.943
17.943
68.342
46.708
24.777
33.151
113.265
8.682
23.701
24.016
219.034
51.621
40.391
12.337
49.418
22.56
17.275
9.482
4.516
10.687
80.169
10.631
10.889
55.704
59.299
5.736
142.358
32.477
18.572
40.844
30.65
20.36
30.127
30.604
20.068
24.14
123.338
10.793
197.093
14.509
12.039
4.75
24.832
20.954
58.938
64.429
35.411
32.524
67.536
75.6
8.858
30.439
44.896
16.892
40.135
22.967
43.351
34.551
28.399
7.386
7.687
41.462
8.963
17.338
273.276
14.507
5.096
26.102
32.861
29.602
9.355
27.276
32.245
42.529
77.352
24.464
216.63
14.251
80.618
13.241
60.279
95.945
16.317
166.143
46.49
28.117
14.036
25.556
25.844
12.094
18.482
22.938
9.731
496.199
19.057
10.793
20.177
34.049
15.936
13.173
77.625
9.266
39.531
32.331
10.016
74.866
28.384
58.325
18.226
265.095
12.205
21.23
16.063
32.645
10.342
65.809
6.546
13.111
7.936
16.41
10.683
35.762
4.003
21.482
5.02
18.92
71.635
169.149
39.581
21.37
55.169
12.073
10.681
83.512
123.36
398.321
109.962
124.013
18.29
13.114
46.752
60.567
50.757
421.87
32.475
71.957
60.106
59.291
76.436
188.197
48.145
37.029
9.277
50.017
336.906
70.164
5.001
339.158
13.007
128.715
15.38
32.624
24.59
13.137
42.147
35.296
48.287
86.787
109.525
28
35.645
29.446
81.791
19.128
9.306
148.78
75.748
12.952
50.617
80.285
34.377
7.937
44.36
40.462
6.499
62.538
17.287
24.357
66.515
180.579
16.085
10.945
33.812
24.427
13.069
15.91
19.495
19.907
31.694
49.294
6.393
30.595
40.451
23.179
26.323
48.784
3.298
57.958
22.295
16.817
14.288
66.742
8.013
42.13
2.284
17.744
245.614
34.001
74.186
44.313
53.434
154.676
5.297
48.438
64.588
15.925
5.876
43.879
20.357
25.26
13.178
97.819
34.592
45.403
61.287
13.613
31.768
20.966
29.665
71.362
75.176
155.826
57.983
25.588
9.857
21.65
124.395
12.68
49.08
42.021
170.603
61.192
31.71
5.544
19.83
23.153
8.794
23.7
80.625
71.491
41.964
36.436
21.402
30.987
50.358
3.953
44.899
284.767
49.399
23.385
17.136
25.556
5.191
11.753
31.758
128.739
24.261
20.926
62.778
170.282
26.968
71.851
14.821
29.479
8.479
22.379
33.603
11.228
18.738
145.471
24.974
26.478
10.681
23.972
21.021
21.018
63.517
37.007
132.862
34.366
4.127
82.174
77.654
509.028
27.117
4.085
366.222
64.907
21.901
10.417
40.246
31.594
9.049
59.946
25.522
46.144
24.464
26.724
36.415
284.495
41.549
182.75
16.019
23.975
21.677
38.506
69.64
26.301
17.244
130.897
9.378
16.606
25.59
126.373
8.731
22.019
15.95
5.516
52.727
5.057
55.451
37.379
11.224
49.459
45.431
35.496
42.361
6.56
36.439
5.526
3.181
85.375
34.566
55.992
13.174
17.186
75.653
14.519
5.252
48.099
34.193
47.108
143.055
23.641
34.985
13.051
9.9
100.588
30.896
76.512
22.807
23.935
180.729
82.295
53.308
20.095
181
8.246
7.803
71.296
116.225
32.186
17.318
7.946
12.331
24.278
16.784
22.495
73.468
30.705
20.839
78.01
5.845
28.637
13.304
7.78
55.797
59.607
34.352
53.919
62.157
76.469
54.527
57.002
76.302
36.384
102.286
80.59
75.88
68.224
61.292
20.062
21.892
27.052
20.965
14.637
30.478
79.314
58.733
7.175
34.478
32.681
23.787
29.465
30.476
59.92
56.146
63.933
47.763
43.563
39.166
4.278
13.496
36.469
40.51
46.635
11.005
33.749
13.683
66.971
57.131
12.878
11.43
32.834
13.584
31.581
23.506
13.82
17.207
28.275
64.79
41.054
43.989
78.897
59.926
84.907
10.268
22.494
131.757
51.029
26.428
41.113
27.446
43.695
30.645
56.287
28.336
34.69
8.532
45.79
27.243
56.077
27.765
64.379
16.237
12.569
29.225
12.269
15.733
6.789
37.234
26.533
38.885
19.236
60.689
93.301
21.233
8.996
65.952
95.969
59.942
27.437
20.076
11.38
18.806
61.558
64.567
27.597
83.866
29.645
31.267
42.562
106.056
22.107
10.937
15.702
17.747
111.382
57.625
73.803
19.938
12.134
4.921
24.227
28.139
18.895
15.584
9.144
32.793
28.761
39.339
7.559
87.976
30.548
114.805
78.995
53.62
10.781
36.417
24.982
4.328
37.727
13.258
19.084
12.206
32.917
95.171
27.504
34.021
78.543
32.186
41.12
43.024
11.191
45.015
6.811
29.334
3.736
18.902
64.609
82.898
2.632
28.048
23.647
8.102
53.585
62.4
6.623
4.405
9.592
8.076
25.189
6.734
6.567
25.552
15.08
14.913
18.301
42.108
6.381
3.196
76.051
2.149
36.945
31.575
74.549
40.033
34.643
13.203
50.95
15.388
57.856
20.694
20.095
79.795
140.489
3.467
15.163
13.344
56.5
64.89
49.57
8.701
7.519
8.564
9.13
22.632
62.489
7.845
96.442
14.667
14.15
22.673
40.657
37.976
21.226
44.577
28.835
88.478
20.661
26.342
28.495
72.144
44.116
17.054
33.754
61.709
66.18
64.485
7.404
109.173
3.212
16.405
20.637
36.718
50.497
67.878
43.774
39.597
37.558
36.837
62.756
20.581
2.669
62.14
32.241
11.274
52.715
54.822
34.378
31.856
69.534
39.068
73.687
13.589
19.328
5.146
109.465
10.88
58.427
15.383
65.279
11.947
43.982
17.89
23.818
50.712
6.026
17.045
13.43
11.564
20.271
28.491
39.685
29.558
33.061
5.459
75.15
67.315
46.764
95.996
15.631
4.678
13.25
20.722
17.333
41.908
25.935
63.887
2.744
37.323
10.602
109.441
35.313
15.965
2.953
47.752
146.083
202.087
12.311
12.752
86.733
13.114
14.703
38.54
73.583
81.277
21.573
36.277
26.381
45.038
65.584
124.592
117.586
10.349
154.484
3.967
35.307
7.011
14.689
50.171
114.383
15.686
42.15
11.501
14.38
68.025
40.997
36.538
30.025
39.494
12.725
5.582
15.8
8.052
48.226
10.259
22.983
26.342
27.631
42.566
8.134
11.265
5.681
19.201
33.999
59.737
22.488
20.311
6.037
40.907
116.3
55.114
25.039
45.543
32.99
7.202
28.813
65.464
6.589
19.993
43.638
12.154
10.326
55.872
26.251
74.633
32.228
101.957
16.19
18.028
36.608
6.735
44.192
111.769
15.767
50.497
14.656
35.049
10.684
5.869
101.349
98.015
29.656
35.72
41.693
21.534
23.501
39.24
116.517
25.014
49.473
29.179
22.164
62.618
59.499
63.555
38.698
36.69
39.639
22.325
51.9
10.67
43.09
12.124
5.527
12.182
21.118
12.156
10.258
5.51
44.503
18.333
18.891
22.829
149.944
38.968
6.674
4.468
59.649
24.595
33.921
31.263
16.09
28.989
14.392
35.266
4.794
87.699
12.583
73.143
98.966
55.578
22.735
36.579
28.842
11.13
32.698
46.786
15.753
56.656
71.383
26.92
69.456
8.567
22.114
98.805
44.921
95.045
15.55
8.722
37.86
7.364
12.9
21.807
10.331
17.896
36.974
72.309
59.453
44.218
39.097
5.389
64.275
38.19
44.878
12.549
34.3
24.515
8.73
4.45
10.811
8.871
71.714
31.87
64.806
14.802
87.797
22.313
26.36
24.669
133.938
32.377
63.926
14.131
30.004
15.209
27.095
31.345
56.824
27.879
69.165
64.052
35.55
8.075
26.302
31.789
90.415
25.83
12.38
84.805
39.108
13.998
45.126
4.918
4.683
16.17
10.581
12.203
14.836
18.466
11.248
39.129
89.052
25.095
30.736
58.288
38.717
46.048
31.531
10.697
4.904
73.119
31.455
5.019
28.681
21.998
54.066
4.328
126.527
40.995
53.358
53.404
14.359
24.076
72.725
31.371
104.648
5.158
18.442
37.998
24.421
38.528
52.591
23.273
9.971
22.101
8.879
31.167
27.606
25.888
30.806
41.053
57.924
52.723
4.901
2.215
33.854
71.061
35.814
36.028
28.375
42.727
41.091
29.983
60.325
30.654
11.433
11.308
64.895
38.907
42.712
21.672
126.43
32.394
13.759
70.129
10.372
78.612
46.147
18.66
6.599
80.147
61.165
20.509
35.083
33.802
5.432
4.92
81.893
94.4
26.492
14.401
96.457
71.232
22.77
73.078
16.778
56.392
43.779
19.711
22.022
10.679
41.922
23.049
26.935
6.99
71.056
77.295
12.405
11.01
35.733
35.551
61.263
28.917
31.683
7.022
24.323
26.404
12.347
10.935
69.676
32.86
15.678
8.934
48.816
91.797
45.162
28.488
11.818
25.739
6.039
12.813
86.15
59.869
16.093
26.546
6.095
17.971
14.878
7.999
39.372
35.274
33.266
113.137
27.802
64.504
21.373
7.314
16.031
21.442
143.173
8.809
89.452
10.735
116.77
26.964
13.167
72.456
15.73
41.119
71.42
14.741
19.863
14.632
15.483
48.838
13.081
12.504
35.076
22.248
33.72
26.217
8.512
42.639
24.949
80.885
27.907
9.298
61.327
134.001
16.217
6.038
17.45
52.631
14.306
11.25
115.447
21.145
21.474
13.816
29.504
48.185
13.941
21.739
9.133
26.13
51.154
6.101
32.313
26.772
25.43
7.184
35.517
110.325
33.179
27.237
67.274
75.531
8.2
45.27
46.89
19.48
46.84
41.901
25.811
15.929
7.078
102.505
33.296
32.407
13.946
29.638
41.554
14.513
5.361
34.582
15.056
34.886
30.537
31.987
16.192
8.369
24.622
35.267
27.012
24.557
17.116
6.846
17.496
19.489
4.554
49.959
17.252
14.152
13.209
20.117
42.631
5.805
13.693
51.302
44.694
24.99
3.358
79.839
27.862
26.4
6.453
52.796
12.392
30.535
30.044
14.478
22.404
15.853
38.826
23.274
25.24
17.569
52.828
5.338
11.379
20.612
51.211
40.133
33.111
26.985
64.677
10.087
10.761
22.927
30.783
86.16
23.956
13.59
35.137
7.108
15.804
5.543
38.436
12.436
51.916
33.605
12.393
51.654
14.075
31.242
9.182
19.985
104.75
60.451
12.67
70.382
87.643
138.113
27.015
15.968
6.669
28.804
28.905
75.056
127.152
134.033
9.84
185.316
19.775
8.503
28.116
14.7
98.305
98.694
18.552
24.14
48.185
4.968
84.887
9.754
14.365
18.161
25.231
71.989
11.596
5.93
12.119
31.391
24.712
68.966
52.242
12.472
30.767
18.466
47.855
15.45
22.996
18.822
6.16
61.498
11.115
70.871
29.375
25.91
45.24
7.762
8.428
9.426
41.502
64.8
11.711
6.601
10.292
32
107.816
8.089
72.986
121.215
4.517
76.41
57.498
6.47
36.091
39.201
73.333
31.703
11.999
43.793
17.082
5.981
5.07
13.145
33.32
4.359
8.674
6.876
37.233
15.18
21.699
23.625
17.332
16.389
45.779
50.697
2.157
126.202
53.772
21.887
6.005
13.392
51.217
25.129
2.491
5.43
37.233
8.298
30.652
37.875
59.855
129.498
97.289
32.458
71.4
12.703
14.841
8.984
23.589
61.334
14.143
21.79
35.037
10.88
80.004
94.458
40.81
37.46
29.085
13.381
19.474
215.846
80.548
21.067
45.971
10.173
81.028
66.656
5.428
86.426
10.819
80.99
94.751
26.426
42.573
75.21
