1.2750 1.7564 0.2121 0.0003 1.8181
1.2622 1.7428 0.2162 0.0002 1.8081
1.2510 1.7227 0.2211 0.0002 1.7818
1.1997 1.6728 0.2312 0.0001 1.7071
1.1989 1.6676 0.2232 0.0002 1.7059
1.2012 1.6705 0.2236 0.0001 1.7176
1.2060 1.6784 0.2189 0.0002 1.7181
1.2055 1.6793 0.2187 0.0002 1.7233
1.2021 1.6821 0.2111 0.0003 1.7273
1.2024 1.6836 0.2104 0.0004 1.7309
1.1865 1.6716 0.2083 0.0004 1.7092
1.1890 1.6737 0.2083 0.0004 1.7172
1.1875 1.6736 0.2087 0.0004 1.7255
1.1870 1.6681 0.2073 0.0004 1.7217
1.1868 1.6696 0.2077 0.0004 1.7227
1.1868 1.6612 0.2154 0.0003 1.7133
1.1732 1.6500 0.2218 0.0002 1.6920
1.1687 1.6484 0.2214 0.0002 1.6918
1.1690 1.6515 0.2191 0.0002 1.6915
1.1664 1.6401 0.2306 0.0001 1.6746
1.1668 1.6419 0.2293 0.0001 1.6767
1.1656 1.6444 0.2277 0.0001 1.6733
1.1654 1.6296 0.2510 0.0000 1.6530
1.1694 1.6351 0.2469 0.0000 1.6583
1.1697 1.6355 0.2460 0.0000 1.6601
1.1696 1.6336 0.2487 0.0000 1.6595
1.1661 1.6226 0.2627 0.0000 1.6484
1.1662 1.6260 0.2576 0.0000 1.6496
1.1633 1.6250 0.2579 0.0000 1.6509
1.1627 1.6241 0.2577 0.0000 1.6528
1.1607 1.6290 0.2388 0.0000 1.6568
1.1609 1.6309 0.2377 0.0001 1.6589
1.1591 1.6271 0.2434 0.0000 1.6561
1.1606 1.6246 0.2423 0.0000 1.6546
1.1604 1.6257 0.2379 0.0001 1.6519
1.1586 1.6252 0.2392 0.0000 1.6544
1.1624 1.6272 0.2340 0.0001 1.6582
1.1646 1.6362 0.2198 0.0002 1.6614
1.1625 1.6324 0.2254 0.0001 1.6620
1.1614 1.6321 0.2264 0.0001 1.6646
1.1588 1.6326 0.2285 0.0001 1.6620
1.1581 1.6338 0.2281 0.0001 1.6620
1.1564 1.6310 0.2332 0.0001 1.6627
1.1598 1.6339 0.2282 0.0001 1.6663
1.1565 1.6325 0.2319 0.0001 1.6656
1.1565 1.6312 0.2328 0.0001 1.6675
1.1591 1.6407 0.2188 0.0002 1.6699
1.1583 1.6396 0.2207 0.0002 1.6724
1.1594 1.6354 0.2263 0.0001 1.6668
1.1555 1.6320 0.2310 0.0001 1.6657
1.1550 1.6335 0.2292 0.0001 1.6669
1.1566 1.6334 0.2271 0.0001 1.6690
1.1580 1.6335 0.2259 0.0001 1.6718
1.1573 1.6337 0.2272 0.0001 1.6739
1.1567 1.6348 0.2255 0.0001 1.6722
1.1578 1.6304 0.2303 0.0001 1.6682
1.1582 1.6283 0.2334 0.0001 1.6679
1.1567 1.6257 0.2385 0.0001 1.6690
1.1576 1.6284 0.2350 0.0001 1.6670
1.1613 1.6327 0.2292 0.0001 1.6680
1.1640 1.6337 0.2301 0.0001 1.6679
1.1729 1.6479 0.2140 0.0003 1.6904
1.1659 1.6402 0.2199 0.0002 1.6746
1.1738 1.6501 0.2151 0.0003 1.7043
1.1762 1.6532 0.2130 0.0003 1.7146
1.1738 1.6524 0.2122 0.0003 1.7073
1.1697 1.6492 0.2147 0.0003 1.7027
1.1690 1.6488 0.2148 0.0003 1.7007
1.1695 1.6518 0.2140 0.0003 1.7111
1.1667 1.6457 0.2181 0.0002 1.7034
1.1666 1.6480 0.2177 0.0002 1.7101
1.1661 1.6239 0.2367 0.0001 1.6541
1.1694 1.6215 0.2396 0.0000 1.6507
1.1666 1.6192 0.2447 0.0000 1.6464
1.1648 1.6196 0.2440 0.0000 1.6475
1.1649 1.6215 0.2416 0.0000 1.6481
1.1638 1.6203 0.2445 0.0000 1.6485
1.1723 1.6232 0.2387 0.0000 1.6569
1.1695 1.6196 0.2443 0.0000 1.6490
1.1686 1.6180 0.2463 0.0000 1.6491
1.1641 1.6094 0.2617 0.0000 1.6434
1.1728 1.6114 0.2638 0.0000 1.6441
1.1757 1.6107 0.2630 0.0000 1.6454
1.1765 1.6095 0.2640 0.0000 1.6466
1.1761 1.6093 0.2642 0.0000 1.6476
1.1800 1.6092 0.2633 0.0000 1.6498
1.1793 1.6088 0.2646 0.0000 1.6510
1.1806 1.6071 0.2686 0.0000 1.6511
1.1808 1.6074 0.2683 0.0000 1.6531
1.1798 1.6071 0.2686 0.0000 1.6540
1.1791 1.6069 0.2689 0.0000 1.6559
1.1771 1.6068 0.2692 0.0000 1.6534
1.1762 1.6076 0.2672 0.0000 1.6513
1.1756 1.6058 0.2707 0.0000 1.6520
1.1748 1.6060 0.2698 0.0000 1.6534
1.1726 1.6048 0.2717 0.0000 1.6543
1.1765 1.6063 0.2688 0.0000 1.6579
1.1756 1.6060 0.2694 0.0000 1.6590
1.1743 1.6046 0.2724 0.0000 1.6598
1.1725 1.6041 0.2733 0.0000 1.6580
1.1706 1.6044 0.2723 0.0000 1.6562
1.1701 1.6043 0.2723 0.0000 1.6570
1.1695 1.6044 0.2721 0.0000 1.6581
1.1712 1.5975 0.2884 0.0000 1.6489
1.1707 1.5975 0.2883 0.0000 1.6500
1.1725 1.5992 0.2858 0.0000 1.6507
1.1688 1.5971 0.2894 0.0000 1.6470
1.1710 1.5999 0.2831 0.0000 1.6487
1.1695 1.5995 0.2835 0.0000 1.6472
1.1689 1.5995 0.2833 0.0000 1.6479
1.1659 1.5989 0.2841 0.0000 1.6456
1.1657 1.6000 0.2816 0.0000 1.6455
1.1683 1.5984 0.2852 0.0000 1.6428
1.1723 1.5991 0.2848 0.0000 1.6422
1.1682 1.5973 0.2883 0.0000 1.6410
1.1701 1.5948 0.2948 0.0000 1.6381
1.1734 1.5965 0.2915 0.0000 1.6362
1.1745 1.5929 0.3009 0.0000 1.6316
1.1750 1.5922 0.3027 0.0000 1.6295
1.1736 1.5916 0.3035 0.0000 1.6304
1.1755 1.5920 0.3038 0.0000 1.6307
1.1718 1.5903 0.3059 0.0000 1.6275
1.1685 1.5894 0.3072 0.0000 1.6256
1.1695 1.5896 0.3069 0.0000 1.6270
1.1622 1.5812 0.3211 0.0000 1.6189
1.1678 1.5807 0.3252 0.0000 1.6173
1.1690 1.5840 0.3185 0.0000 1.6207
1.1705 1.5842 0.3187 0.0000 1.6221
1.1702 1.5852 0.3161 0.0000 1.6228
1.1716 1.5846 0.3185 0.0000 1.6210
1.1734 1.5844 0.3199 0.0000 1.6218
1.1723 1.5849 0.3181 0.0000 1.6207
1.1719 1.5848 0.3182 0.0000 1.6209
1.1705 1.5842 0.3190 0.0000 1.6218
1.1675 1.5827 0.3209 0.0000 1.6194
1.1691 1.5818 0.3235 0.0000 1.6192
1.1681 1.5802 0.3270 0.0000 1.6188
1.1620 1.5787 0.3276 0.0000 1.6152
1.1598 1.5764 0.3319 0.0000 1.6142
1.1599 1.5773 0.3295 0.0000 1.6129
1.1581 1.5747 0.3369 0.0000 1.6130
1.1558 1.5737 0.3389 0.0000 1.6113
1.1570 1.5745 0.3377 0.0000 1.6128
1.1609 1.5757 0.3376 0.0000 1.6142
1.1589 1.5749 0.3403 0.0000 1.6134
1.1611 1.5751 0.3411 0.0000 1.6124
1.1596 1.5752 0.3416 0.0000 1.6114
1.1566 1.5731 0.3447 0.0000 1.6092
1.1613 1.5761 0.3399 0.0000 1.6106
1.1603 1.5760 0.3391 0.0000 1.6100
1.1574 1.5752 0.3365 0.0000 1.6089
1.1569 1.5750 0.3365 0.0000 1.6086
1.1567 1.5748 0.3362 0.0000 1.6082
1.1551 1.5740 0.3373 0.0000 1.6075
1.1570 1.5743 0.3378 0.0000 1.6082
1.1589 1.5753 0.3360 0.0000 1.6087
1.1584 1.5751 0.3361 0.0000 1.6086
1.1578 1.5737 0.3385 0.0000 1.6071
1.1569 1.5733 0.3392 0.0000 1.6071
1.1595 1.5789 0.3271 0.0000 1.6100
1.1608 1.5784 0.3291 0.0000 1.6106
1.1677 1.5814 0.3240 0.0000 1.6145
1.1669 1.5814 0.3234 0.0000 1.6146
1.1698 1.5818 0.3246 0.0000 1.6153
1.1750 1.5834 0.3243 0.0000 1.6154
1.1717 1.5820 0.3251 0.0000 1.6131
1.1724 1.5817 0.3266 0.0000 1.6140
1.1737 1.5842 0.3213 0.0000 1.6147
1.1717 1.5831 0.3227 0.0000 1.6127
1.1704 1.5825 0.3230 0.0000 1.6115
1.1694 1.5812 0.3255 0.0000 1.6120
1.1651 1.5790 0.3291 0.0000 1.6099
1.1630 1.5779 0.3302 0.0000 1.6082
1.1627 1.5791 0.3272 0.0000 1.6081
1.1672 1.5797 0.3284 0.0000 1.6080
1.1669 1.5791 0.3300 0.0000 1.6081
1.1649 1.5777 0.3321 0.0000 1.6072
1.1612 1.5761 0.3332 0.0000 1.6055
1.1595 1.5759 0.3333 0.0000 1.6055
1.1564 1.5752 0.3332 0.0000 1.6039
1.1558 1.5756 0.3322 0.0000 1.6045
1.1547 1.5744 0.3346 0.0000 1.6044
1.1575 1.5760 0.3321 0.0000 1.6050
1.1571 1.5760 0.3315 0.0000 1.6044
1.1655 1.5794 0.3270 0.0000 1.6067
1.1643 1.5786 0.3281 0.0000 1.6058
1.1642 1.5786 0.3281 0.0000 1.6062
1.1621 1.5770 0.3305 0.0000 1.6053
1.1599 1.5757 0.3321 0.0000 1.6047
1.1591 1.5754 0.3324 0.0000 1.6045
1.1584 1.5750 0.3327 0.0000 1.6043
1.1584 1.5761 0.3302 0.0000 1.6047
1.1572 1.5758 0.3305 0.0000 1.6044
1.1586 1.5750 0.3334 0.0000 1.6033
1.1571 1.5741 0.3346 0.0000 1.6028
1.1561 1.5736 0.3352 0.0000 1.6026
1.1544 1.5718 0.3382 0.0000 1.6017
1.1546 1.5704 0.3411 0.0000 1.6015
1.1534 1.5698 0.3417 0.0000 1.6010
1.1557 1.5723 0.3378 0.0000 1.6021
1.1571 1.5733 0.3363 0.0000 1.6024
1.1564 1.5734 0.3360 0.0000 1.6023
1.1545 1.5724 0.3370 0.0000 1.6017
1.1538 1.5721 0.3375 0.0000 1.6016
1.1501 1.5678 0.3444 0.0000 1.5988
1.1502 1.5688 0.3424 0.0000 1.6000
1.1511 1.5699 0.3404 0.0000 1.6007
1.1532 1.5703 0.3401 0.0000 1.6010
1.1516 1.5679 0.3440 0.0000 1.5996
1.1509 1.5676 0.3443 0.0000 1.5995
1.1502 1.5674 0.3443 0.0000 1.5995
1.1510 1.5674 0.3452 0.0000 1.6004
1.1500 1.5669 0.3459 0.0000 1.6005
1.1552 1.5676 0.3490 0.0000 1.6039
1.1563 1.5670 0.3503 0.0000 1.6030
1.1590 1.5674 0.3507 0.0000 1.6030
1.1645 1.5699 0.3479 0.0000 1.6042
1.1648 1.5701 0.3479 0.0000 1.6047
1.1667 1.5710 0.3472 0.0000 1.6062
1.1645 1.5695 0.3490 0.0000 1.6033
1.1637 1.5693 0.3489 0.0000 1.6033
1.1620 1.5685 0.3494 0.0000 1.6026
1.1618 1.5686 0.3488 0.0000 1.6026
1.1609 1.5682 0.3492 0.0000 1.6026
1.1613 1.5681 0.3497 0.0000 1.6029
1.1606 1.5675 0.3506 0.0000 1.6027
1.1599 1.5672 0.3510 0.0000 1.6028
1.1592 1.5669 0.3513 0.0000 1.6030
1.1586 1.5666 0.3515 0.0000 1.6030
1.1582 1.5667 0.3508 0.0000 1.6028
1.1580 1.5664 0.3514 0.0000 1.6030
1.1613 1.5678 0.3502 0.0000 1.6035
1.1608 1.5681 0.3489 0.0000 1.6031
1.1591 1.5676 0.3489 0.0000 1.6016
1.1608 1.5684 0.3477 0.0000 1.6014
1.1600 1.5681 0.3481 0.0000 1.6015
1.1613 1.5681 0.3487 0.0000 1.6014
1.1613 1.5681 0.3487 0.0000 1.6015
1.1675 1.5707 0.3467 0.0000 1.6031
1.1687 1.5699 0.3493 0.0000 1.6022
1.1678 1.5697 0.3492 0.0000 1.6020
1.1658 1.5685 0.3507 0.0000 1.6015
1.1647 1.5674 0.3526 0.0000 1.6010
1.1759 1.5719 0.3500 0.0000 1.6087
1.1741 1.5714 0.3499 0.0000 1.6077
1.1726 1.5710 0.3496 0.0000 1.6071
1.1712 1.5701 0.3504 0.0000 1.6057
1.1702 1.5698 0.3505 0.0000 1.6049
1.1703 1.5707 0.3488 0.0000 1.6045
1.1710 1.5703 0.3504 0.0000 1.6038
1.1736 1.5720 0.3498 0.0000 1.6035
1.1738 1.5691 0.3562 0.0000 1.6018
1.1732 1.5693 0.3554 0.0000 1.6020
1.1726 1.5692 0.3549 0.0000 1.6021
1.1718 1.5692 0.3541 0.0000 1.6022
1.1717 1.5684 0.3553 0.0000 1.6022
1.1714 1.5695 0.3530 0.0000 1.6023
1.1709 1.5690 0.3535 0.0000 1.6024
1.1708 1.5694 0.3516 0.0000 1.6033
1.1706 1.5675 0.3555 0.0000 1.6025
1.1699 1.5673 0.3556 0.0000 1.6026
1.1713 1.5702 0.3504 0.0000 1.6040
1.1705 1.5700 0.3504 0.0000 1.6038
1.1697 1.5698 0.3499 0.0000 1.6040
1.1692 1.5695 0.3503 0.0000 1.6040
1.1684 1.5704 0.3478 0.0000 1.6053
1.1684 1.5698 0.3496 0.0000 1.6043
1.1708 1.5696 0.3516 0.0000 1.6038
1.1704 1.5704 0.3490 0.0000 1.6046
1.1694 1.5701 0.3491 0.0000 1.6043
1.1654 1.5642 0.3582 0.0000 1.6023
1.1646 1.5634 0.3591 0.0000 1.6021
1.1647 1.5650 0.3559 0.0000 1.6027
1.1648 1.5648 0.3562 0.0000 1.6027
1.1651 1.5650 0.3559 0.0000 1.6031
1.1651 1.5651 0.3554 0.0000 1.6032
1.1667 1.5657 0.3552 0.0000 1.6033
1.1663 1.5655 0.3553 0.0000 1.6032
1.1658 1.5648 0.3567 0.0000 1.6028
1.1650 1.5636 0.3589 0.0000 1.6022
1.1636 1.5627 0.3600 0.0000 1.6019
1.1634 1.5624 0.3604 0.0000 1.6014
1.1631 1.5621 0.3607 0.0000 1.6014
1.1650 1.5622 0.3619 0.0000 1.6006
1.1637 1.5618 0.3621 0.0000 1.5999
1.1616 1.5612 0.3621 0.0000 1.5998
1.1642 1.5627 0.3607 0.0000 1.6001
1.1656 1.5640 0.3591 0.0000 1.6008
1.1651 1.5633 0.3604 0.0000 1.6004
1.1646 1.5632 0.3603 0.0000 1.6003
1.1646 1.5634 0.3599 0.0000 1.6003
1.1642 1.5635 0.3594 0.0000 1.6006
1.1637 1.5632 0.3597 0.0000 1.6006
1.1628 1.5626 0.3601 0.0000 1.6006
1.1675 1.5686 0.3520 0.0000 1.6038
1.1697 1.5723 0.3466 0.0000 1.6053
1.1696 1.5720 0.3469 0.0000 1.6048
1.1690 1.5716 0.3473 0.0000 1.6048
1.1687 1.5716 0.3471 0.0000 1.6049
1.1687 1.5722 0.3461 0.0000 1.6050
1.1630 1.5672 0.3520 0.0000 1.6024
1.1624 1.5669 0.3523 0.0000 1.6024
1.1615 1.5664 0.3525 0.0000 1.6025
1.1619 1.5666 0.3525 0.0000 1.6021
1.1589 1.5637 0.3560 0.0000 1.6006
1.1615 1.5663 0.3527 0.0000 1.6018
1.1612 1.5654 0.3540 0.0000 1.6018
1.1630 1.5671 0.3521 0.0000 1.6024
1.1625 1.5669 0.3524 0.0000 1.6025
1.1641 1.5672 0.3518 0.0000 1.6028
1.1657 1.5684 0.3504 0.0000 1.6033
1.1650 1.5680 0.3507 0.0000 1.6034
1.1626 1.5648 0.3555 0.0000 1.6018
1.1635 1.5664 0.3531 0.0000 1.6023
1.1637 1.5668 0.3519 0.0000 1.6023
1.1642 1.5676 0.3507 0.0000 1.6027
1.1644 1.5666 0.3527 0.0000 1.6016
1.1649 1.5670 0.3528 0.0000 1.6011
1.1629 1.5656 0.3541 0.0000 1.6010
1.1604 1.5665 0.3526 0.0000 1.6008
1.1609 1.5675 0.3508 0.0000 1.6019
1.1606 1.5680 0.3499 0.0000 1.6021
1.1589 1.5665 0.3516 0.0000 1.6012
1.1589 1.5668 0.3512 0.0000 1.6016
1.1591 1.5675 0.3499 0.0000 1.6024
1.1597 1.5699 0.3463 0.0000 1.6043
1.1592 1.5695 0.3468 0.0000 1.6045
1.1595 1.5704 0.3457 0.0000 1.6047
1.1556 1.5669 0.3492 0.0000 1.6030
1.1544 1.5667 0.3489 0.0000 1.6028
1.1541 1.5668 0.3486 0.0000 1.6029
1.1544 1.5670 0.3480 0.0000 1.6030
1.1602 1.5732 0.3406 0.0000 1.6060
1.1612 1.5734 0.3402 0.0000 1.6064
1.1601 1.5732 0.3398 0.0000 1.6063
1.1612 1.5739 0.3399 0.0000 1.6064
1.1598 1.5735 0.3389 0.0000 1.6065
1.1602 1.5740 0.3384 0.0000 1.6066
1.1606 1.5742 0.3382 0.0000 1.6070
1.1602 1.5741 0.3382 0.0000 1.6070
1.1629 1.5748 0.3383 0.0000 1.6064
1.1611 1.5740 0.3395 0.0000 1.6054
1.1609 1.5732 0.3410 0.0000 1.6047
1.1610 1.5735 0.3406 0.0000 1.6050
1.1593 1.5724 0.3415 0.0000 1.6041
1.1599 1.5727 0.3412 0.0000 1.6045
1.1609 1.5733 0.3406 0.0000 1.6050
1.1601 1.5724 0.3419 0.0000 1.6043
1.1601 1.5722 0.3421 0.0000 1.6044
1.1596 1.5723 0.3414 0.0000 1.6050
1.1614 1.5743 0.3392 0.0000 1.6060
1.1635 1.5723 0.3441 0.0000 1.6059
1.1624 1.5718 0.3440 0.0000 1.6058
1.1616 1.5708 0.3453 0.0000 1.6054
1.1620 1.5706 0.3459 0.0000 1.6054
1.1617 1.5702 0.3469 0.0000 1.6048
1.1616 1.5708 0.3463 0.0000 1.6049
1.1608 1.5702 0.3469 0.0000 1.6046
1.1604 1.5677 0.3526 0.0000 1.6032
1.1584 1.5642 0.3575 0.0000 1.6017
1.1585 1.5651 0.3562 0.0000 1.6019
1.1581 1.5647 0.3567 0.0000 1.6019
1.1575 1.5638 0.3573 0.0000 1.6011
1.1564 1.5623 0.3594 0.0000 1.6005
1.1570 1.5624 0.3594 0.0000 1.6008
1.1525 1.5572 0.3660 0.0000 1.5983
1.1547 1.5598 0.3631 0.0000 1.5996
1.1523 1.5578 0.3657 0.0000 1.5983
1.1519 1.5578 0.3655 0.0000 1.5984
1.1518 1.5570 0.3666 0.0000 1.5983
1.1510 1.5566 0.3668 0.0000 1.5985
1.1508 1.5562 0.3675 0.0000 1.5983
1.1505 1.5565 0.3669 0.0000 1.5981
1.1502 1.5565 0.3667 0.0000 1.5980
1.1495 1.5542 0.3702 0.0000 1.5965
1.1491 1.5539 0.3704 0.0000 1.5965
1.1466 1.5531 0.3711 0.0000 1.5954
1.1459 1.5526 0.3716 0.0000 1.5954
1.1459 1.5520 0.3725 0.0000 1.5956
1.1454 1.5515 0.3730 0.0000 1.5956
1.1451 1.5512 0.3734 0.0000 1.5953
1.1444 1.5507 0.3739 0.0000 1.5952
1.1433 1.5508 0.3734 0.0000 1.5947
1.1417 1.5507 0.3734 0.0000 1.5942
1.1398 1.5499 0.3743 0.0000 1.5935
1.1403 1.5502 0.3738 0.0000 1.5932
1.1402 1.5504 0.3734 0.0000 1.5931
1.1402 1.5499 0.3741 0.0000 1.5930
1.1361 1.5454 0.3800 0.0000 1.5904
1.1357 1.5447 0.3812 0.0000 1.5900
1.1426 1.5511 0.3719 0.0000 1.5937
1.1421 1.5509 0.3720 0.0000 1.5937
1.1419 1.5511 0.3716 0.0000 1.5936
1.1409 1.5512 0.3710 0.0000 1.5934
1.1417 1.5524 0.3691 0.0000 1.5940
1.1411 1.5521 0.3694 0.0000 1.5939
1.1406 1.5515 0.3705 0.0000 1.5936
1.1400 1.5511 0.3709 0.0000 1.5935
1.1403 1.5518 0.3697 0.0000 1.5938
1.1397 1.5520 0.3694 0.0000 1.5937
1.1393 1.5513 0.3703 0.0000 1.5936
1.1406 1.5521 0.3695 0.0000 1.5940
1.1402 1.5521 0.3693 0.0000 1.5941
1.1399 1.5522 0.3690 0.0000 1.5941
1.1394 1.5515 0.3700 0.0000 1.5938
1.1382 1.5499 0.3724 0.0000 1.5931
1.1406 1.5513 0.3708 0.0000 1.5937
1.1396 1.5504 0.3718 0.0000 1.5935
1.1390 1.5503 0.3720 0.0000 1.5932
1.1423 1.5520 0.3708 0.0000 1.5936
1.1424 1.5522 0.3702 0.0000 1.5933
1.1442 1.5534 0.3687 0.0000 1.5942
1.1440 1.5533 0.3687 0.0000 1.5941
1.1447 1.5534 0.3686 0.0000 1.5943
1.1441 1.5529 0.3691 0.0000 1.5940
1.1435 1.5528 0.3692 0.0000 1.5938
1.1446 1.5544 0.3672 0.0000 1.5947
1.1440 1.5541 0.3677 0.0000 1.5945
1.1417 1.5513 0.3712 0.0000 1.5933
1.1409 1.5510 0.3713 0.0000 1.5931
1.1417 1.5534 0.3677 0.0000 1.5941
1.1413 1.5532 0.3679 0.0000 1.5941
1.1409 1.5537 0.3673 0.0000 1.5946
1.1413 1.5539 0.3668 0.0000 1.5946
1.1404 1.5533 0.3676 0.0000 1.5945
1.1400 1.5528 0.3681 0.0000 1.5945
1.1441 1.5556 0.3647 0.0000 1.5959
1.1474 1.5566 0.3646 0.0000 1.5967
1.1464 1.5559 0.3652 0.0000 1.5965
1.1460 1.5556 0.3658 0.0000 1.5962
1.1443 1.5541 0.3675 0.0000 1.5957
1.1441 1.5531 0.3691 0.0000 1.5953
1.1425 1.5523 0.3703 0.0000 1.5949
1.1430 1.5519 0.3707 0.0000 1.5948
1.1426 1.5516 0.3709 0.0000 1.5948
1.1424 1.5512 0.3715 0.0000 1.5948
1.1413 1.5505 0.3725 0.0000 1.5940
1.1440 1.5546 0.3657 0.0000 1.5973
1.1442 1.5552 0.3647 0.0000 1.5973
1.1455 1.5559 0.3639 0.0000 1.5979
1.1449 1.5553 0.3645 0.0000 1.5978
1.1449 1.5552 0.3647 0.0000 1.5980
1.1447 1.5552 0.3646 0.0000 1.5976
1.1440 1.5551 0.3647 0.0000 1.5970
1.1447 1.5554 0.3645 0.0000 1.5972
1.1452 1.5557 0.3641 0.0000 1.5976
1.1447 1.5555 0.3643 0.0000 1.5974
1.1443 1.5554 0.3642 0.0000 1.5973
1.1481 1.5592 0.3605 0.0000 1.6003
1.1478 1.5587 0.3612 0.0000 1.6002
1.1478 1.5582 0.3622 0.0000 1.5999
