0.4931 0.6377 0.3448 0.0000 1.0238
0.5216 0.6701 0.0881 0.1651 1.0307
0.4957 0.6392 0.3480 0.0000 0.9799
0.5193 0.6741 0.0088 0.8896 0.9074
0.4930 0.6398 0.3501 0.0000 1.0014
0.5192 0.6747 0.0375 0.5549 1.0342
0.5187 0.6774 0.0923 0.1457 0.8995
0.4924 0.6429 0.3517 0.0000 0.9856
0.4957 0.6401 0.3451 0.0000 0.9082
0.4914 0.6396 0.3543 0.0000 0.9893
0.5012 0.6460 0.3180 0.0000 0.9210
0.4925 0.6420 0.3553 0.0000 0.9797
0.5026 0.6481 0.3059 0.0000 1.0187
0.5187 0.6774 0.1072 0.0908 1.0162
0.4930 0.6445 0.3544 0.0000 0.9676
0.4906 0.6381 0.3555 0.0000 0.9699
0.4907 0.6348 0.3561 0.0000 0.9693
0.4908 0.6327 0.3579 0.0000 4.9511
0.4933 0.6377 0.3505 0.0000 0.9512
0.4905 0.6353 0.3592 0.0000 0.9832
0.5196 0.6726 0.3417 0.0000 1.0368
0.5207 0.6711 0.1154 0.0685 1.0116
0.4886 0.6326 0.3640 0.0000 35.7040
0.4932 0.6378 0.3553 0.0000 0.9624
0.5198 0.6726 0.0668 0.2924 22.3728
0.5201 0.6718 0.2685 0.0000 13.3069
0.4904 0.6358 0.3586 0.0000 0.8520
0.4958 0.6397 0.3387 0.0000 0.9641
0.4931 0.6389 0.3499 0.0000 0.9501
0.4907 0.6369 0.3604 0.0000 0.9372
0.4952 0.6433 0.3357 0.0000 0.9041
0.4907 0.6309 0.3668 0.0000 0.9504
0.4925 0.6323 0.3623 0.0000 0.9274
0.5206 0.6711 0.3365 0.0000 0.9858
0.4912 0.6313 0.3634 0.0000 0.9536
0.4919 0.6333 0.3632 0.0000 0.9411
0.5055 0.6486 0.3066 0.0000 0.9739
0.4905 0.6302 0.3728 0.0000 0.9524
0.5078 0.6541 0.2785 0.0000 0.9720
0.4916 0.6359 0.3531 0.0000 0.8665
0.4954 0.6386 0.3381 0.0000 0.9496
0.4925 0.6365 0.3568 0.0000 0.8883
0.5066 0.6527 0.2668 0.0000 0.8316
0.4908 0.6336 0.3615 0.0000 0.9426
0.4953 0.6413 0.3358 0.0000 0.9374
0.4934 0.6425 0.3397 0.0000 0.8721
0.4944 0.6441 0.3358 0.0000 0.8231
0.5198 0.6728 0.0673 0.2891 0.9230
0.4945 0.6457 0.3372 0.0000 0.8746
0.4930 0.6455 0.3402 0.0000 0.8629
0.4949 0.6458 0.3320 0.0000 0.8279
0.4935 0.6469 0.3391 0.0000 0.8689
0.4929 0.6463 0.3386 0.0000 0.8681
0.4943 0.6464 0.3335 0.0000 0.8748
0.4941 0.6465 0.3332 0.0000 0.8471
0.4933 0.6455 0.3371 0.0000 0.8294
0.4930 0.6432 0.3476 0.0000 0.8576
0.4930 0.6393 0.3481 0.0000 0.8555
0.4927 0.6391 0.3452 0.0000 3.2864
0.4914 0.6385 0.3479 0.0000 0.8521
0.4921 0.6392 0.3492 0.0000 0.9767
0.4920 0.6396 0.3480 0.0000 0.8258
0.4946 0.6399 0.3382 0.0000 0.9217
0.4936 0.6401 0.3407 0.0000 0.8144
0.4937 0.6406 0.3351 0.0000 0.8268
0.4953 0.6419 0.3323 0.0000 0.8329
0.4961 0.6438 0.3167 0.0000 0.8193
0.4959 0.6430 0.3351 0.0000 0.8259
0.4948 0.6422 0.3305 0.0000 0.7951
0.4965 0.6442 0.3336 0.0000 0.8243
0.4941 0.6418 0.3231 0.0000 0.8520
0.4973 0.6414 0.3157 0.0000 0.8244
0.4950 0.6398 0.3261 0.0000 0.8323
0.4949 0.6406 0.3285 0.0000 0.7952
0.4948 0.6415 0.3239 0.0000 0.8317
0.4959 0.6421 0.3175 0.0000 0.8175
0.4951 0.6404 0.3226 0.0000 0.9067
0.4957 0.6417 0.3203 0.0000 0.8415
0.4962 0.6451 0.3073 0.0000 0.8257
0.4962 0.6375 0.3241 0.0000 0.8362
0.4975 0.6363 0.3321 0.0000 0.8118
0.4967 0.6372 0.3264 0.0000 1.1453
0.4960 0.6361 0.3289 0.0000 0.8105
0.4951 0.6370 0.3305 0.0000 0.8162
0.4953 0.6392 0.3241 0.0000 0.8005
0.4962 0.6382 0.3232 0.0000 0.8349
0.4964 0.6379 0.3352 0.0000 0.7785
0.4974 0.6380 0.3249 0.0000 0.7705
0.4961 0.6345 0.3326 0.0000 0.7987
0.4973 0.6369 0.3236 0.0000 0.8095
0.4972 0.6375 0.3252 0.0000 0.7870
0.4972 0.6371 0.3294 0.0000 0.7810
0.4964 0.6371 0.3278 0.0000 0.8068
0.4972 0.6403 0.3270 0.0000 0.7884
0.4979 0.6378 0.3250 0.0000 0.9093
0.4962 0.6382 0.3303 0.0000 0.7826
0.4964 0.6384 0.3283 0.0000 0.7902
0.5003 0.6434 0.3107 0.0000 0.7874
0.4976 0.6447 0.3215 0.0000 0.8042
0.4973 0.6426 0.3109 0.0000 0.8004
0.4987 0.6437 0.3151 0.0000 0.7828
0.4974 0.6427 0.3210 0.0000 0.7928
0.4975 0.6433 0.3194 0.0000 0.7954
0.4986 0.6445 0.3159 0.0000 0.7908
0.4956 0.6418 0.3277 0.0000 0.7951
0.4971 0.6411 0.3238 0.0000 0.7902
0.4966 0.6425 0.3134 0.0000 0.8002
0.5203 0.6716 0.1063 0.0936 0.8408
0.4957 0.6441 0.3261 0.0000 0.7984
0.4943 0.6405 0.3306 0.0000 0.8031
0.4973 0.6435 0.3248 0.0000 0.7930
0.4977 0.6444 0.3208 0.0000 0.8079
0.4953 0.6459 0.3267 0.0000 0.8037
0.5171 0.6595 0.2229 0.0004 0.8253
0.4954 0.6444 0.3214 0.0000 0.9428
0.4972 0.6458 0.3219 0.0000 0.7929
0.4940 0.6396 0.3227 0.0000 0.8051
0.4948 0.6411 0.3176 0.0000 0.8136
0.4941 0.6404 0.3236 0.0000 0.8073
0.4954 0.6396 0.3196 0.0000 0.7994
0.4964 0.6422 0.3219 0.0000 0.7996
0.4969 0.6438 0.3155 0.0000 0.8140
0.4964 0.6423 0.3166 0.0000 0.8032
0.4946 0.6406 0.3293 0.0000 0.7992
0.4969 0.6420 0.3115 0.0000 0.8172
0.4945 0.6409 0.3245 0.0000 0.8031
0.4951 0.6408 0.3207 0.0000 0.8014
0.4953 0.6421 0.3272 0.0000 0.8003
0.4952 0.6420 0.3244 0.0000 0.7990
0.4964 0.6422 0.3142 0.0000 0.8080
0.4974 0.6440 0.3088 0.0000 0.8063
0.4970 0.6437 0.3175 0.0000 0.7914
0.4978 0.6444 0.3058 0.0000 0.8083
0.4976 0.6439 0.3048 0.0000 0.8026
0.4961 0.6440 0.3134 0.0000 0.8029
0.4982 0.6465 0.2974 0.0000 0.8016
0.4977 0.6447 0.3120 0.0000 0.8028
0.4976 0.6452 0.3115 0.0000 0.8182
0.4973 0.6455 0.3007 0.0000 0.8024
0.4969 0.6444 0.3048 0.0000 0.8037
0.4974 0.6460 0.3011 0.0000 0.8023
0.4991 0.6444 0.3084 0.0000 0.8057
0.4981 0.6442 0.3097 0.0000 0.7981
0.4998 0.6456 0.2940 0.0000 0.8020
0.4968 0.6409 0.3185 0.0000 0.7946
0.4993 0.6431 0.2997 0.0000 0.8013
0.4990 0.6422 0.3031 0.0000 0.8058
0.4987 0.6420 0.3067 0.0000 0.7996
0.4985 0.6420 0.3071 0.0000 0.7948
0.4982 0.6396 0.3168 0.0000 0.7918
0.4990 0.6395 0.3106 0.0000 0.7905
0.4997 0.6413 0.3040 0.0000 0.7850
0.5003 0.6409 0.3017 0.0000 0.7987
0.4983 0.6400 0.3110 0.0000 0.7975
0.4974 0.6397 0.3164 0.0000 0.7898
0.4973 0.6401 0.3103 0.0000 0.8054
0.4975 0.6404 0.3146 0.0000 0.7871
0.4986 0.6420 0.3061 0.0000 0.7933
0.4979 0.6409 0.3129 0.0000 0.7990
0.4986 0.6430 0.3042 0.0000 0.7913
0.4978 0.6418 0.3099 0.0000 0.7927
0.4999 0.6436 0.2976 0.0000 0.7967
0.4973 0.6404 0.3173 0.0000 0.7899
0.4977 0.6416 0.3113 0.0000 0.7921
0.4981 0.6424 0.3068 0.0000 0.7914
0.4981 0.6422 0.3073 0.0000 0.7937
0.5148 0.6584 0.2133 0.0007 0.8183
0.4971 0.6421 0.3145 0.0000 0.7920
0.5134 0.6560 0.2325 0.0002 0.8139
0.4971 0.6422 0.3139 0.0000 0.7915
0.4965 0.6424 0.3162 0.0000 0.7912
0.4963 0.6426 0.3194 0.0000 0.7898
0.4966 0.6426 0.3154 0.0000 0.7902
0.4961 0.6419 0.3221 0.0000 0.7944
0.4967 0.6420 0.3169 0.0000 0.7921
0.4965 0.6419 0.3224 0.0000 0.7868
0.4973 0.6428 0.3115 0.0000 0.7851
0.4967 0.6413 0.3152 0.0000 0.7902
0.4976 0.6423 0.3081 0.0000 0.7968
0.4972 0.6418 0.3117 0.0000 0.7915
0.4950 0.6394 0.3337 0.0000 0.7874
0.4956 0.6393 0.3280 0.0000 0.7824
0.4953 0.6384 0.3296 0.0000 0.7832
0.4951 0.6383 0.3341 0.0000 0.7849
0.4950 0.6389 0.3364 0.0000 0.7866
0.4949 0.6381 0.3286 0.0000 0.7918
0.4942 0.6370 0.3352 0.0000 0.7878
0.4949 0.6385 0.3391 0.0000 0.7860
0.4964 0.6405 0.3206 0.0000 0.7892
0.4954 0.6404 0.3350 0.0000 0.7840
0.4953 0.6404 0.3327 0.0000 0.7881
0.4952 0.6384 0.3306 0.0000 0.8037
0.4962 0.6378 0.3304 0.0000 0.7868
0.4962 0.6377 0.3274 0.0000 0.7838
0.4960 0.6376 0.3265 0.0000 0.7847
0.4968 0.6380 0.3234 0.0000 0.7839
0.4952 0.6368 0.3329 0.0000 0.7823
0.4954 0.6374 0.3334 0.0000 0.7815
0.4953 0.6365 0.3359 0.0000 0.7811
0.4954 0.6370 0.3353 0.0000 0.7831
0.4951 0.6357 0.3365 0.0000 0.7767
0.4950 0.6362 0.3331 0.0000 0.7795
0.4948 0.6361 0.3372 0.0000 0.7801
0.4948 0.6363 0.3336 0.0000 0.7808
0.4953 0.6369 0.3383 0.0000 0.7723
0.4953 0.6361 0.3361 0.0000 0.7793
0.4946 0.6359 0.3352 0.0000 0.7886
0.4968 0.6376 0.3311 0.0000 0.7841
0.4957 0.6362 0.3325 0.0000 0.7808
0.4957 0.6367 0.3294 0.0000 0.7811
0.4956 0.6353 0.3307 0.0000 0.7922
0.4955 0.6361 0.3288 0.0000 0.7897
0.4954 0.6359 0.3329 0.0000 0.7792
0.4958 0.6364 0.3326 0.0000 0.7820
0.4998 0.6366 0.3163 0.0000 0.8069
0.4981 0.6352 0.3204 0.0000 0.7963
0.4985 0.6351 0.3203 0.0000 0.8165
0.4986 0.6353 0.3192 0.0000 0.8089
0.4996 0.6358 0.3157 0.0000 0.8080
0.4985 0.6342 0.3221 0.0000 0.8073
0.5001 0.6360 0.3159 0.0000 0.8045
0.5010 0.6351 0.3202 0.0000 0.7940
0.5027 0.6366 0.3105 0.0000 0.8139
0.5043 0.6359 0.3165 0.0000 0.8081
0.4996 0.6342 0.3224 0.0000 0.8031
0.5020 0.6354 0.3269 0.0000 0.8058
0.4996 0.6337 0.3225 0.0000 0.8084
0.5177 0.6529 0.2190 0.0005 0.8368
0.4997 0.6337 0.3219 0.0000 0.8032
0.5005 0.6346 0.3202 0.0000 0.8034
0.4995 0.6333 0.3239 0.0000 0.7987
0.4999 0.6332 0.3235 0.0000 0.8032
0.4996 0.6334 0.3230 0.0000 0.8064
0.4998 0.6333 0.3228 0.0000 0.8000
0.4994 0.6317 0.3286 0.0000 0.7989
0.4992 0.6331 0.3245 0.0000 0.7975
0.4985 0.6326 0.3269 0.0000 0.8097
0.4979 0.6323 0.3288 0.0000 0.8050
0.4990 0.6330 0.3280 0.0000 0.8038
0.4993 0.6333 0.3281 0.0000 0.7909
0.5174 0.6528 0.2231 0.0004 0.8253
0.4991 0.6325 0.3282 0.0000 0.8065
0.4988 0.6328 0.3278 0.0000 0.8065
0.4986 0.6327 0.3282 0.0000 0.8002
0.5015 0.6355 0.3154 0.0000 0.8022
0.4990 0.6314 0.3324 0.0000 0.7957
0.5002 0.6340 0.3218 0.0000 0.7960
0.5009 0.6342 0.3190 0.0000 0.8018
0.5246 0.6556 0.1948 0.0020 0.8365
0.5221 0.6520 0.2172 0.0005 0.8278
0.5073 0.6306 0.3313 0.0000 0.8119
0.5027 0.6359 0.3250 0.0000 0.7940
0.5014 0.6337 0.3213 0.0000 0.7961
0.5016 0.6340 0.3191 0.0000 0.8013
0.5037 0.6370 0.3169 0.0000 0.8098
0.5017 0.6350 0.3246 0.0000 0.7992
0.5039 0.6375 0.3228 0.0000 0.7998
0.5020 0.6338 0.3247 0.0000 0.7963
0.5053 0.6381 0.3169 0.0000 0.8027
0.5029 0.6357 0.3149 0.0000 0.8021
0.5033 0.6364 0.3113 0.0000 0.7972
0.5054 0.6403 0.3157 0.0000 0.8050
0.5037 0.6388 0.3109 0.0000 0.7947
0.5033 0.6381 0.3039 0.0000 0.8014
0.5031 0.6367 0.3078 0.0000 0.8054
0.5033 0.6374 0.3055 0.0000 0.8047
0.5036 0.6380 0.3163 0.0000 0.7940
0.5031 0.6372 0.3078 0.0000 0.8053
0.5027 0.6376 0.3079 0.0000 0.7939
0.5035 0.6378 0.3017 0.0000 0.7955
0.5018 0.6376 0.3084 0.0000 0.7994
0.5023 0.6380 0.3036 0.0000 0.8038
0.5023 0.6366 0.3099 0.0000 0.8009
0.5193 0.6505 0.2292 0.0003 0.8198
0.5023 0.6354 0.3114 0.0000 0.8054
0.5229 0.6547 0.1985 0.0016 0.8339
0.5030 0.6366 0.3072 0.0000 0.8050
0.5031 0.6366 0.3061 0.0000 0.8069
0.5251 0.6526 0.2119 0.0007 0.8298
0.5016 0.6389 0.2984 0.0000 0.8061
0.5016 0.6364 0.3071 0.0000 0.8125
0.5037 0.6381 0.3090 0.0000 0.8039
0.5017 0.6363 0.3078 0.0000 0.8221
0.5016 0.6363 0.3099 0.0000 0.7985
0.5238 0.6543 0.2007 0.0014 0.8299
0.5028 0.6372 0.3171 0.0000 0.7974
0.5033 0.6367 0.3156 0.0000 0.7952
0.5032 0.6355 0.3079 0.0000 0.7983
0.5031 0.6385 0.3134 0.0000 0.8090
0.5018 0.6360 0.3078 0.0000 0.8137
0.5039 0.6370 0.3048 0.0000 0.8019
0.5225 0.6525 0.2133 0.0007 0.8313
0.5020 0.6375 0.3078 0.0000 0.8092
0.5021 0.6369 0.3041 0.0000 0.8063
0.5015 0.6380 0.2994 0.0000 0.8100
0.5044 0.6377 0.2999 0.0000 0.8031
0.5021 0.6372 0.3069 0.0000 0.7914
0.5035 0.6372 0.3013 0.0000 0.8107
0.5021 0.6380 0.3003 0.0000 0.8058
0.5031 0.6382 0.3031 0.0000 0.7988
0.5025 0.6379 0.3003 0.0000 0.8037
0.5028 0.6379 0.3002 0.0000 0.8014
0.5023 0.6381 0.2984 0.0000 0.8075
0.5030 0.6379 0.2996 0.0000 0.8020
0.5049 0.6394 0.2978 0.0000 0.7952
0.5025 0.6381 0.3010 0.0000 0.8084
0.5055 0.6377 0.3015 0.0000 0.8004
0.5042 0.6388 0.2929 0.0000 0.8014
0.5041 0.6387 0.2940 0.0000 0.7992
0.5045 0.6386 0.2938 0.0000 0.8043
0.5048 0.6387 0.2970 0.0000 0.7990
0.5048 0.6377 0.2986 0.0000 0.8013
0.5038 0.6369 0.3025 0.0000 0.7999
0.5048 0.6377 0.3034 0.0000 0.8028
0.5066 0.6392 0.2923 0.0000 0.8084
0.5046 0.6378 0.3028 0.0000 0.7966
0.5040 0.6375 0.3001 0.0000 0.8022
0.5044 0.6374 0.3007 0.0000 0.7947
0.5039 0.6375 0.2997 0.0000 0.7968
0.5037 0.6372 0.3002 0.0000 0.7970
0.5037 0.6367 0.3032 0.0000 0.7936
0.5031 0.6369 0.3036 0.0000 0.7990
0.5025 0.6376 0.3006 0.0000 0.7905
0.5016 0.6364 0.3071 0.0000 0.7993
0.5017 0.6365 0.3053 0.0000 0.8023
0.5014 0.6371 0.3108 0.0000 0.7991
0.5020 0.6371 0.3041 0.0000 0.7990
0.5009 0.6373 0.3042 0.0000 0.7893
0.5022 0.6372 0.3048 0.0000 0.7974
0.5016 0.6365 0.3051 0.0000 0.8025
0.5032 0.6375 0.2998 0.0000 0.8132
0.5030 0.6370 0.3062 0.0000 0.8073
0.5034 0.6366 0.3031 0.0000 0.8031
0.5040 0.6367 0.3021 0.0000 0.8013
0.5030 0.6371 0.3016 0.0000 0.7964
0.5037 0.6369 0.3021 0.0000 0.8101
0.5027 0.6364 0.3091 0.0000 0.8033
0.5023 0.6359 0.3065 0.0000 0.8069
0.5029 0.6363 0.3042 0.0000 0.8061
0.5025 0.6361 0.3086 0.0000 0.8009
0.5033 0.6359 0.3056 0.0000 0.8037
0.5033 0.6368 0.3111 0.0000 0.8044
0.5022 0.6362 0.3054 0.0000 0.7999
0.5020 0.6354 0.3089 0.0000 0.7992
0.5018 0.6359 0.3066 0.0000 0.7978
0.5020 0.6364 0.3101 0.0000 0.8002
0.5014 0.6361 0.3080 0.0000 0.7960
0.5017 0.6355 0.3086 0.0000 0.7992
0.5031 0.6359 0.3070 0.0000 0.7896
0.5021 0.6356 0.3087 0.0000 0.7884
0.5022 0.6360 0.3066 0.0000 0.7971
0.5031 0.6354 0.3096 0.0000 0.7979
0.5032 0.6365 0.3092 0.0000 0.8036
0.5021 0.6359 0.3081 0.0000 0.7876
0.5003 0.6365 0.3060 0.0000 0.8059
0.5014 0.6354 0.3097 0.0000 0.7972
0.5013 0.6364 0.3124 0.0000 0.8055
0.5022 0.6358 0.3104 0.0000 0.7880
0.5011 0.6351 0.3125 0.0000 0.7876
0.5008 0.6353 0.3118 0.0000 0.7967
0.5017 0.6358 0.3089 0.0000 0.7960
0.5006 0.6359 0.3069 0.0000 0.7953
0.5013 0.6357 0.3104 0.0000 0.7956
0.5016 0.6361 0.3097 0.0000 0.7931
0.5039 0.6376 0.3142 0.0000 0.8085
0.5017 0.6347 0.3145 0.0000 0.7895
0.5015 0.6350 0.3122 0.0000 0.7970
0.5023 0.6352 0.3115 0.0000 0.7958
0.5019 0.6358 0.3070 0.0000 0.8008
0.5021 0.6356 0.3094 0.0000 0.7915
0.5029 0.6364 0.3049 0.0000 0.7928
0.5020 0.6358 0.3068 0.0000 0.7969
0.5029 0.6354 0.3080 0.0000 0.7986
0.5023 0.6361 0.3095 0.0000 0.8052
0.5024 0.6357 0.3077 0.0000 0.7960
0.5036 0.6350 0.3117 0.0000 0.7955
0.5027 0.6356 0.3086 0.0000 0.7937
0.5034 0.6344 0.3134 0.0000 0.8048
0.5014 0.6340 0.3145 0.0000 0.7952
0.5049 0.6351 0.3160 0.0000 0.7968
0.5023 0.6341 0.3144 0.0000 0.8041
0.5026 0.6339 0.3146 0.0000 0.8010
0.5027 0.6333 0.3194 0.0000 0.8022
0.5020 0.6347 0.3172 0.0000 0.8029
0.5015 0.6342 0.3144 0.0000 0.7998
0.5024 0.6351 0.3126 0.0000 0.7912
0.5020 0.6348 0.3125 0.0000 0.7952
0.5038 0.6347 0.3118 0.0000 0.7923
0.5028 0.6350 0.3109 0.0000 0.8042
0.5058 0.6372 0.3071 0.0000 0.8071
0.5044 0.6368 0.3042 0.0000 0.7962
0.5038 0.6357 0.3074 0.0000 0.7921
0.5036 0.6360 0.3053 0.0000 0.7930
0.5038 0.6352 0.3106 0.0000 0.7869
0.5035 0.6364 0.3079 0.0000 0.7976
0.5037 0.6360 0.3061 0.0000 0.8002
0.5033 0.6362 0.3053 0.0000 0.8043
0.5038 0.6368 0.3019 0.0000 0.8026
0.5034 0.6368 0.3024 0.0000 0.8019
0.5041 0.6361 0.3051 0.0000 0.7902
0.5042 0.6376 0.2986 0.0000 0.7987
0.5052 0.6386 0.2939 0.0000 0.8038
0.5035 0.6380 0.2992 0.0000 0.8064
0.5050 0.6366 0.3025 0.0000 0.7906
0.5037 0.6377 0.2987 0.0000 0.8013
0.5032 0.6365 0.3041 0.0000 0.7967
0.5027 0.6373 0.3027 0.0000 0.8073
0.5027 0.6372 0.3018 0.0000 0.8003
0.5034 0.6377 0.2994 0.0000 0.8023
0.5043 0.6367 0.3024 0.0000 0.7915
0.5039 0.6371 0.3010 0.0000 0.7920
0.5030 0.6382 0.2988 0.0000 0.8004
0.5041 0.6386 0.2973 0.0000 0.7999
0.5033 0.6386 0.2967 0.0000 0.7960
0.5032 0.6380 0.2985 0.0000 0.8016
0.5030 0.6378 0.2992 0.0000 0.7968
0.5045 0.6381 0.2971 0.0000 0.7968
0.5032 0.6373 0.3008 0.0000 0.7969
0.5032 0.6376 0.3009 0.0000 0.7969
0.5034 0.6368 0.3032 0.0000 0.7914
0.5024 0.6383 0.2986 0.0000 0.8031
0.5023 0.6371 0.3030 0.0000 0.7975
0.5031 0.6373 0.3011 0.0000 0.8020
0.5042 0.6372 0.3019 0.0000 0.7892
0.5036 0.6378 0.2991 0.0000 0.8001
0.5039 0.6364 0.3041 0.0000 0.7929
0.5033 0.6383 0.2997 0.0000 0.8040
0.5039 0.6371 0.3009 0.0000 0.8036
0.5036 0.6377 0.3015 0.0000 0.7916
0.5033 0.6376 0.3009 0.0000 0.7969
0.5045 0.6388 0.3001 0.0000 0.7939
0.5041 0.6366 0.3035 0.0000 0.8060
0.5035 0.6364 0.3042 0.0000 0.8006
0.5040 0.6367 0.3085 0.0000 0.7984
0.5036 0.6355 0.3095 0.0000 0.7950
0.5059 0.6370 0.3062 0.0000 0.7868
0.5066 0.6360 0.3124 0.0000 0.7856
0.5045 0.6349 0.3113 0.0000 0.7931
0.5046 0.6364 0.3053 0.0000 0.7921
0.5034 0.6348 0.3115 0.0000 0.7913
0.5054 0.6368 0.3038 0.0000 0.7924
0.5043 0.6348 0.3107 0.0000 0.7908
0.5044 0.6340 0.3146 0.0000 0.7967
0.5021 0.6344 0.3145 0.0000 0.7886
0.5048 0.6348 0.3119 0.0000 0.7929
0.5041 0.6352 0.3101 0.0000 0.7978
0.5023 0.6341 0.3148 0.0000 0.7977
0.5039 0.6359 0.3089 0.0000 0.8011
0.5042 0.6356 0.3097 0.0000 0.7925
0.5050 0.6347 0.3131 0.0000 0.7873
0.5046 0.6347 0.3130 0.0000 0.7882
