0.8629 1.1984 0.3754 0.0004 1.5932
0.8741 1.2072 0.3744 0.0004 1.5993
0.8819 1.2118 0.3759 0.0004 1.6064
0.8852 1.2121 0.3783 0.0003 1.6099
0.8502 1.1857 0.3981 0.0001 1.5838
0.8590 1.1923 0.3538 0.0008 1.6124
0.8585 1.1921 0.3550 0.0008 1.6092
0.8587 1.1904 0.3594 0.0007 1.6061
0.8666 1.1980 0.3585 0.0007 1.6080
0.8702 1.2023 0.3519 0.0009 1.6093
0.8723 1.2045 0.3494 0.0010 1.6088
0.8675 1.2026 0.3494 0.0010 1.6064
0.8687 1.2019 0.3491 0.0010 1.6045
0.8716 1.2057 0.3582 0.0007 1.6082
0.8699 1.2050 0.3592 0.0007 1.6059
0.8694 1.2051 0.3595 0.0007 1.6045
0.8920 1.2181 0.3588 0.0007 1.6178
0.8892 1.2180 0.3597 0.0007 1.6169
0.8908 1.2223 0.3565 0.0008 1.6184
0.8903 1.2209 0.3559 0.0008 1.6164
0.8848 1.2149 0.3609 0.0006 1.6117
0.8875 1.2168 0.3617 0.0006 1.6119
0.8877 1.2174 0.3617 0.0006 1.6112
0.8881 1.2182 0.3613 0.0006 1.6109
0.8913 1.2203 0.3578 0.0007 1.6122
0.8915 1.2207 0.3579 0.0007 1.6118
0.9044 1.2314 0.3873 0.0002 1.6148
0.9045 1.2324 0.3866 0.0002 1.6151
0.9013 1.2284 0.3911 0.0002 1.6115
0.9017 1.2270 0.3929 0.0002 1.6107
0.9019 1.2279 0.3922 0.0002 1.6111
0.9038 1.2348 0.3734 0.0004 1.6195
0.8972 1.2279 0.3788 0.0003 1.6147
0.8932 1.2218 0.3793 0.0003 1.6103
0.8943 1.2237 0.3777 0.0003 1.6118
0.8931 1.2244 0.3792 0.0003 1.6119
0.8930 1.2245 0.3804 0.0003 1.6117
0.8931 1.2247 0.3804 0.0003 1.6119
0.8895 1.2217 0.3844 0.0003 1.6092
0.8896 1.2225 0.3849 0.0003 1.6098
0.8892 1.2225 0.3861 0.0002 1.6098
0.8895 1.2225 0.3863 0.0002 1.6101
0.8923 1.2263 0.3844 0.0003 1.6134
0.8926 1.2282 0.3819 0.0003 1.6163
0.8931 1.2286 0.3816 0.0003 1.6171
0.8920 1.2285 0.3836 0.0003 1.6171
0.8943 1.2352 0.3743 0.0004 1.6210
0.8961 1.2364 0.3737 0.0004 1.6225
0.9006 1.2394 0.3717 0.0004 1.6253
0.9001 1.2399 0.3719 0.0004 1.6259
0.9023 1.2416 0.3708 0.0004 1.6280
0.9031 1.2438 0.3673 0.0005 1.6314
0.9031 1.2435 0.3673 0.0005 1.6318
0.9034 1.2440 0.3672 0.0005 1.6331
0.9037 1.2418 0.3703 0.0004 1.6316
0.9035 1.2411 0.3705 0.0004 1.6318
0.9041 1.2412 0.3704 0.0004 1.6329
0.9106 1.2480 0.3706 0.0004 1.6383
0.9096 1.2466 0.3721 0.0004 1.6379
0.9100 1.2479 0.3714 0.0004 1.6398
0.8921 1.2280 0.3762 0.0004 1.6234
0.8946 1.2329 0.3701 0.0005 1.6292
0.8945 1.2318 0.3706 0.0004 1.6289
0.8927 1.2304 0.3718 0.0004 1.6282
0.8930 1.2307 0.3716 0.0004 1.6297
0.9022 1.2352 0.3608 0.0006 1.6290
0.9009 1.2259 0.3656 0.0005 1.6162
0.8985 1.2231 0.3675 0.0005 1.6139
0.8990 1.2234 0.3669 0.0005 1.6147
0.9027 1.2297 0.3621 0.0006 1.6206
0.9031 1.2300 0.3637 0.0006 1.6193
0.9046 1.2333 0.3590 0.0007 1.6207
0.8964 1.2223 0.3660 0.0005 1.6118
0.8956 1.2209 0.3658 0.0005 1.6108
0.8925 1.2151 0.3725 0.0004 1.6065
0.8851 1.2074 0.3730 0.0004 1.6010
0.8855 1.2072 0.3724 0.0004 1.6009
0.8853 1.2067 0.3729 0.0004 1.6004
0.8824 1.2041 0.3740 0.0004 1.5983
0.8821 1.2014 0.3752 0.0004 1.5959
0.8760 1.1944 0.3819 0.0003 1.5901
0.8766 1.1950 0.3816 0.0003 1.5906
0.8767 1.1951 0.3815 0.0003 1.5907
0.8725 1.1934 0.3817 0.0003 1.5893
0.8748 1.1828 0.4023 0.0001 1.5840
0.8745 1.1825 0.4029 0.0001 1.5832
0.8751 1.1841 0.4016 0.0001 1.5840
0.8761 1.1847 0.4002 0.0001 1.5842
0.8762 1.1815 0.4069 0.0001 1.5812
0.8762 1.1816 0.4070 0.0001 1.5807
0.8762 1.1818 0.4071 0.0001 1.5804
0.8770 1.1827 0.4064 0.0001 1.5807
0.8801 1.1856 0.4052 0.0001 1.5821
0.8756 1.1830 0.4083 0.0001 1.5796
0.8758 1.1833 0.4081 0.0001 1.5796
0.8757 1.1834 0.4085 0.0001 1.5794
0.8744 1.1858 0.4063 0.0001 1.5808
0.8745 1.1859 0.4062 0.0001 1.5807
0.8752 1.1867 0.4054 0.0001 1.5811
0.8721 1.1836 0.4077 0.0001 1.5787
0.8708 1.1815 0.4108 0.0001 1.5768
0.8591 1.1700 0.4200 0.0001 1.5703
0.8589 1.1686 0.4218 0.0001 1.5693
0.8576 1.1689 0.4217 0.0001 1.5691
0.8569 1.1668 0.4245 0.0000 1.5675
0.8525 1.1645 0.4252 0.0000 1.5658
0.8550 1.1651 0.4244 0.0000 1.5660
0.8552 1.1653 0.4240 0.0000 1.5658
0.8555 1.1664 0.4233 0.0000 1.5662
0.8576 1.1682 0.4211 0.0001 1.5678
0.8575 1.1683 0.4213 0.0001 1.5675
0.8579 1.1692 0.4201 0.0001 1.5681
0.8560 1.1698 0.4191 0.0001 1.5683
0.8562 1.1701 0.4188 0.0001 1.5684
0.8560 1.1704 0.4182 0.0001 1.5684
0.8522 1.1669 0.4213 0.0001 1.5656
0.8547 1.1697 0.4175 0.0001 1.5679
0.8549 1.1698 0.4175 0.0001 1.5679
0.8597 1.1780 0.4123 0.0001 1.5741
0.8636 1.1815 0.4112 0.0001 1.5766
0.8652 1.1822 0.4098 0.0001 1.5772
0.8637 1.1788 0.4171 0.0001 1.5764
0.8621 1.1780 0.4169 0.0001 1.5757
0.8606 1.1764 0.4193 0.0001 1.5741
0.8607 1.1767 0.4193 0.0001 1.5739
0.8607 1.1767 0.4193 0.0001 1.5737
0.8593 1.1750 0.4209 0.0001 1.5722
0.8588 1.1744 0.4215 0.0001 1.5716
0.8590 1.1751 0.4204 0.0001 1.5719
0.8592 1.1753 0.4203 0.0001 1.5719
0.8587 1.1766 0.4186 0.0001 1.5730
0.8552 1.1751 0.4210 0.0001 1.5713
0.8552 1.1750 0.4213 0.0001 1.5711
0.8521 1.1729 0.4228 0.0001 1.5695
0.8503 1.1705 0.4242 0.0000 1.5677
0.8474 1.1667 0.4269 0.0000 1.5647
0.8468 1.1662 0.4276 0.0000 1.5640
0.8510 1.1706 0.4212 0.0001 1.5683
0.8477 1.1680 0.4235 0.0000 1.5662
0.8529 1.1715 0.4221 0.0001 1.5690
0.8508 1.1697 0.4236 0.0000 1.5673
0.8505 1.1694 0.4233 0.0000 1.5670
0.8503 1.1692 0.4235 0.0000 1.5667
0.8513 1.1666 0.4255 0.0000 1.5650
0.8524 1.1674 0.4254 0.0000 1.5654
0.8470 1.1650 0.4278 0.0000 1.5631
0.8468 1.1646 0.4284 0.0000 1.5626
0.8437 1.1642 0.4287 0.0000 1.5619
0.8405 1.1604 0.4323 0.0000 1.5588
0.8427 1.1609 0.4312 0.0000 1.5594
0.8452 1.1703 0.4252 0.0000 1.5675
0.8456 1.1725 0.4207 0.0001 1.5697
0.8427 1.1693 0.4232 0.0000 1.5671
0.8321 1.1610 0.4263 0.0000 1.5625
0.8321 1.1617 0.4259 0.0000 1.5627
0.8316 1.1615 0.4264 0.0000 1.5625
0.8327 1.1626 0.4249 0.0000 1.5632
0.8267 1.1527 0.4378 0.0000 1.5563
0.8239 1.1511 0.4394 0.0000 1.5549
0.8260 1.1529 0.4365 0.0000 1.5564
0.8231 1.1500 0.4400 0.0000 1.5539
0.8191 1.1466 0.4396 0.0000 1.5512
0.8167 1.1464 0.4373 0.0000 1.5515
0.8155 1.1460 0.4380 0.0000 1.5509
0.8157 1.1461 0.4381 0.0000 1.5508
0.8123 1.1401 0.4450 0.0000 1.5466
0.8118 1.1406 0.4445 0.0000 1.5466
0.8186 1.1488 0.4357 0.0000 1.5541
0.8177 1.1494 0.4347 0.0000 1.5543
0.8173 1.1496 0.4338 0.0000 1.5541
0.8183 1.1518 0.4312 0.0000 1.5557
0.8183 1.1491 0.4344 0.0000 1.5538
0.8194 1.1500 0.4335 0.0000 1.5543
0.8123 1.1420 0.4429 0.0000 1.5482
0.8122 1.1419 0.4430 0.0000 1.5478
0.8103 1.1412 0.4434 0.0000 1.5472
0.8099 1.1417 0.4416 0.0000 1.5477
0.8109 1.1432 0.4404 0.0000 1.5486
0.8120 1.1463 0.4375 0.0000 1.5511
0.8133 1.1486 0.4334 0.0000 1.5530
0.8124 1.1473 0.4351 0.0000 1.5518
0.8120 1.1469 0.4359 0.0000 1.5513
0.8119 1.1470 0.4359 0.0000 1.5510
0.8123 1.1467 0.4371 0.0000 1.5506
0.8140 1.1485 0.4341 0.0000 1.5523
0.8142 1.1475 0.4338 0.0000 1.5507
0.8120 1.1459 0.4352 0.0000 1.5495
0.8121 1.1460 0.4351 0.0000 1.5493
0.8115 1.1458 0.4352 0.0000 1.5489
0.8084 1.1423 0.4403 0.0000 1.5465
0.8085 1.1423 0.4404 0.0000 1.5463
0.8090 1.1423 0.4398 0.0000 1.5463
0.8081 1.1412 0.4417 0.0000 1.5455
0.8091 1.1420 0.4408 0.0000 1.5460
0.8096 1.1415 0.4424 0.0000 1.5455
0.8096 1.1414 0.4426 0.0000 1.5452
0.8083 1.1396 0.4448 0.0000 1.5436
0.8073 1.1351 0.4508 0.0000 1.5401
0.8077 1.1348 0.4514 0.0000 1.5397
0.8065 1.1347 0.4505 0.0000 1.5396
0.8032 1.1318 0.4540 0.0000 1.5372
0.8033 1.1320 0.4537 0.0000 1.5371
0.8037 1.1329 0.4521 0.0000 1.5376
0.8057 1.1333 0.4488 0.0000 1.5380
0.8055 1.1331 0.4492 0.0000 1.5377
0.8055 1.1329 0.4494 0.0000 1.5373
0.8041 1.1320 0.4502 0.0000 1.5367
0.8041 1.1320 0.4502 0.0000 1.5365
0.8032 1.1299 0.4533 0.0000 1.5346
0.8005 1.1269 0.4574 0.0000 1.5327
0.8025 1.1271 0.4566 0.0000 1.5334
0.8029 1.1275 0.4561 0.0000 1.5335
0.8029 1.1274 0.4562 0.0000 1.5332
0.8240 1.1416 0.4362 0.0000 1.5464
0.8254 1.1439 0.4314 0.0000 1.5473
0.8246 1.1446 0.4295 0.0000 1.5478
0.8246 1.1446 0.4295 0.0000 1.5476
0.8262 1.1473 0.4250 0.0000 1.5498
0.8235 1.1449 0.4282 0.0000 1.5480
0.8228 1.1464 0.4251 0.0000 1.5491
0.8238 1.1473 0.4242 0.0000 1.5501
0.8234 1.1473 0.4240 0.0000 1.5499
0.8240 1.1487 0.4214 0.0001 1.5512
0.8230 1.1477 0.4230 0.0000 1.5501
0.8226 1.1472 0.4235 0.0000 1.5496
0.8211 1.1457 0.4256 0.0000 1.5483
0.8208 1.1457 0.4251 0.0000 1.5482
0.8208 1.1457 0.4252 0.0000 1.5481
0.8220 1.1471 0.4230 0.0000 1.5492
0.8216 1.1468 0.4234 0.0000 1.5488
0.8218 1.1471 0.4231 0.0000 1.5489
0.8218 1.1471 0.4230 0.0000 1.5488
0.8220 1.1477 0.4219 0.0001 1.5493
0.8224 1.1481 0.4215 0.0001 1.5495
0.8228 1.1477 0.4227 0.0001 1.5493
0.8231 1.1478 0.4228 0.0000 1.5493
0.8219 1.1479 0.4221 0.0001 1.5493
0.8218 1.1479 0.4222 0.0001 1.5492
0.8238 1.1491 0.4208 0.0001 1.5500
0.8238 1.1491 0.4209 0.0001 1.5499
0.8201 1.1449 0.4285 0.0000 1.5473
0.8212 1.1457 0.4274 0.0000 1.5479
0.8211 1.1456 0.4275 0.0000 1.5477
0.8212 1.1459 0.4273 0.0000 1.5478
0.8201 1.1462 0.4266 0.0000 1.5478
0.8193 1.1460 0.4265 0.0000 1.5476
0.8191 1.1473 0.4237 0.0000 1.5488
0.8191 1.1473 0.4237 0.0000 1.5486
0.8191 1.1473 0.4237 0.0000 1.5487
0.8194 1.1488 0.4211 0.0001 1.5499
0.8195 1.1490 0.4210 0.0001 1.5500
0.8189 1.1483 0.4220 0.0001 1.5492
0.8187 1.1481 0.4223 0.0001 1.5490
0.8189 1.1485 0.4215 0.0001 1.5491
0.8187 1.1485 0.4217 0.0001 1.5490
0.8190 1.1492 0.4203 0.0001 1.5497
0.8201 1.1511 0.4175 0.0001 1.5512
0.8196 1.1532 0.4134 0.0001 1.5535
0.8195 1.1530 0.4137 0.0001 1.5532
0.8182 1.1537 0.4114 0.0001 1.5542
0.8182 1.1536 0.4114 0.0001 1.5541
0.8182 1.1536 0.4114 0.0001 1.5540
0.8217 1.1521 0.4184 0.0001 1.5516
0.8221 1.1524 0.4179 0.0001 1.5517
0.8222 1.1517 0.4187 0.0001 1.5508
0.8225 1.1525 0.4173 0.0001 1.5514
0.8201 1.1510 0.4195 0.0001 1.5503
0.8196 1.1513 0.4187 0.0001 1.5508
0.8197 1.1517 0.4181 0.0001 1.5510
0.8195 1.1516 0.4182 0.0001 1.5507
0.8208 1.1530 0.4171 0.0001 1.5516
0.8244 1.1561 0.4130 0.0001 1.5540
0.8242 1.1550 0.4151 0.0001 1.5532
0.8225 1.1541 0.4161 0.0001 1.5522
0.8225 1.1542 0.4160 0.0001 1.5521
0.8224 1.1541 0.4161 0.0001 1.5520
0.8218 1.1542 0.4162 0.0001 1.5517
0.8187 1.1508 0.4191 0.0001 1.5513
0.8223 1.1525 0.4153 0.0001 1.5537
0.8224 1.1526 0.4151 0.0001 1.5536
0.8234 1.1574 0.4085 0.0001 1.5593
0.8235 1.1575 0.4083 0.0001 1.5593
0.8235 1.1576 0.4083 0.0001 1.5592
0.8252 1.1575 0.4095 0.0001 1.5595
0.8250 1.1575 0.4095 0.0001 1.5594
0.8251 1.1575 0.4095 0.0001 1.5594
0.8261 1.1574 0.4101 0.0001 1.5593
0.8261 1.1570 0.4105 0.0001 1.5589
0.8267 1.1572 0.4108 0.0001 1.5592
0.8263 1.1563 0.4120 0.0001 1.5583
0.8251 1.1542 0.4147 0.0001 1.5567
0.8251 1.1537 0.4160 0.0001 1.5562
0.8230 1.1534 0.4159 0.0001 1.5559
0.8231 1.1534 0.4159 0.0001 1.5557
0.8205 1.1489 0.4220 0.0001 1.5521
0.8205 1.1488 0.4222 0.0001 1.5519
0.8207 1.1492 0.4214 0.0001 1.5523
0.8203 1.1491 0.4215 0.0001 1.5521
0.8201 1.1493 0.4210 0.0001 1.5522
0.8213 1.1513 0.4171 0.0001 1.5540
0.8209 1.1510 0.4175 0.0001 1.5537
0.8209 1.1507 0.4180 0.0001 1.5534
0.8210 1.1509 0.4176 0.0001 1.5536
0.8207 1.1506 0.4178 0.0001 1.5532
0.8199 1.1495 0.4192 0.0001 1.5527
0.8185 1.1478 0.4219 0.0001 1.5515
0.8187 1.1469 0.4238 0.0000 1.5508
0.8193 1.1476 0.4228 0.0000 1.5513
0.8192 1.1466 0.4247 0.0000 1.5506
0.8175 1.1450 0.4272 0.0000 1.5491
0.8158 1.1430 0.4304 0.0000 1.5473
0.8160 1.1434 0.4296 0.0000 1.5477
0.8168 1.1442 0.4283 0.0000 1.5483
0.8177 1.1446 0.4281 0.0000 1.5486
0.8181 1.1451 0.4273 0.0000 1.5491
0.8164 1.1438 0.4292 0.0000 1.5480
0.8160 1.1436 0.4292 0.0000 1.5477
0.8166 1.1437 0.4293 0.0000 1.5478
0.8168 1.1443 0.4280 0.0000 1.5483
0.8163 1.1446 0.4273 0.0000 1.5485
0.8152 1.1433 0.4288 0.0000 1.5474
0.8157 1.1434 0.4285 0.0000 1.5474
0.8155 1.1435 0.4283 0.0000 1.5473
0.8152 1.1440 0.4272 0.0000 1.5478
0.8158 1.1449 0.4257 0.0000 1.5486
0.8144 1.1446 0.4261 0.0000 1.5483
0.8155 1.1457 0.4243 0.0000 1.5493
0.8153 1.1456 0.4244 0.0000 1.5492
0.8158 1.1464 0.4229 0.0000 1.5498
0.8162 1.1448 0.4261 0.0000 1.5486
0.8165 1.1448 0.4259 0.0000 1.5486
0.8168 1.1444 0.4265 0.0000 1.5482
0.8168 1.1446 0.4261 0.0000 1.5483
0.8166 1.1442 0.4265 0.0000 1.5480
0.8169 1.1449 0.4252 0.0000 1.5486
0.8165 1.1446 0.4254 0.0000 1.5484
0.8164 1.1448 0.4251 0.0000 1.5484
0.8169 1.1454 0.4241 0.0000 1.5489
0.8154 1.1460 0.4229 0.0000 1.5495
0.8152 1.1463 0.4222 0.0001 1.5498
0.8170 1.1487 0.4180 0.0001 1.5519
0.8176 1.1499 0.4160 0.0001 1.5531
0.8199 1.1524 0.4122 0.0001 1.5553
0.8202 1.1526 0.4118 0.0001 1.5555
0.8202 1.1525 0.4122 0.0001 1.5554
0.8212 1.1533 0.4109 0.0001 1.5561
0.8206 1.1521 0.4131 0.0001 1.5550
0.8207 1.1521 0.4131 0.0001 1.5550
0.8210 1.1528 0.4127 0.0001 1.5554
0.8212 1.1526 0.4136 0.0001 1.5552
0.8213 1.1526 0.4137 0.0001 1.5552
0.8208 1.1519 0.4148 0.0001 1.5546
0.8207 1.1520 0.4149 0.0001 1.5546
0.8203 1.1524 0.4136 0.0001 1.5551
0.8208 1.1531 0.4125 0.0001 1.5556
0.8207 1.1532 0.4126 0.0001 1.5556
0.8209 1.1538 0.4115 0.0001 1.5562
0.8218 1.1539 0.4117 0.0001 1.5562
0.8218 1.1538 0.4118 0.0001 1.5563
0.8230 1.1539 0.4125 0.0001 1.5564
0.8240 1.1555 0.4098 0.0001 1.5578
0.8240 1.1555 0.4098 0.0001 1.5578
0.8222 1.1530 0.4136 0.0001 1.5555
0.8222 1.1531 0.4134 0.0001 1.5556
0.8217 1.1533 0.4130 0.0001 1.5558
0.8227 1.1542 0.4117 0.0001 1.5567
0.8217 1.1534 0.4142 0.0001 1.5560
0.8206 1.1531 0.4142 0.0001 1.5559
0.8213 1.1535 0.4139 0.0001 1.5564
0.8208 1.1530 0.4147 0.0001 1.5560
0.8200 1.1509 0.4181 0.0001 1.5544
0.8204 1.1515 0.4167 0.0001 1.5550
0.8224 1.1540 0.4130 0.0001 1.5570
0.8224 1.1539 0.4131 0.0001 1.5569
0.8224 1.1539 0.4134 0.0001 1.5569
0.8217 1.1532 0.4145 0.0001 1.5563
0.8218 1.1533 0.4144 0.0001 1.5564
0.8223 1.1543 0.4121 0.0001 1.5573
0.8223 1.1543 0.4120 0.0001 1.5573
0.8225 1.1539 0.4119 0.0001 1.5570
0.8253 1.1587 0.4029 0.0001 1.5615
0.8240 1.1581 0.4036 0.0001 1.5611
0.8241 1.1583 0.4034 0.0001 1.5612
0.8241 1.1583 0.4034 0.0001 1.5612
0.8218 1.1567 0.4061 0.0001 1.5598
0.8218 1.1575 0.4044 0.0001 1.5606
0.8225 1.1588 0.4019 0.0001 1.5618
0.8223 1.1589 0.4015 0.0001 1.5618
0.8234 1.1523 0.4164 0.0001 1.5549
0.8231 1.1519 0.4170 0.0001 1.5546
0.8212 1.1514 0.4176 0.0001 1.5540
0.8211 1.1509 0.4186 0.0001 1.5534
0.8207 1.1498 0.4205 0.0001 1.5526
0.8212 1.1503 0.4197 0.0001 1.5529
0.8212 1.1503 0.4197 0.0001 1.5529
0.8217 1.1509 0.4192 0.0001 1.5534
0.8219 1.1509 0.4195 0.0001 1.5532
0.8214 1.1500 0.4208 0.0001 1.5524
0.8221 1.1506 0.4197 0.0001 1.5530
0.8243 1.1529 0.4167 0.0001 1.5550
0.8244 1.1530 0.4164 0.0001 1.5549
0.8244 1.1530 0.4164 0.0001 1.5549
0.8242 1.1529 0.4166 0.0001 1.5547
0.8234 1.1525 0.4170 0.0001 1.5543
0.8226 1.1517 0.4182 0.0001 1.5535
0.8226 1.1517 0.4181 0.0001 1.5534
0.8235 1.1498 0.4217 0.0001 1.5519
0.8239 1.1501 0.4216 0.0001 1.5520
0.8233 1.1496 0.4219 0.0001 1.5515
0.8229 1.1499 0.4212 0.0001 1.5516
0.8231 1.1496 0.4219 0.0001 1.5514
0.8233 1.1496 0.4221 0.0001 1.5514
0.8238 1.1507 0.4202 0.0001 1.5523
0.8216 1.1488 0.4232 0.0000 1.5504
0.8212 1.1484 0.4237 0.0000 1.5499
0.8212 1.1485 0.4235 0.0000 1.5499
0.8214 1.1487 0.4232 0.0000 1.5500
0.8218 1.1496 0.4215 0.0001 1.5508
0.8209 1.1485 0.4237 0.0000 1.5496
0.8212 1.1476 0.4256 0.0000 1.5489
0.8212 1.1476 0.4255 0.0000 1.5488
0.8210 1.1474 0.4259 0.0000 1.5486
0.8211 1.1475 0.4256 0.0000 1.5488
0.8209 1.1468 0.4266 0.0000 1.5481
0.8206 1.1466 0.4270 0.0000 1.5479
0.8218 1.1476 0.4261 0.0000 1.5490
0.8220 1.1487 0.4242 0.0000 1.5498
0.8220 1.1487 0.4242 0.0000 1.5498
0.8224 1.1494 0.4229 0.0000 1.5504
0.8226 1.1494 0.4227 0.0001 1.5505
0.8221 1.1485 0.4242 0.0000 1.5497
0.8209 1.1474 0.4257 0.0000 1.5487
0.8209 1.1476 0.4254 0.0000 1.5490
0.8209 1.1475 0.4256 0.0000 1.5489
0.8205 1.1462 0.4280 0.0000 1.5480
0.8193 1.1465 0.4265 0.0000 1.5484
0.8193 1.1461 0.4273 0.0000 1.5481
0.8192 1.1459 0.4276 0.0000 1.5479
0.8192 1.1459 0.4276 0.0000 1.5479
0.8190 1.1457 0.4278 0.0000 1.5477
0.8236 1.1488 0.4256 0.0000 1.5484
0.8228 1.1475 0.4275 0.0000 1.5474
0.8219 1.1468 0.4282 0.0000 1.5465
0.8216 1.1467 0.4287 0.0000 1.5466
0.8213 1.1463 0.4293 0.0000 1.5461
0.8210 1.1461 0.4293 0.0000 1.5458
0.8187 1.1428 0.4343 0.0000 1.5436
0.8186 1.1431 0.4339 0.0000 1.5438
0.8204 1.1455 0.4305 0.0000 1.5461
0.8202 1.1454 0.4306 0.0000 1.5460
0.8204 1.1458 0.4298 0.0000 1.5463
