0.8349 1.2647 0.3849 0.0003 1.3935
0.8294 1.2584 0.3928 0.0002 1.3920
0.8305 1.2600 0.4092 0.0001 1.3913
0.8342 1.2697 0.4081 0.0001 1.3957
0.8366 1.2736 0.3848 0.0003 1.3947
0.8367 1.2759 0.3876 0.0002 1.3979
0.8390 1.2808 0.3940 0.0002 1.4011
0.8391 1.2771 0.3940 0.0002 1.3997
0.8633 1.3042 0.3929 0.0002 1.4092
0.8629 1.3007 0.3901 0.0002 1.4099
0.8629 1.3001 0.3883 0.0002 1.4130
0.8640 1.3005 0.3908 0.0002 1.4187
0.8656 1.3024 0.3899 0.0002 1.4246
0.8629 1.2958 0.3806 0.0003 1.4127
0.8622 1.3016 0.3799 0.0003 1.4126
0.8613 1.3066 0.3947 0.0002 1.4121
0.8561 1.3023 0.4012 0.0001 1.3993
0.8580 1.3057 0.4003 0.0001 1.4031
0.8601 1.3080 0.4022 0.0001 1.4082
0.8551 1.3022 0.3975 0.0002 1.4021
0.8473 1.2948 0.4191 0.0001 1.3891
0.8523 1.3044 0.3993 0.0001 1.3917
0.8502 1.3013 0.4016 0.0001 1.3857
0.8449 1.2932 0.4003 0.0001 1.3792
0.8397 1.2831 0.3996 0.0001 1.3734
0.8373 1.2808 0.3924 0.0002 1.3713
0.8394 1.2841 0.3754 0.0004 1.3742
0.8372 1.2800 0.3760 0.0004 1.3731
0.8345 1.2762 0.3734 0.0004 1.3701
0.8352 1.2784 0.3786 0.0003 1.3718
0.8345 1.2780 0.3722 0.0004 1.3708
0.8349 1.2788 0.3753 0.0004 1.3718
0.8367 1.2852 0.3850 0.0003 1.3744
0.8366 1.2788 0.4038 0.0001 1.3665
0.8257 1.2585 0.4033 0.0001 1.3602
0.8165 1.2428 0.4023 0.0001 1.3581
0.8118 1.2319 0.4087 0.0001 1.3557
0.8112 1.2322 0.4259 0.0000 1.3524
0.8176 1.2360 0.4342 0.0000 1.3542
0.8179 1.2359 0.4298 0.0000 1.3522
0.8194 1.2392 0.4341 0.0000 1.3521
0.8111 1.2273 0.4358 0.0000 1.3479
0.8131 1.2310 0.4478 0.0000 1.3476
0.8142 1.2323 0.4467 0.0000 1.3477
0.8201 1.2423 0.4460 0.0000 1.3450
0.8383 1.2888 0.4476 0.0000 1.3766
0.8320 1.2759 0.4555 0.0000 1.3662
0.8316 1.2751 0.4560 0.0000 1.3656
0.8262 1.2644 0.4629 0.0000 1.3588
0.8267 1.2649 0.4630 0.0000 1.3595
0.8265 1.2663 0.4561 0.0000 1.3602
0.8257 1.2639 0.4574 0.0000 1.3575
0.8257 1.2633 0.4595 0.0000 1.3573
0.8227 1.2561 0.4597 0.0000 1.3531
0.8212 1.2525 0.4337 0.0000 1.3508
0.8210 1.2517 0.4335 0.0000 1.3489
0.8223 1.2577 0.4387 0.0000 1.3519
0.8210 1.2543 0.4384 0.0000 1.3488
0.8224 1.2587 0.4310 0.0000 1.3515
0.8217 1.2561 0.4334 0.0000 1.3515
0.8228 1.2587 0.4319 0.0000 1.3529
0.8178 1.2518 0.4383 0.0000 1.3489
0.8150 1.2452 0.4404 0.0000 1.3447
0.8150 1.2452 0.4405 0.0000 1.3446
0.8152 1.2462 0.4395 0.0000 1.3453
0.8141 1.2426 0.4393 0.0000 1.3426
0.8137 1.2441 0.4431 0.0000 1.3434
0.8127 1.2459 0.4361 0.0000 1.3478
0.8120 1.2438 0.4386 0.0000 1.3461
0.8115 1.2421 0.4421 0.0000 1.3451
0.8112 1.2410 0.4419 0.0000 1.3431
0.8133 1.2443 0.4385 0.0000 1.3440
0.8141 1.2475 0.4376 0.0000 1.3468
0.8146 1.2523 0.4416 0.0000 1.3496
0.8133 1.2495 0.4434 0.0000 1.3465
0.8118 1.2487 0.4342 0.0000 1.3485
0.8117 1.2487 0.4364 0.0000 1.3488
0.8122 1.2492 0.4323 0.0000 1.3484
0.8124 1.2495 0.4324 0.0000 1.3485
0.8138 1.2517 0.4319 0.0000 1.3491
0.8128 1.2482 0.4409 0.0000 1.3467
0.8176 1.2571 0.4438 0.0000 1.3533
0.8163 1.2539 0.4493 0.0000 1.3520
0.8147 1.2508 0.4547 0.0000 1.3509
0.8151 1.2513 0.4559 0.0000 1.3496
0.8144 1.2502 0.4544 0.0000 1.3479
0.8140 1.2497 0.4547 0.0000 1.3470
0.8238 1.2628 0.4601 0.0000 1.3502
0.8266 1.2666 0.4602 0.0000 1.3517
0.8262 1.2637 0.4581 0.0000 1.3500
0.8226 1.2544 0.4521 0.0000 1.3485
0.8225 1.2546 0.4521 0.0000 1.3489
0.8256 1.2576 0.4440 0.0000 1.3519
0.8261 1.2585 0.4433 0.0000 1.3528
0.8268 1.2582 0.4405 0.0000 1.3540
0.8265 1.2585 0.4406 0.0000 1.3556
0.8197 1.2436 0.4465 0.0000 1.3526
0.8213 1.2464 0.4430 0.0000 1.3530
0.8287 1.2563 0.4240 0.0000 1.3578
0.8189 1.2370 0.4595 0.0000 1.3526
0.8136 1.2288 0.4690 0.0000 1.3500
0.8147 1.2319 0.4683 0.0000 1.3523
0.8162 1.2337 0.4680 0.0000 1.3535
0.8172 1.2391 0.4749 0.0000 1.3548
0.8186 1.2417 0.4600 0.0000 1.3577
0.8191 1.2417 0.4588 0.0000 1.3562
0.8204 1.2422 0.4507 0.0000 1.3561
0.8171 1.2297 0.4640 0.0000 1.3537
0.8162 1.2275 0.4568 0.0000 1.3542
0.8118 1.2186 0.4687 0.0000 1.3519
0.8120 1.2196 0.4685 0.0000 1.3513
0.8121 1.2198 0.4683 0.0000 1.3533
0.8063 1.2096 0.4729 0.0000 1.3519
0.8069 1.2102 0.4740 0.0000 1.3527
0.8089 1.2105 0.4717 0.0000 1.3494
0.8086 1.2087 0.4705 0.0000 1.3469
0.8103 1.2172 0.4530 0.0000 1.3512
0.8112 1.2200 0.4514 0.0000 1.3527
0.8105 1.2173 0.4429 0.0000 1.3551
0.8075 1.2145 0.4478 0.0000 1.3465
0.8038 1.2090 0.4476 0.0000 1.3463
0.8037 1.2084 0.4501 0.0000 1.3466
0.7848 1.1850 0.4689 0.0000 1.3440
0.7851 1.1835 0.4706 0.0000 1.3446
0.7856 1.1845 0.4700 0.0000 1.3444
0.7862 1.1850 0.4697 0.0000 1.3439
0.7858 1.1831 0.4668 0.0000 1.3417
0.7861 1.1851 0.4606 0.0000 1.3444
0.7864 1.1849 0.4609 0.0000 1.3425
0.7868 1.1859 0.4566 0.0000 1.3434
0.7870 1.1872 0.4534 0.0000 1.3421
0.7877 1.1865 0.4527 0.0000 1.3399
0.7879 1.1869 0.4531 0.0000 1.3397
0.7883 1.1868 0.4528 0.0000 1.3389
0.7901 1.1883 0.4500 0.0000 1.3390
0.7906 1.1896 0.4501 0.0000 1.3390
0.7901 1.1883 0.4490 0.0000 1.3373
0.7906 1.1886 0.4492 0.0000 1.3373
0.7913 1.1912 0.4451 0.0000 1.3389
0.7920 1.1923 0.4443 0.0000 1.3390
0.7909 1.1900 0.4433 0.0000 1.3375
0.7887 1.1899 0.4399 0.0000 1.3388
0.7896 1.1887 0.4403 0.0000 1.3377
0.7883 1.1879 0.4420 0.0000 1.3369
0.7888 1.1887 0.4414 0.0000 1.3372
0.7892 1.1922 0.4355 0.0000 1.3405
0.7894 1.1930 0.4354 0.0000 1.3407
0.7890 1.1962 0.4309 0.0000 1.3422
0.7897 1.1974 0.4302 0.0000 1.3416
0.7890 1.1972 0.4286 0.0000 1.3412
0.7876 1.1955 0.4297 0.0000 1.3425
0.7857 1.1908 0.4209 0.0001 1.3470
0.7850 1.1909 0.4226 0.0001 1.3478
0.7858 1.1932 0.4204 0.0001 1.3503
0.7852 1.1921 0.4208 0.0001 1.3486
0.7854 1.1922 0.4206 0.0001 1.3481
0.7857 1.1903 0.4206 0.0001 1.3462
0.7845 1.1891 0.4241 0.0000 1.3455
0.7846 1.1895 0.4239 0.0000 1.3465
0.7807 1.1789 0.4355 0.0000 1.3418
0.7805 1.1789 0.4359 0.0000 1.3421
0.7800 1.1799 0.4357 0.0000 1.3423
0.7802 1.1802 0.4358 0.0000 1.3424
0.7872 1.1875 0.4322 0.0000 1.3412
0.7873 1.1879 0.4321 0.0000 1.3417
0.7868 1.1848 0.4354 0.0000 1.3389
0.7869 1.1850 0.4354 0.0000 1.3392
0.7869 1.1838 0.4354 0.0000 1.3375
0.7873 1.1852 0.4332 0.0000 1.3395
0.7863 1.1826 0.4350 0.0000 1.3373
0.7871 1.1835 0.4345 0.0000 1.3383
0.7852 1.1815 0.4328 0.0000 1.3404
0.7853 1.1793 0.4357 0.0000 1.3376
0.7863 1.1821 0.4325 0.0000 1.3409
0.7854 1.1797 0.4330 0.0000 1.3400
0.7856 1.1800 0.4319 0.0000 1.3414
0.7866 1.1815 0.4303 0.0000 1.3427
0.7867 1.1815 0.4304 0.0000 1.3420
0.7866 1.1832 0.4299 0.0000 1.3434
0.7852 1.1820 0.4311 0.0000 1.3451
0.7871 1.1905 0.4254 0.0000 1.3486
0.7873 1.1914 0.4250 0.0000 1.3509
0.7874 1.1918 0.4248 0.0000 1.3525
0.7878 1.1921 0.4237 0.0000 1.3513
0.7887 1.1962 0.4192 0.0001 1.3566
0.7901 1.1984 0.4161 0.0001 1.3571
0.7912 1.2015 0.4116 0.0001 1.3609
0.7912 1.1988 0.4118 0.0001 1.3609
0.7913 1.1991 0.4115 0.0001 1.3618
0.7897 1.1973 0.4159 0.0001 1.3609
0.7897 1.1998 0.4163 0.0001 1.3602
0.7903 1.1992 0.4151 0.0001 1.3584
0.7914 1.1997 0.4131 0.0001 1.3580
0.7910 1.1993 0.4131 0.0001 1.3571
0.7913 1.2002 0.4128 0.0001 1.3563
0.7909 1.1989 0.4152 0.0001 1.3526
0.7925 1.2019 0.4128 0.0001 1.3515
0.7927 1.2021 0.4107 0.0001 1.3508
0.7918 1.2005 0.4136 0.0001 1.3487
0.7920 1.2006 0.4127 0.0001 1.3477
0.7921 1.2032 0.4079 0.0001 1.3507
0.7926 1.2026 0.4081 0.0001 1.3495
0.7942 1.2020 0.4046 0.0001 1.3508
0.7948 1.2045 0.4020 0.0001 1.3530
0.7956 1.2046 0.4005 0.0001 1.3527
0.7946 1.2061 0.4010 0.0001 1.3532
0.7955 1.2069 0.3995 0.0001 1.3535
0.7956 1.2069 0.3992 0.0001 1.3535
0.7956 1.2071 0.3990 0.0001 1.3545
0.7968 1.2085 0.3976 0.0001 1.3558
0.7977 1.2091 0.3963 0.0002 1.3561
0.7974 1.2067 0.3963 0.0002 1.3548
0.7975 1.2053 0.3982 0.0001 1.3528
0.7971 1.2050 0.3994 0.0001 1.3532
0.7950 1.2016 0.4004 0.0001 1.3534
0.7958 1.2048 0.3932 0.0002 1.3537
0.7966 1.2048 0.3915 0.0002 1.3534
0.7967 1.2051 0.3913 0.0002 1.3541
0.7951 1.2043 0.3921 0.0002 1.3531
0.7952 1.2044 0.3921 0.0002 1.3536
0.7955 1.2042 0.3926 0.0002 1.3529
0.7932 1.2001 0.4021 0.0001 1.3472
0.7933 1.2002 0.4020 0.0001 1.3478
0.7935 1.2002 0.4016 0.0001 1.3478
0.7939 1.2014 0.4001 0.0001 1.3501
0.7943 1.2017 0.3997 0.0001 1.3504
0.7939 1.1998 0.4007 0.0001 1.3510
0.7937 1.1994 0.3988 0.0001 1.3524
0.7933 1.1987 0.4003 0.0001 1.3527
0.7940 1.1998 0.3975 0.0002 1.3555
0.7941 1.1992 0.3983 0.0001 1.3544
0.7940 1.1971 0.3989 0.0001 1.3520
0.7945 1.1965 0.3998 0.0001 1.3498
0.7935 1.1954 0.4004 0.0001 1.3486
0.7926 1.1931 0.4022 0.0001 1.3469
0.7927 1.1932 0.4019 0.0001 1.3473
0.7924 1.1930 0.4029 0.0001 1.3472
0.7928 1.1932 0.4029 0.0001 1.3474
0.7931 1.1943 0.3998 0.0001 1.3497
0.7941 1.1952 0.4000 0.0001 1.3499
0.7936 1.1917 0.4059 0.0001 1.3465
0.7933 1.1916 0.4062 0.0001 1.3470
0.7935 1.1934 0.4047 0.0001 1.3481
0.7871 1.1892 0.4300 0.0000 1.3405
0.7878 1.1898 0.4302 0.0000 1.3397
0.7870 1.1884 0.4303 0.0000 1.3387
0.7889 1.1903 0.4292 0.0000 1.3375
0.7882 1.1887 0.4332 0.0000 1.3358
0.7885 1.1889 0.4352 0.0000 1.3341
0.7892 1.1895 0.4309 0.0000 1.3361
0.7894 1.1890 0.4318 0.0000 1.3354
0.7875 1.1871 0.4367 0.0000 1.3338
0.7867 1.1840 0.4398 0.0000 1.3317
0.7869 1.1831 0.4374 0.0000 1.3314
0.7869 1.1838 0.4365 0.0000 1.3327
0.7855 1.1817 0.4436 0.0000 1.3318
0.7875 1.1839 0.4424 0.0000 1.3327
0.7880 1.1849 0.4418 0.0000 1.3317
0.7885 1.1871 0.4394 0.0000 1.3340
0.7886 1.1860 0.4400 0.0000 1.3324
0.7889 1.1856 0.4377 0.0000 1.3317
0.7882 1.1839 0.4410 0.0000 1.3298
0.7883 1.1836 0.4412 0.0000 1.3292
0.7883 1.1819 0.4449 0.0000 1.3283
0.7906 1.1809 0.4425 0.0000 1.3304
0.7895 1.1764 0.4482 0.0000 1.3298
0.7902 1.1763 0.4473 0.0000 1.3294
0.7907 1.1767 0.4467 0.0000 1.3296
0.7920 1.1742 0.4440 0.0000 1.3315
0.7919 1.1742 0.4444 0.0000 1.3322
0.7931 1.1776 0.4382 0.0000 1.3355
0.7929 1.1766 0.4399 0.0000 1.3345
0.7931 1.1772 0.4397 0.0000 1.3346
0.7916 1.1770 0.4431 0.0000 1.3342
0.7924 1.1791 0.4379 0.0000 1.3354
0.7922 1.1792 0.4378 0.0000 1.3361
0.7965 1.1854 0.4310 0.0000 1.3381
0.7972 1.1861 0.4288 0.0000 1.3377
0.7970 1.1855 0.4293 0.0000 1.3373
0.7971 1.1836 0.4298 0.0000 1.3367
0.7965 1.1836 0.4296 0.0000 1.3371
0.7955 1.1816 0.4307 0.0000 1.3361
0.7952 1.1815 0.4313 0.0000 1.3360
0.7939 1.1832 0.4313 0.0000 1.3368
0.7941 1.1858 0.4299 0.0000 1.3396
0.8040 1.1976 0.4102 0.0001 1.3437
0.8043 1.1985 0.4083 0.0001 1.3429
0.8102 1.2063 0.3983 0.0001 1.3447
0.8101 1.2059 0.3985 0.0001 1.3443
0.8098 1.2054 0.3991 0.0001 1.3437
0.8103 1.2046 0.3972 0.0002 1.3435
0.8084 1.2018 0.4006 0.0001 1.3437
0.8085 1.2041 0.4010 0.0001 1.3446
0.8084 1.2039 0.4011 0.0001 1.3442
0.8085 1.2016 0.4023 0.0001 1.3432
0.8085 1.2008 0.4015 0.0001 1.3427
0.8081 1.2002 0.3996 0.0001 1.3424
0.8080 1.2019 0.4000 0.0001 1.3426
0.8077 1.2037 0.4025 0.0001 1.3421
0.8081 1.2058 0.4017 0.0001 1.3432
0.8080 1.2051 0.4004 0.0001 1.3426
0.8086 1.2053 0.3966 0.0002 1.3429
0.8095 1.2066 0.3939 0.0002 1.3433
0.8105 1.2076 0.3910 0.0002 1.3439
0.8098 1.2075 0.3938 0.0002 1.3437
0.8087 1.2070 0.3947 0.0002 1.3421
0.8077 1.2067 0.3983 0.0001 1.3424
0.8076 1.2063 0.3976 0.0002 1.3425
0.8076 1.2069 0.3974 0.0002 1.3423
0.8076 1.2067 0.3968 0.0002 1.3418
0.8076 1.2065 0.3957 0.0002 1.3413
0.8079 1.2071 0.3952 0.0002 1.3419
0.8079 1.2097 0.3935 0.0002 1.3435
0.8080 1.2102 0.3915 0.0002 1.3437
0.8079 1.2091 0.3919 0.0002 1.3423
0.8068 1.2078 0.3992 0.0001 1.3417
0.8068 1.2075 0.4014 0.0001 1.3399
0.8067 1.2074 0.4023 0.0001 1.3398
0.8071 1.2081 0.4015 0.0001 1.3401
0.8071 1.2104 0.3969 0.0002 1.3411
0.8073 1.2117 0.3953 0.0002 1.3423
0.8074 1.2119 0.3954 0.0002 1.3425
0.8072 1.2115 0.3964 0.0002 1.3428
0.8075 1.2110 0.4005 0.0001 1.3396
0.8069 1.2102 0.4013 0.0001 1.3391
0.8064 1.2093 0.4048 0.0001 1.3378
0.8063 1.2097 0.4051 0.0001 1.3384
0.8063 1.2099 0.4050 0.0001 1.3386
0.8056 1.2089 0.4075 0.0001 1.3384
0.8057 1.2091 0.4077 0.0001 1.3388
0.8058 1.2091 0.4076 0.0001 1.3388
0.8051 1.2066 0.4103 0.0001 1.3384
0.8052 1.2068 0.4115 0.0001 1.3383
0.8054 1.2072 0.4105 0.0001 1.3394
0.8051 1.2062 0.4123 0.0001 1.3398
0.8054 1.2065 0.4094 0.0001 1.3399
0.8057 1.2066 0.4084 0.0001 1.3396
0.8054 1.2047 0.4109 0.0001 1.3379
0.8057 1.2054 0.4093 0.0001 1.3391
0.8055 1.2034 0.4101 0.0001 1.3377
0.8054 1.2032 0.4093 0.0001 1.3373
0.8054 1.2034 0.4092 0.0001 1.3373
0.8054 1.2032 0.4093 0.0001 1.3370
0.8055 1.2034 0.4101 0.0001 1.3374
0.8061 1.2036 0.4088 0.0001 1.3375
0.8068 1.2049 0.4071 0.0001 1.3385
0.8069 1.2049 0.4070 0.0001 1.3384
0.8070 1.2050 0.4068 0.0001 1.3385
0.8083 1.2066 0.4049 0.0001 1.3384
0.8084 1.2069 0.4045 0.0001 1.3390
0.8092 1.2081 0.4024 0.0001 1.3397
0.8090 1.2075 0.4036 0.0001 1.3400
0.8084 1.2052 0.4072 0.0001 1.3380
0.8085 1.2050 0.4076 0.0001 1.3377
0.8083 1.2048 0.4080 0.0001 1.3381
0.8084 1.2050 0.4080 0.0001 1.3385
0.8073 1.2030 0.4110 0.0001 1.3366
0.8072 1.2026 0.4114 0.0001 1.3369
0.8077 1.2040 0.4091 0.0001 1.3385
0.8072 1.2020 0.4113 0.0001 1.3371
0.8070 1.2013 0.4118 0.0001 1.3365
0.8057 1.1950 0.4125 0.0001 1.3352
0.8055 1.1941 0.4127 0.0001 1.3344
0.8058 1.1936 0.4091 0.0001 1.3343
0.8091 1.1992 0.4028 0.0001 1.3372
0.8096 1.2010 0.3999 0.0001 1.3389
0.8085 1.1999 0.4073 0.0001 1.3380
0.8086 1.2000 0.4072 0.0001 1.3382
0.8088 1.2001 0.4048 0.0001 1.3378
0.8088 1.2002 0.4047 0.0001 1.3383
0.8072 1.1971 0.4083 0.0001 1.3364
0.8071 1.1968 0.4098 0.0001 1.3359
0.8055 1.1956 0.4129 0.0001 1.3345
0.8050 1.1947 0.4107 0.0001 1.3350
0.8050 1.1952 0.4121 0.0001 1.3350
0.8049 1.1948 0.4124 0.0001 1.3345
0.8053 1.1952 0.4116 0.0001 1.3345
0.8040 1.1946 0.4151 0.0001 1.3339
0.8042 1.1945 0.4151 0.0001 1.3333
0.8047 1.1966 0.4103 0.0001 1.3346
0.8051 1.1971 0.4099 0.0001 1.3349
0.8053 1.1972 0.4094 0.0001 1.3349
0.8029 1.1942 0.4112 0.0001 1.3342
0.8025 1.1936 0.4143 0.0001 1.3332
0.8026 1.1932 0.4136 0.0001 1.3332
0.8025 1.1934 0.4137 0.0001 1.3334
0.8026 1.1935 0.4137 0.0001 1.3339
0.8025 1.1932 0.4138 0.0001 1.3334
0.8030 1.1933 0.4115 0.0001 1.3334
0.8031 1.1935 0.4114 0.0001 1.3343
0.8031 1.1939 0.4116 0.0001 1.3346
0.8031 1.1944 0.4115 0.0001 1.3353
0.8028 1.1938 0.4116 0.0001 1.3350
0.8034 1.1942 0.4107 0.0001 1.3350
0.8034 1.1933 0.4113 0.0001 1.3335
0.8030 1.1934 0.4115 0.0001 1.3341
0.8031 1.1931 0.4115 0.0001 1.3351
0.8012 1.1898 0.4146 0.0001 1.3335
0.8011 1.1899 0.4158 0.0001 1.3338
0.8011 1.1899 0.4161 0.0001 1.3342
0.8019 1.1895 0.4156 0.0001 1.3337
0.8021 1.1893 0.4158 0.0001 1.3332
0.8020 1.1901 0.4145 0.0001 1.3339
0.8021 1.1902 0.4144 0.0001 1.3344
0.8025 1.1903 0.4135 0.0001 1.3339
0.8038 1.1941 0.4032 0.0001 1.3373
0.8038 1.1939 0.4031 0.0001 1.3372
0.8039 1.1940 0.4033 0.0001 1.3374
0.8034 1.1954 0.4019 0.0001 1.3379
0.8036 1.1955 0.4017 0.0001 1.3382
0.8052 1.1980 0.3950 0.0002 1.3401
0.8056 1.1991 0.3929 0.0002 1.3413
0.8053 1.2000 0.3948 0.0002 1.3430
0.8054 1.1998 0.3936 0.0002 1.3427
0.8037 1.1981 0.3961 0.0002 1.3418
0.8038 1.1983 0.3960 0.0002 1.3421
0.8040 1.1983 0.3941 0.0002 1.3418
0.8002 1.1941 0.3998 0.0001 1.3420
0.8011 1.1981 0.3970 0.0002 1.3450
0.8007 1.1976 0.3965 0.0002 1.3452
0.8006 1.1976 0.3969 0.0002 1.3448
0.8030 1.1997 0.3936 0.0002 1.3440
0.8027 1.1978 0.3981 0.0001 1.3434
0.8027 1.1985 0.3973 0.0002 1.3441
0.8026 1.1981 0.3974 0.0002 1.3433
0.8027 1.1982 0.3972 0.0002 1.3437
0.8028 1.1985 0.3969 0.0002 1.3444
0.8028 1.1988 0.3994 0.0001 1.3455
0.8028 1.1982 0.3999 0.0001 1.3444
0.8028 1.1980 0.4001 0.0001 1.3442
0.8028 1.1981 0.4003 0.0001 1.3444
0.8030 1.1984 0.4000 0.0001 1.3450
0.8031 1.1985 0.3999 0.0001 1.3454
0.8034 1.1995 0.3966 0.0002 1.3461
0.8038 1.1996 0.3958 0.0002 1.3459
0.7962 1.1899 0.4089 0.0001 1.3426
0.7968 1.1908 0.4067 0.0001 1.3429
0.7968 1.1908 0.4067 0.0001 1.3429
0.7969 1.1910 0.4063 0.0001 1.3432
0.7970 1.1912 0.4063 0.0001 1.3437
0.7986 1.1928 0.4049 0.0001 1.3440
0.7987 1.1925 0.4050 0.0001 1.3435
0.7988 1.1924 0.4050 0.0001 1.3435
0.7988 1.1923 0.4045 0.0001 1.3433
0.7987 1.1915 0.4063 0.0001 1.3420
0.7988 1.1918 0.4064 0.0001 1.3422
0.7980 1.1916 0.4072 0.0001 1.3421
0.7984 1.1930 0.4039 0.0001 1.3434
0.7983 1.1929 0.4041 0.0001 1.3436
0.7979 1.1940 0.4018 0.0001 1.3436
0.7980 1.1963 0.3940 0.0002 1.3460
