0.7092 0.8914 0.2298 0.0002 0.9992
0.6987 0.8796 0.2314 0.0002 0.9966
0.7416 0.9240 0.2193 0.0005 1.0146
0.7258 0.9041 0.2204 0.0004 1.0084
0.6992 0.8699 0.2089 0.0009 0.9917
0.7077 0.8791 0.2059 0.0011 0.9974
0.6998 0.8699 0.2053 0.0011 0.9922
0.6889 0.8571 0.2046 0.0011 0.9863
0.6817 0.8491 0.2044 0.0012 0.9815
0.6763 0.8404 0.2067 0.0010 0.9810
0.6669 0.8284 0.2077 0.0010 0.9769
0.6576 0.8163 0.2081 0.0009 0.9703
0.6518 0.8083 0.2088 0.0009 0.9677
0.6433 0.7972 0.2101 0.0008 0.9644
0.6439 0.7980 0.2101 0.0008 0.9645
0.6408 0.7939 0.2102 0.0008 0.9638
0.6400 0.7930 0.2108 0.0008 0.9619
0.6368 0.7888 0.2111 0.0008 0.9608
0.6319 0.7824 0.2126 0.0007 0.9576
0.6281 0.7777 0.2137 0.0007 0.9554
0.6215 0.7706 0.2107 0.0008 0.9532
0.6148 0.7623 0.2114 0.0008 0.9492
0.5371 0.6718 0.2564 0.0000 0.9121
0.5315 0.6670 0.2596 0.0000 0.9096
0.5284 0.6649 0.2610 0.0000 0.9082
0.5256 0.6635 0.2618 0.0000 0.9067
0.5230 0.6616 0.2633 0.0000 0.9051
0.5216 0.6615 0.2634 0.0000 0.9046
0.5195 0.6605 0.2645 0.0000 0.9036
0.5167 0.6589 0.2657 0.0000 0.9023
0.5159 0.6594 0.2655 0.0000 0.9018
0.5152 0.6597 0.2656 0.0000 0.9019
0.5057 0.6482 0.2849 0.0000 0.8997
0.5025 0.6455 0.2890 0.0000 0.8992
0.5024 0.6464 0.2880 0.0000 0.8987
0.5014 0.6463 0.2901 0.0000 0.8984
0.5010 0.6467 0.2908 0.0000 0.8978
0.5007 0.6472 0.2915 0.0000 0.8976
0.5015 0.6484 0.2912 0.0000 0.8982
0.4998 0.6472 0.2962 0.0000 0.8974
0.4995 0.6477 0.2965 0.0000 0.8975
0.4987 0.6476 0.2994 0.0000 0.8970
0.4986 0.6483 0.2995 0.0000 0.8974
0.5035 0.6553 0.2712 0.0000 0.9047
0.5036 0.6564 0.2702 0.0000 0.9051
0.5034 0.6570 0.2704 0.0000 0.9055
0.5036 0.6581 0.2695 0.0000 0.9063
0.5047 0.6598 0.2674 0.0000 0.9084
0.5040 0.6595 0.2683 0.0000 0.9069
0.5034 0.6598 0.2694 0.0000 0.9075
0.5041 0.6612 0.2671 0.0000 0.9083
0.5038 0.6617 0.2676 0.0000 0.9092
0.5039 0.6623 0.2677 0.0000 0.9099
0.5037 0.6629 0.2680 0.0000 0.9110
0.5051 0.6640 0.2659 0.0000 0.9125
0.5056 0.6650 0.2649 0.0000 0.9141
0.5062 0.6661 0.2638 0.0000 0.9165
0.5060 0.6670 0.2623 0.0000 0.9172
0.5066 0.6680 0.2608 0.0000 0.9189
0.5067 0.6688 0.2603 0.0000 0.9203
0.5069 0.6696 0.2602 0.0000 0.9220
0.5069 0.6701 0.2608 0.0000 0.9235
0.5079 0.6714 0.2583 0.0000 0.9259
0.5069 0.6707 0.2638 0.0000 0.9261
0.5095 0.6737 0.2486 0.0001 0.9266
0.5097 0.6745 0.2480 0.0001 0.9285
0.5099 0.6751 0.2473 0.0001 0.9296
0.5101 0.6765 0.2433 0.0001 0.9304
0.5096 0.6761 0.2470 0.0001 0.9319
0.5103 0.6769 0.2445 0.0001 0.9345
0.5097 0.6770 0.2473 0.0001 0.9341
0.5105 0.6779 0.2443 0.0001 0.9366
0.5087 0.6764 0.2526 0.0001 0.9350
0.5087 0.6771 0.2531 0.0001 0.9370
0.5093 0.6773 0.2511 0.0001 0.9398
0.5084 0.6752 0.2594 0.0000 0.9400
0.5087 0.6762 0.2583 0.0000 0.9417
0.5069 0.6753 0.2663 0.0000 0.9346
0.5072 0.6762 0.2655 0.0000 0.9366
0.5081 0.6781 0.2597 0.0000 0.9383
0.5083 0.6787 0.2600 0.0000 0.9402
0.5089 0.6797 0.2573 0.0000 0.9424
0.5077 0.6780 0.2651 0.0000 0.9397
0.5078 0.6782 0.2647 0.0000 0.9417
0.5080 0.6786 0.2638 0.0000 0.9441
0.5076 0.6774 0.2622 0.0000 0.9459
0.5067 0.6769 0.2671 0.0000 0.9433
0.5070 0.6774 0.2651 0.0000 0.9415
0.5077 0.6771 0.2630 0.0000 0.9421
0.5074 0.6772 0.2641 0.0000 0.9418
0.5083 0.6778 0.2624 0.0000 0.9454
0.5088 0.6787 0.2610 0.0000 0.9471
0.5098 0.6795 0.2590 0.0000 0.9500
0.5122 0.6808 0.2523 0.0001 0.9524
0.5073 0.6738 0.2614 0.0000 0.9302
0.5096 0.6754 0.2532 0.0001 0.9318
0.5091 0.6755 0.2553 0.0000 0.9326
0.5097 0.6755 0.2551 0.0000 0.9329
0.5110 0.6764 0.2513 0.0001 0.9339
0.5121 0.6775 0.2483 0.0001 0.9351
0.5131 0.6787 0.2457 0.0001 0.9375
0.5128 0.6790 0.2462 0.0001 0.9385
0.5112 0.6775 0.2494 0.0001 0.9347
0.5107 0.6777 0.2511 0.0001 0.9355
0.5088 0.6764 0.2592 0.0000 0.9353
0.5089 0.6770 0.2591 0.0000 0.9369
0.5099 0.6780 0.2547 0.0000 0.9369
0.5112 0.6790 0.2505 0.0001 0.9376
0.5114 0.6796 0.2498 0.0001 0.9389
0.5108 0.6798 0.2505 0.0001 0.9395
0.5111 0.6805 0.2492 0.0001 0.9406
0.5111 0.6809 0.2494 0.0001 0.9420
0.5114 0.6814 0.2484 0.0001 0.9428
0.5104 0.6809 0.2511 0.0001 0.9429
0.5098 0.6807 0.2522 0.0001 0.9419
0.5098 0.6811 0.2526 0.0001 0.9436
0.5096 0.6812 0.2540 0.0000 0.9446
0.5099 0.6817 0.2529 0.0001 0.9455
0.5100 0.6822 0.2524 0.0001 0.9469
0.5108 0.6830 0.2498 0.0001 0.9489
0.5120 0.6836 0.2469 0.0001 0.9511
0.5139 0.6843 0.2424 0.0001 0.9512
0.5139 0.6848 0.2424 0.0001 0.9531
0.5139 0.6853 0.2421 0.0001 0.9552
0.5131 0.6851 0.2442 0.0001 0.9562
0.5115 0.6823 0.2519 0.0001 0.9518
0.5109 0.6819 0.2541 0.0000 0.9519
0.5111 0.6828 0.2518 0.0001 0.9519
0.5119 0.6830 0.2492 0.0001 0.9534
0.5116 0.6833 0.2498 0.0001 0.9545
0.5108 0.6831 0.2537 0.0000 0.9524
0.5108 0.6826 0.2558 0.0000 0.9521
0.5108 0.6828 0.2566 0.0000 0.9536
0.5110 0.6832 0.2565 0.0000 0.9555
0.5108 0.6836 0.2568 0.0000 0.9569
0.5107 0.6841 0.2571 0.0000 0.9584
0.5108 0.6844 0.2572 0.0000 0.9601
0.5116 0.6845 0.2569 0.0000 0.9628
0.5103 0.6837 0.2578 0.0000 0.9552
0.5098 0.6830 0.2613 0.0000 0.9552
0.5094 0.6833 0.2619 0.0000 0.9567
0.5094 0.6836 0.2617 0.0000 0.9578
0.5089 0.6831 0.2642 0.0000 0.9582
0.5090 0.6836 0.2641 0.0000 0.9598
0.5091 0.6840 0.2640 0.0000 0.9618
0.5093 0.6847 0.2634 0.0000 0.9640
0.5076 0.6849 0.2719 0.0000 0.9643
0.5066 0.6829 0.2771 0.0000 0.9600
0.5061 0.6834 0.2759 0.0000 0.9598
0.5075 0.6842 0.2693 0.0000 0.9543
0.5068 0.6825 0.2751 0.0000 0.9527
0.5073 0.6827 0.2758 0.0000 0.9545
0.5074 0.6829 0.2751 0.0000 0.9553
0.5085 0.6833 0.2721 0.0000 0.9549
0.5091 0.6840 0.2706 0.0000 0.9563
0.5091 0.6842 0.2696 0.0000 0.9557
0.5096 0.6846 0.2674 0.0000 0.9559
0.5095 0.6847 0.2680 0.0000 0.9566
0.5096 0.6851 0.2673 0.0000 0.9574
0.5097 0.6856 0.2673 0.0000 0.9591
0.5090 0.6851 0.2681 0.0000 0.9561
0.5091 0.6853 0.2692 0.0000 0.9581
0.5085 0.6845 0.2719 0.0000 0.9571
0.5090 0.6856 0.2703 0.0000 0.9589
0.5088 0.6853 0.2702 0.0000 0.9585
0.5088 0.6856 0.2701 0.0000 0.9594
0.5088 0.6857 0.2698 0.0000 0.9596
0.5095 0.6870 0.2665 0.0000 0.9617
0.5095 0.6869 0.2678 0.0000 0.9621
0.5082 0.6847 0.2754 0.0000 0.9589
0.5083 0.6852 0.2750 0.0000 0.9604
0.5084 0.6857 0.2750 0.0000 0.9620
0.5088 0.6865 0.2738 0.0000 0.9641
0.5086 0.6868 0.2748 0.0000 0.9663
0.5086 0.6871 0.2751 0.0000 0.9676
0.5089 0.6879 0.2737 0.0000 0.9695
0.5092 0.6883 0.2726 0.0000 0.9714
0.5092 0.6886 0.2726 0.0000 0.9728
0.5093 0.6888 0.2720 0.0000 0.9732
0.5094 0.6892 0.2720 0.0000 0.9746
0.5095 0.6894 0.2714 0.0000 0.9756
0.5122 0.6921 0.2593 0.0000 0.9717
0.5123 0.6923 0.2588 0.0000 0.9722
0.5120 0.6915 0.2643 0.0000 0.9727
0.5125 0.6926 0.2618 0.0000 0.9754
0.5126 0.6926 0.2618 0.0000 0.9755
0.5128 0.6930 0.2615 0.0000 0.9769
0.5126 0.6926 0.2638 0.0000 0.9770
0.5125 0.6931 0.2644 0.0000 0.9787
0.5127 0.6937 0.2640 0.0000 0.9794
0.5128 0.6942 0.2640 0.0000 0.9813
0.5126 0.6940 0.2641 0.0000 0.9810
0.5133 0.6949 0.2627 0.0000 0.9834
0.5130 0.6951 0.2643 0.0000 0.9851
0.5139 0.6956 0.2619 0.0000 0.9868
0.5139 0.6950 0.2617 0.0000 0.9867
0.5142 0.6949 0.2591 0.0000 0.9856
0.5142 0.6951 0.2581 0.0000 0.9865
0.5146 0.6956 0.2578 0.0000 0.9878
0.5149 0.6957 0.2542 0.0000 0.9847
0.5156 0.6966 0.2510 0.0001 0.9873
0.5158 0.6970 0.2506 0.0001 0.9880
0.5152 0.6961 0.2547 0.0000 0.9871
0.5154 0.6962 0.2551 0.0000 0.9889
0.5157 0.6966 0.2540 0.0000 0.9902
0.5157 0.6969 0.2544 0.0000 0.9913
0.5158 0.6964 0.2529 0.0001 0.9879
0.5158 0.6963 0.2520 0.0001 0.9880
0.5168 0.6971 0.2447 0.0001 0.9887
0.5207 0.7004 0.2221 0.0004 0.9965
0.5194 0.6994 0.2303 0.0002 0.9966
0.5184 0.6982 0.2350 0.0002 0.9943
0.5182 0.6975 0.2352 0.0002 0.9926
0.5156 0.6963 0.2475 0.0001 0.9901
0.5150 0.6961 0.2476 0.0001 0.9885
0.5147 0.6954 0.2489 0.0001 0.9896
0.5140 0.6946 0.2508 0.0001 0.9888
0.5125 0.6919 0.2592 0.0000 0.9834
0.5126 0.6923 0.2592 0.0000 0.9853
0.5126 0.6928 0.2582 0.0000 0.9868
0.5125 0.6926 0.2581 0.0000 0.9856
0.5134 0.6934 0.2528 0.0001 0.9843
0.5138 0.6936 0.2539 0.0000 0.9842
0.5119 0.6924 0.2655 0.0000 0.9821
0.5122 0.6927 0.2637 0.0000 0.9848
0.5123 0.6930 0.2643 0.0000 0.9858
0.5117 0.6922 0.2670 0.0000 0.9857
0.5118 0.6925 0.2671 0.0000 0.9872
0.5119 0.6927 0.2673 0.0000 0.9888
0.5101 0.6891 0.2758 0.0000 0.9839
0.5091 0.6873 0.2789 0.0000 0.9816
0.5082 0.6858 0.2840 0.0000 0.9823
0.5076 0.6849 0.2869 0.0000 0.9804
0.5067 0.6841 0.2886 0.0000 0.9782
0.5064 0.6840 0.2887 0.0000 0.9768
0.5065 0.6840 0.2874 0.0000 0.9762
0.5069 0.6841 0.2866 0.0000 0.9758
0.5065 0.6831 0.2894 0.0000 0.9747
0.5062 0.6826 0.2907 0.0000 0.9728
0.5042 0.6794 0.3006 0.0000 0.9663
0.5039 0.6791 0.3025 0.0000 0.9662
0.5064 0.6826 0.2907 0.0000 0.9682
0.5065 0.6822 0.2922 0.0000 0.9673
0.5068 0.6831 0.2898 0.0000 0.9684
0.5067 0.6834 0.2895 0.0000 0.9688
0.5070 0.6839 0.2885 0.0000 0.9700
0.5071 0.6843 0.2890 0.0000 0.9708
0.5071 0.6848 0.2889 0.0000 0.9726
0.5070 0.6848 0.2890 0.0000 0.9725
0.5059 0.6829 0.2924 0.0000 0.9683
0.5050 0.6815 0.2967 0.0000 0.9671
0.5067 0.6843 0.2916 0.0000 0.9721
0.5069 0.6848 0.2911 0.0000 0.9740
0.5069 0.6848 0.2911 0.0000 0.9734
0.5070 0.6852 0.2912 0.0000 0.9750
0.5074 0.6862 0.2896 0.0000 0.9758
0.5080 0.6875 0.2863 0.0000 0.9781
0.5085 0.6873 0.2834 0.0000 0.9761
0.5086 0.6876 0.2833 0.0000 0.9773
0.5096 0.6891 0.2789 0.0000 0.9806
0.5098 0.6892 0.2785 0.0000 0.9816
0.5099 0.6895 0.2785 0.0000 0.9830
0.5085 0.6867 0.2841 0.0000 0.9769
0.5076 0.6854 0.2876 0.0000 0.9773
0.5075 0.6854 0.2879 0.0000 0.9786
0.5076 0.6857 0.2880 0.0000 0.9800
0.5079 0.6863 0.2875 0.0000 0.9821
0.5079 0.6866 0.2885 0.0000 0.9837
0.5070 0.6852 0.2908 0.0000 0.9824
0.5085 0.6876 0.2866 0.0000 0.9841
0.5083 0.6872 0.2875 0.0000 0.9845
0.5084 0.6876 0.2874 0.0000 0.9863
0.5085 0.6880 0.2871 0.0000 0.9883
0.5081 0.6875 0.2874 0.0000 0.9899
0.5084 0.6878 0.2856 0.0000 0.9839
0.5086 0.6880 0.2849 0.0000 0.9847
0.5086 0.6881 0.2851 0.0000 0.9857
0.5087 0.6885 0.2851 0.0000 0.9875
0.5097 0.6891 0.2824 0.0000 0.9843
0.5102 0.6891 0.2808 0.0000 0.9835
0.5105 0.6895 0.2802 0.0000 0.9853
0.5103 0.6898 0.2807 0.0000 0.9866
0.5106 0.6900 0.2803 0.0000 0.9880
0.5109 0.6898 0.2777 0.0000 0.9864
0.5074 0.6839 0.2895 0.0000 0.9631
0.5066 0.6819 0.2928 0.0000 0.9575
0.5067 0.6823 0.2928 0.0000 0.9589
0.5068 0.6824 0.2903 0.0000 0.9570
0.5068 0.6825 0.2887 0.0000 0.9555
0.5068 0.6828 0.2895 0.0000 0.9572
0.5069 0.6811 0.2875 0.0000 0.9519
0.5070 0.6814 0.2874 0.0000 0.9531
0.5072 0.6811 0.2873 0.0000 0.9529
0.5076 0.6818 0.2870 0.0000 0.9549
0.5069 0.6806 0.2898 0.0000 0.9529
0.5067 0.6804 0.2910 0.0000 0.9536
0.5068 0.6803 0.2905 0.0000 0.9499
0.5061 0.6790 0.2939 0.0000 0.9483
0.5058 0.6785 0.2955 0.0000 0.9480
0.5056 0.6780 0.2964 0.0000 0.9470
0.5046 0.6766 0.3005 0.0000 0.9452
0.5045 0.6764 0.3016 0.0000 0.9456
0.5042 0.6758 0.3038 0.0000 0.9455
0.5041 0.6757 0.3049 0.0000 0.9462
0.5036 0.6746 0.3078 0.0000 0.9449
0.5037 0.6746 0.3081 0.0000 0.9458
0.5039 0.6751 0.3080 0.0000 0.9470
0.5037 0.6743 0.3085 0.0000 0.9461
0.5039 0.6743 0.3082 0.0000 0.9464
0.5039 0.6748 0.3085 0.0000 0.9473
0.5037 0.6747 0.3092 0.0000 0.9476
0.5035 0.6746 0.3098 0.0000 0.9477
0.5019 0.6724 0.3156 0.0000 0.9450
0.5017 0.6722 0.3168 0.0000 0.9455
0.5018 0.6720 0.3165 0.0000 0.9453
0.5017 0.6710 0.3168 0.0000 0.9424
0.5015 0.6708 0.3177 0.0000 0.9428
0.5015 0.6705 0.3175 0.0000 0.9421
0.5013 0.6710 0.3180 0.0000 0.9432
0.5033 0.6737 0.3096 0.0000 0.9453
0.5031 0.6739 0.3107 0.0000 0.9467
0.5026 0.6728 0.3132 0.0000 0.9460
0.5025 0.6727 0.3141 0.0000 0.9466
0.5025 0.6723 0.3149 0.0000 0.9459
0.5025 0.6720 0.3158 0.0000 0.9463
0.5022 0.6713 0.3175 0.0000 0.9458
0.5023 0.6713 0.3179 0.0000 0.9466
0.5025 0.6719 0.3171 0.0000 0.9480
0.5021 0.6711 0.3186 0.0000 0.9468
0.5021 0.6712 0.3188 0.0000 0.9477
0.5021 0.6715 0.3188 0.0000 0.9486
0.5024 0.6722 0.3178 0.0000 0.9502
0.5026 0.6725 0.3177 0.0000 0.9514
0.5027 0.6729 0.3174 0.0000 0.9526
0.5028 0.6732 0.3176 0.0000 0.9540
0.5026 0.6726 0.3183 0.0000 0.9532
0.5027 0.6729 0.3182 0.0000 0.9544
0.5033 0.6740 0.3163 0.0000 0.9556
0.5035 0.6740 0.3157 0.0000 0.9558
0.5033 0.6744 0.3159 0.0000 0.9568
0.5033 0.6744 0.3160 0.0000 0.9576
0.5038 0.6742 0.3154 0.0000 0.9573
0.5041 0.6750 0.3142 0.0000 0.9592
0.5044 0.6751 0.3141 0.0000 0.9597
0.5044 0.6754 0.3142 0.0000 0.9609
0.5045 0.6757 0.3141 0.0000 0.9621
0.5046 0.6758 0.3140 0.0000 0.9627
0.5050 0.6760 0.3134 0.0000 0.9633
0.5046 0.6760 0.3146 0.0000 0.9638
0.5046 0.6764 0.3144 0.0000 0.9653
0.5045 0.6767 0.3149 0.0000 0.9666
0.5052 0.6778 0.3126 0.0000 0.9689
0.5052 0.6777 0.3118 0.0000 0.9675
0.5052 0.6779 0.3127 0.0000 0.9690
0.5053 0.6783 0.3122 0.0000 0.9701
0.5055 0.6786 0.3118 0.0000 0.9710
0.5055 0.6789 0.3121 0.0000 0.9722
0.5056 0.6792 0.3121 0.0000 0.9737
0.5057 0.6789 0.3121 0.0000 0.9732
0.5059 0.6790 0.3113 0.0000 0.9735
0.5057 0.6786 0.3117 0.0000 0.9734
0.5051 0.6769 0.3114 0.0000 0.9682
0.5053 0.6772 0.3115 0.0000 0.9696
0.5054 0.6776 0.3113 0.0000 0.9712
0.5054 0.6776 0.3112 0.0000 0.9717
0.5050 0.6777 0.3135 0.0000 0.9716
0.5051 0.6778 0.3131 0.0000 0.9724
0.5050 0.6776 0.3136 0.0000 0.9724
0.5051 0.6778 0.3139 0.0000 0.9739
0.5051 0.6775 0.3143 0.0000 0.9732
0.5051 0.6778 0.3144 0.0000 0.9749
0.5057 0.6790 0.3124 0.0000 0.9755
0.5061 0.6791 0.3110 0.0000 0.9757
0.5062 0.6795 0.3109 0.0000 0.9773
0.5065 0.6798 0.3102 0.0000 0.9784
0.5061 0.6795 0.3117 0.0000 0.9773
0.5044 0.6776 0.3171 0.0000 0.9714
0.5045 0.6779 0.3171 0.0000 0.9725
0.5040 0.6770 0.3183 0.0000 0.9688
0.5040 0.6768 0.3180 0.0000 0.9679
0.5036 0.6762 0.3183 0.0000 0.9655
0.5061 0.6774 0.3067 0.0000 0.9580
0.5060 0.6777 0.3072 0.0000 0.9592
0.5059 0.6780 0.3076 0.0000 0.9610
0.5058 0.6783 0.3074 0.0000 0.9632
0.5056 0.6780 0.3082 0.0000 0.9629
0.5058 0.6780 0.3080 0.0000 0.9631
0.5055 0.6767 0.3106 0.0000 0.9610
0.5056 0.6771 0.3100 0.0000 0.9621
0.5055 0.6768 0.3102 0.0000 0.9617
0.5056 0.6767 0.3096 0.0000 0.9620
0.5058 0.6766 0.3083 0.0000 0.9609
0.5059 0.6770 0.3083 0.0000 0.9623
0.5062 0.6767 0.3069 0.0000 0.9609
0.5063 0.6770 0.3068 0.0000 0.9619
0.5064 0.6767 0.3066 0.0000 0.9610
0.5061 0.6758 0.3077 0.0000 0.9595
0.5060 0.6751 0.3076 0.0000 0.9587
0.5054 0.6743 0.3104 0.0000 0.9582
0.5052 0.6733 0.3109 0.0000 0.9568
0.5051 0.6733 0.3114 0.0000 0.9576
0.5050 0.6733 0.3120 0.0000 0.9582
0.5053 0.6734 0.3103 0.0000 0.9599
0.5051 0.6732 0.3118 0.0000 0.9606
0.5048 0.6727 0.3131 0.0000 0.9602
0.5044 0.6732 0.3151 0.0000 0.9573
0.5040 0.6725 0.3173 0.0000 0.9567
0.5040 0.6715 0.3196 0.0000 0.9559
0.5035 0.6708 0.3216 0.0000 0.9553
0.5034 0.6712 0.3213 0.0000 0.9567
0.5035 0.6712 0.3211 0.0000 0.9573
0.5035 0.6714 0.3214 0.0000 0.9582
0.5035 0.6704 0.3231 0.0000 0.9566
0.5049 0.6706 0.3191 0.0000 0.9550
0.5049 0.6708 0.3191 0.0000 0.9559
0.5049 0.6699 0.3199 0.0000 0.9538
0.5049 0.6703 0.3194 0.0000 0.9550
0.5047 0.6705 0.3194 0.0000 0.9554
0.5054 0.6714 0.3182 0.0000 0.9564
0.5054 0.6712 0.3186 0.0000 0.9565
0.5055 0.6710 0.3191 0.0000 0.9566
0.5054 0.6711 0.3192 0.0000 0.9570
0.5054 0.6698 0.3204 0.0000 0.9537
0.5056 0.6710 0.3180 0.0000 0.9551
0.5060 0.6712 0.3160 0.0000 0.9552
0.5070 0.6713 0.3137 0.0000 0.9540
0.5071 0.6711 0.3142 0.0000 0.9537
0.5073 0.6713 0.3139 0.0000 0.9545
0.5069 0.6709 0.3138 0.0000 0.9522
0.5076 0.6701 0.3119 0.0000 0.9499
0.5074 0.6689 0.3116 0.0000 0.9471
0.5051 0.6675 0.3151 0.0000 0.9438
0.5052 0.6677 0.3151 0.0000 0.9448
0.5050 0.6673 0.3146 0.0000 0.9445
0.5050 0.6675 0.3145 0.0000 0.9453
0.5050 0.6675 0.3140 0.0000 0.9452
0.5051 0.6675 0.3141 0.0000 0.9455
0.5056 0.6675 0.3125 0.0000 0.9449
0.5056 0.6677 0.3125 0.0000 0.9457
0.5056 0.6668 0.3135 0.0000 0.9435
0.5056 0.6670 0.3136 0.0000 0.9443
0.5057 0.6655 0.3118 0.0000 0.9363
0.5055 0.6649 0.3128 0.0000 0.9353
0.5055 0.6651 0.3129 0.0000 0.9358
0.5056 0.6654 0.3127 0.0000 0.9367
0.5053 0.6644 0.3138 0.0000 0.9338
0.5053 0.6652 0.3127 0.0000 0.9358
0.5054 0.6655 0.3127 0.0000 0.9366
0.5054 0.6658 0.3125 0.0000 0.9376
0.5058 0.6660 0.3107 0.0000 0.9373
0.5060 0.6662 0.3103 0.0000 0.9378
