1.2627 1.7469 0.2154 0.0003 1.8508
1.2285 1.7127 0.2269 0.0001 1.7700
1.2244 1.7116 0.2290 0.0001 1.7663
1.2267 1.7180 0.2245 0.0001 1.7662
1.2308 1.7281 0.2193 0.0002 1.7836
1.2291 1.7284 0.2176 0.0002 1.7969
1.2330 1.7289 0.2109 0.0004 1.7970
1.2405 1.7290 0.2162 0.0002 1.7978
1.2553 1.7252 0.2365 0.0001 1.7427
1.2619 1.7407 0.2320 0.0001 1.7625
1.2639 1.7463 0.2305 0.0001 1.7614
1.2583 1.7320 0.2444 0.0000 1.7417
1.2578 1.7327 0.2439 0.0000 1.7409
1.2601 1.7353 0.2445 0.0000 1.7465
1.2271 1.6805 0.2635 0.0000 1.7086
1.2258 1.6846 0.2702 0.0000 1.7160
1.2187 1.6782 0.2726 0.0000 1.7141
1.1900 1.6443 0.2816 0.0000 1.6869
1.1984 1.6605 0.2755 0.0000 1.6901
1.1948 1.6553 0.2751 0.0000 1.6915
1.1922 1.6558 0.2717 0.0000 1.6918
1.2019 1.6678 0.2717 0.0000 1.6983
1.2082 1.6654 0.2673 0.0000 1.6938
1.2080 1.6665 0.2669 0.0000 1.6952
1.2062 1.6652 0.2668 0.0000 1.6951
1.2174 1.6651 0.2754 0.0000 1.6855
1.2223 1.6682 0.2750 0.0000 1.6902
1.2228 1.6638 0.2778 0.0000 1.6802
1.2115 1.6601 0.2732 0.0000 1.6742
1.2137 1.6632 0.2648 0.0000 1.6766
1.2131 1.6620 0.2643 0.0000 1.6749
1.2128 1.6594 0.2632 0.0000 1.6748
1.2085 1.6605 0.2628 0.0000 1.6783
1.2075 1.6603 0.2631 0.0000 1.6813
1.1969 1.6519 0.2562 0.0000 1.6841
1.1974 1.6473 0.2583 0.0000 1.6815
1.1984 1.6501 0.2591 0.0000 1.6783
1.1969 1.6498 0.2597 0.0000 1.6800
1.1941 1.6470 0.2611 0.0000 1.6775
1.1923 1.6458 0.2614 0.0000 1.6759
1.1914 1.6460 0.2616 0.0000 1.6772
1.1837 1.6298 0.2710 0.0000 1.6628
1.1804 1.6257 0.2749 0.0000 1.6706
1.1896 1.6374 0.2697 0.0000 1.6692
1.1937 1.6376 0.2787 0.0000 1.6599
1.1940 1.6378 0.2798 0.0000 1.6657
1.1891 1.6351 0.2789 0.0000 1.6640
1.1883 1.6325 0.2882 0.0000 1.6588
1.1919 1.6381 0.2848 0.0000 1.6683
1.1931 1.6411 0.2832 0.0000 1.6689
1.1784 1.6257 0.2880 0.0000 1.6643
1.1739 1.6236 0.2901 0.0000 1.6589
1.1764 1.6279 0.2860 0.0000 1.6568
1.1740 1.6228 0.2868 0.0000 1.6537
1.1707 1.6050 0.2950 0.0000 1.6403
1.1703 1.6053 0.2951 0.0000 1.6408
1.1648 1.6024 0.2951 0.0000 1.6401
1.1652 1.6033 0.2938 0.0000 1.6392
1.1640 1.6055 0.2916 0.0000 1.6400
1.1601 1.6013 0.2941 0.0000 1.6379
1.1641 1.6022 0.2955 0.0000 1.6365
1.1702 1.6129 0.2906 0.0000 1.6322
1.1593 1.5996 0.3017 0.0000 1.6234
1.1579 1.5950 0.3052 0.0000 1.6212
1.1555 1.5932 0.3032 0.0000 1.6232
1.1531 1.5854 0.3129 0.0000 1.6186
1.1523 1.5882 0.3110 0.0000 1.6216
1.1483 1.5867 0.3131 0.0000 1.6200
1.1472 1.5888 0.3083 0.0000 1.6216
1.1478 1.5888 0.3081 0.0000 1.6270
1.1498 1.5892 0.3069 0.0000 1.6191
1.1471 1.5891 0.3062 0.0000 1.6183
1.1436 1.5916 0.3020 0.0000 1.6182
1.1440 1.5912 0.3019 0.0000 1.6207
1.1394 1.5839 0.3129 0.0000 1.6145
1.1398 1.5864 0.3093 0.0000 1.6191
1.1437 1.5865 0.3082 0.0000 1.6172
1.1424 1.5867 0.3079 0.0000 1.6165
1.1446 1.5973 0.2892 0.0000 3.0501
1.1417 1.5884 0.3060 0.0000 1.6181
1.1387 1.5875 0.3072 0.0000 1.6190
1.1409 1.5908 0.3033 0.0000 1.6195
1.1393 1.5906 0.3037 0.0000 1.6189
1.1395 1.5895 0.3048 0.0000 1.6227
1.1397 1.5906 0.3034 0.0000 1.6187
1.1392 1.5912 0.3031 0.0000 1.6185
1.1371 1.5887 0.3073 0.0000 1.6200
1.1371 1.5905 0.3036 0.0000 1.6196
1.1374 1.5900 0.3041 0.0000 1.6239
1.1382 1.5900 0.3040 0.0000 1.6182
1.1351 1.5875 0.3081 0.0000 1.6174
1.1347 1.5878 0.3070 0.0000 1.6226
1.1362 1.5883 0.3061 0.0000 1.6217
1.1324 1.5866 0.3098 0.0000 1.6225
1.1318 1.5873 0.3090 0.0000 1.6202
1.1316 1.5884 0.3077 0.0000 1.6191
1.1296 1.5886 0.3069 0.0000 1.6206
1.1278 1.5876 0.3088 0.0000 1.6212
1.1290 1.5890 0.3063 0.0000 1.6257
1.1285 1.5894 0.3058 0.0000 1.6243
1.1277 1.5891 0.3065 0.0000 1.6271
1.1256 1.5893 0.3073 0.0000 1.6285
1.1251 1.5894 0.3074 0.0000 1.6295
1.1490 1.6128 0.2744 0.0000 44.2776
1.1260 1.5875 0.3098 0.0000 1.6314
1.1249 1.5888 0.3077 0.0000 1.6303
1.1295 1.5938 0.2979 0.0000 4.9376
1.1252 1.5902 0.3066 0.0000 1.6300
1.1242 1.5903 0.3069 0.0000 1.6292
1.1249 1.5909 0.3053 0.0000 1.6306
1.1248 1.5927 0.3033 0.0000 1.6319
1.1241 1.5926 0.3038 0.0000 1.6330
1.1238 1.5956 0.2998 0.0000 1.6383
1.1258 1.5921 0.3019 0.0000 1.6332
1.1254 1.5925 0.3014 0.0000 1.6327
1.1250 1.5944 0.2999 0.0000 1.6367
1.1247 1.5929 0.3016 0.0000 1.6412
1.1284 1.5973 0.2947 0.0000 1.6295
1.1243 1.5952 0.2987 0.0000 1.6261
1.1208 1.5911 0.3063 0.0000 1.6267
1.1206 1.5928 0.3046 0.0000 1.6224
1.1188 1.5924 0.3056 0.0000 1.6294
1.1202 1.5919 0.3046 0.0000 1.6227
1.1210 1.5940 0.3019 0.0000 1.6337
1.1215 1.5919 0.3039 0.0000 1.6341
1.1168 1.5875 0.3132 0.0000 1.6250
1.1186 1.5890 0.3139 0.0000 1.6243
1.1155 1.5849 0.3216 0.0000 1.6253
1.1156 1.5862 0.3183 0.0000 1.6214
1.1135 1.5858 0.3197 0.0000 1.6215
1.1146 1.5887 0.3159 0.0000 1.6206
1.1153 1.5846 0.3254 0.0000 1.6217
1.1147 1.5845 0.3255 0.0000 1.6222
1.1198 1.5844 0.3220 0.0000 1.6192
1.1195 1.5862 0.3197 0.0000 1.6200
1.1196 1.5835 0.3245 0.0000 1.6197
1.1181 1.5816 0.3244 0.0000 1.6150
1.1169 1.5821 0.3241 0.0000 1.6166
1.1155 1.5822 0.3238 0.0000 1.6168
1.1152 1.5826 0.3235 0.0000 1.6171
1.1127 1.5817 0.3263 0.0000 1.6146
1.1123 1.5820 0.3257 0.0000 1.6133
1.1130 1.5815 0.3274 0.0000 1.6130
1.1118 1.5822 0.3264 0.0000 1.6169
1.1130 1.5826 0.3262 0.0000 1.6174
1.1138 1.5840 0.3247 0.0000 1.6164
1.1134 1.5842 0.3245 0.0000 1.6146
1.1182 1.5877 0.3215 0.0000 1.6185
1.1174 1.5884 0.3198 0.0000 1.6178
1.1179 1.5855 0.3177 0.0000 1.6169
1.1194 1.5854 0.3190 0.0000 1.6154
1.1204 1.5849 0.3192 0.0000 1.6168
1.1184 1.5854 0.3189 0.0000 1.6166
1.1170 1.5859 0.3175 0.0000 1.6178
1.1181 1.5884 0.3135 0.0000 1.6170
1.1161 1.5910 0.3081 0.0000 1.6182
1.1181 1.5926 0.3063 0.0000 1.6168
1.1164 1.5922 0.3077 0.0000 1.6176
1.1163 1.5937 0.3055 0.0000 1.6186
1.1144 1.5912 0.3128 0.0000 1.6168
1.1148 1.5913 0.3133 0.0000 1.6165
1.1145 1.5914 0.3131 0.0000 1.6164
1.1147 1.5922 0.3116 0.0000 1.6119
1.1138 1.5915 0.3131 0.0000 1.6160
1.1143 1.5919 0.3128 0.0000 1.6158
1.1149 1.5918 0.3107 0.0000 1.6133
1.1159 1.5920 0.3128 0.0000 1.6140
1.1144 1.5900 0.3145 0.0000 1.6148
1.1114 1.5836 0.3250 0.0000 1.6074
1.1097 1.5770 0.3385 0.0000 1.6065
1.1088 1.5763 0.3391 0.0000 1.6054
1.1086 1.5762 0.3406 0.0000 1.6043
1.1083 1.5737 0.3430 0.0000 1.6024
1.1080 1.5728 0.3441 0.0000 1.6052
1.1074 1.5732 0.3447 0.0000 1.6066
1.1072 1.5728 0.3440 0.0000 1.6039
1.1065 1.5699 0.3472 0.0000 1.6024
1.1062 1.5714 0.3448 0.0000 1.6031
1.1063 1.5710 0.3457 0.0000 1.6032
1.1059 1.5710 0.3459 0.0000 1.6004
1.1055 1.5710 0.3462 0.0000 1.6014
1.1077 1.5735 0.3431 0.0000 1.6028
1.1075 1.5738 0.3433 0.0000 1.6039
1.1049 1.5732 0.3459 0.0000 1.6027
1.1046 1.5735 0.3456 0.0000 1.6048
1.1045 1.5745 0.3429 0.0000 1.6055
1.1039 1.5738 0.3440 0.0000 1.6045
1.1063 1.5746 0.3426 0.0000 1.6053
1.1076 1.5760 0.3400 0.0000 1.6079
1.1074 1.5760 0.3401 0.0000 1.6070
1.1071 1.5765 0.3392 0.0000 1.6080
1.1072 1.5763 0.3396 0.0000 1.6059
1.1064 1.5750 0.3412 0.0000 1.6054
1.1067 1.5742 0.3416 0.0000 1.6061
1.1071 1.5738 0.3415 0.0000 1.6058
1.1067 1.5740 0.3410 0.0000 1.6062
1.1085 1.5748 0.3392 0.0000 1.6069
1.1072 1.5689 0.3459 0.0000 1.6051
1.1090 1.5705 0.3446 0.0000 1.6064
1.1090 1.5702 0.3445 0.0000 1.6037
1.1078 1.5707 0.3444 0.0000 1.6043
1.1085 1.5711 0.3439 0.0000 1.6070
1.1079 1.5712 0.3440 0.0000 1.6073
1.1083 1.5711 0.3439 0.0000 1.6093
1.1092 1.5706 0.3443 0.0000 1.6064
1.1065 1.5698 0.3459 0.0000 1.6054
1.1067 1.5695 0.3467 0.0000 1.6072
1.1106 1.5717 0.3410 0.0000 1.6037
1.1099 1.5707 0.3421 0.0000 1.6040
1.1094 1.5707 0.3415 0.0000 1.6053
1.1087 1.5715 0.3417 0.0000 1.6059
1.1077 1.5700 0.3428 0.0000 1.6043
1.1071 1.5706 0.3429 0.0000 1.6053
1.1054 1.5712 0.3418 0.0000 1.6037
1.1063 1.5709 0.3416 0.0000 1.6049
1.1059 1.5710 0.3417 0.0000 1.6054
1.1065 1.5716 0.3406 0.0000 1.6048
1.1065 1.5718 0.3405 0.0000 1.6072
1.1065 1.5716 0.3399 0.0000 1.6062
1.1078 1.5711 0.3397 0.0000 1.6041
1.1076 1.5710 0.3403 0.0000 1.6000
1.1071 1.5699 0.3416 0.0000 1.6019
1.1078 1.5719 0.3391 0.0000 1.6010
1.1132 1.5725 0.3365 0.0000 1.6032
1.1133 1.5709 0.3389 0.0000 1.5981
1.1143 1.5721 0.3371 0.0000 1.6030
1.1154 1.5709 0.3382 0.0000 1.6012
1.1148 1.5704 0.3388 0.0000 1.6009
1.1167 1.5730 0.3359 0.0000 1.5996
1.1188 1.5723 0.3364 0.0000 1.6014
1.1193 1.5716 0.3374 0.0000 1.6014
1.1189 1.5714 0.3379 0.0000 1.6000
1.1188 1.5718 0.3376 0.0000 1.6001
1.1189 1.5728 0.3352 0.0000 1.6007
1.1181 1.5729 0.3350 0.0000 1.6001
1.1212 1.5760 0.3293 0.0000 1.6030
1.1223 1.5804 0.3214 0.0000 1.6029
1.1238 1.5805 0.3213 0.0000 1.6041
1.1264 1.5812 0.3189 0.0000 1.6031
1.1269 1.5820 0.3174 0.0000 1.6029
1.1266 1.5820 0.3175 0.0000 1.6041
1.1261 1.5815 0.3187 0.0000 1.6033
1.1289 1.5832 0.3148 0.0000 1.6016
1.1286 1.5831 0.3150 0.0000 1.6009
1.1278 1.5826 0.3159 0.0000 1.5991
1.1295 1.5831 0.3148 0.0000 1.6016
1.1308 1.5827 0.3152 0.0000 1.6013
1.1321 1.5842 0.3127 0.0000 1.6017
1.1321 1.5843 0.3126 0.0000 1.6029
1.1314 1.5838 0.3135 0.0000 1.6023
1.1322 1.5846 0.3120 0.0000 1.6035
1.1318 1.5857 0.3104 0.0000 1.6039
1.1306 1.5848 0.3121 0.0000 1.6037
1.1312 1.5850 0.3117 0.0000 1.6043
1.1301 1.5850 0.3124 0.0000 1.6031
1.1313 1.5864 0.3098 0.0000 1.6046
1.1315 1.5870 0.3089 0.0000 1.6050
1.1305 1.5869 0.3092 0.0000 1.6053
1.1310 1.5870 0.3091 0.0000 1.6051
1.1274 1.5854 0.3123 0.0000 1.6050
1.1286 1.5849 0.3127 0.0000 1.6051
1.1286 1.5858 0.3115 0.0000 1.6062
1.1283 1.5855 0.3119 0.0000 1.6059
1.1280 1.5861 0.3113 0.0000 1.6078
1.1278 1.5857 0.3119 0.0000 1.6061
1.1273 1.5859 0.3116 0.0000 1.6071
1.1266 1.5861 0.3117 0.0000 1.6070
1.1282 1.5862 0.3110 0.0000 1.6072
1.1276 1.5860 0.3114 0.0000 1.6060
1.1275 1.5869 0.3102 0.0000 1.6058
1.1301 1.5872 0.3093 0.0000 1.6065
1.1320 1.5882 0.3071 0.0000 1.6088
1.1308 1.5865 0.3102 0.0000 1.6072
1.1320 1.5877 0.3081 0.0000 1.6069
1.1326 1.5877 0.3081 0.0000 1.6093
1.1321 1.5872 0.3091 0.0000 1.6098
1.1317 1.5872 0.3090 0.0000 1.6098
1.1326 1.5882 0.3074 0.0000 1.6115
1.1318 1.5880 0.3077 0.0000 1.6104
1.1324 1.5884 0.3073 0.0000 1.6099
1.1414 1.5940 0.2994 0.0000 1.6144
1.1410 1.5945 0.2988 0.0000 1.6145
1.1400 1.5931 0.3010 0.0000 1.6125
1.1410 1.5923 0.3016 0.0000 1.6147
1.1405 1.5922 0.3020 0.0000 1.6135
1.1393 1.5918 0.3032 0.0000 1.6110
1.1392 1.5925 0.3021 0.0000 1.6104
1.1391 1.5926 0.3019 0.0000 1.6112
1.1417 1.5923 0.3010 0.0000 1.6136
1.1404 1.5918 0.3018 0.0000 1.6139
1.1399 1.5912 0.3031 0.0000 1.6144
1.1407 1.5911 0.3030 0.0000 1.6117
1.1414 1.5928 0.3005 0.0000 1.6165
1.1415 1.5939 0.2990 0.0000 1.6155
1.1399 1.5933 0.3002 0.0000 1.6144
1.1400 1.5925 0.3015 0.0000 1.6131
1.1386 1.5907 0.3048 0.0000 1.6130
1.1385 1.5916 0.3035 0.0000 1.6142
1.1393 1.5927 0.3024 0.0000 1.6132
1.1396 1.5920 0.3036 0.0000 1.6142
1.1405 1.5904 0.3044 0.0000 1.6130
1.1412 1.5892 0.3069 0.0000 1.6107
1.1404 1.5886 0.3080 0.0000 1.6093
1.1425 1.5892 0.3069 0.0000 1.6104
1.1451 1.5902 0.3055 0.0000 1.6120
1.1467 1.5909 0.3043 0.0000 1.6128
1.1467 1.5909 0.3039 0.0000 1.6136
1.1464 1.5909 0.3044 0.0000 1.6122
1.1470 1.5909 0.3043 0.0000 1.6141
1.1460 1.5903 0.3055 0.0000 1.6117
1.1477 1.5909 0.3046 0.0000 1.6128
1.1519 1.5941 0.2995 0.0000 1.6171
1.1538 1.5945 0.3011 0.0000 1.6132
1.1547 1.5947 0.3000 0.0000 1.6151
1.1532 1.5943 0.3005 0.0000 1.6133
1.1514 1.5929 0.3019 0.0000 1.6145
1.1511 1.5928 0.3027 0.0000 1.6146
1.1514 1.5928 0.3032 0.0000 1.6140
1.1517 1.5930 0.3022 0.0000 1.6152
1.1533 1.5925 0.3043 0.0000 1.6143
1.1532 1.5932 0.3041 0.0000 1.6125
1.1504 1.5901 0.3063 0.0000 1.6126
1.1490 1.5897 0.3074 0.0000 1.6107
1.1503 1.5910 0.3055 0.0000 1.6128
1.1491 1.5905 0.3063 0.0000 1.6103
1.1483 1.5912 0.3055 0.0000 1.6128
1.1559 1.5938 0.3034 0.0000 1.6169
1.1565 1.5948 0.3027 0.0000 1.6171
1.1593 1.5951 0.3018 0.0000 1.6170
1.1540 1.5939 0.3033 0.0000 1.6169
1.1522 1.5928 0.3032 0.0000 1.6159
1.1465 1.5892 0.3086 0.0000 1.6145
1.1471 1.5894 0.3089 0.0000 1.6131
1.1492 1.5900 0.3075 0.0000 1.6154
1.1498 1.5902 0.3072 0.0000 1.6153
1.1492 1.5901 0.3080 0.0000 1.6162
1.1480 1.5894 0.3086 0.0000 1.6131
1.1487 1.5891 0.3095 0.0000 1.6149
1.1479 1.5887 0.3097 0.0000 1.6134
1.1482 1.5890 0.3096 0.0000 1.6141
1.1496 1.5905 0.3070 0.0000 1.6155
1.1490 1.5904 0.3077 0.0000 1.6150
1.1467 1.5904 0.3082 0.0000 1.6121
1.1458 1.5890 0.3097 0.0000 1.6144
1.1445 1.5890 0.3110 0.0000 1.6086
1.1438 1.5877 0.3115 0.0000 1.6122
1.1447 1.5884 0.3105 0.0000 1.6151
1.1431 1.5861 0.3130 0.0000 1.6126
1.1453 1.5892 0.3084 0.0000 1.6146
1.1458 1.5894 0.3082 0.0000 1.6162
1.1467 1.5894 0.3091 0.0000 1.6145
1.1464 1.5893 0.3088 0.0000 1.6151
1.1463 1.5895 0.3091 0.0000 1.6148
1.1435 1.5889 0.3090 0.0000 1.6104
1.1412 1.5855 0.3152 0.0000 1.6073
1.1380 1.5834 0.3189 0.0000 1.6097
1.1365 1.5821 0.3203 0.0000 1.6094
1.1359 1.5817 0.3209 0.0000 1.6090
1.1349 1.5815 0.3214 0.0000 1.6099
1.1336 1.5808 0.3230 0.0000 1.6056
1.1340 1.5811 0.3221 0.0000 1.6075
1.1321 1.5808 0.3217 0.0000 1.6061
1.1342 1.5818 0.3205 0.0000 1.6064
1.1332 1.5807 0.3218 0.0000 1.6094
1.1334 1.5808 0.3213 0.0000 1.6077
1.1321 1.5805 0.3218 0.0000 1.6086
1.1314 1.5802 0.3230 0.0000 1.6068
1.1311 1.5806 0.3218 0.0000 1.6051
1.1306 1.5802 0.3224 0.0000 1.6070
1.1320 1.5805 0.3226 0.0000 1.6087
1.1368 1.5820 0.3180 0.0000 1.6047
1.1351 1.5816 0.3201 0.0000 1.6028
1.1355 1.5811 0.3202 0.0000 1.6038
1.1366 1.5801 0.3217 0.0000 1.6055
1.1373 1.5820 0.3186 0.0000 1.6041
1.1375 1.5818 0.3187 0.0000 1.6065
1.1395 1.5825 0.3174 0.0000 1.6059
1.1359 1.5814 0.3190 0.0000 1.6035
1.1412 1.5853 0.3145 0.0000 1.6057
1.1404 1.5849 0.3148 0.0000 1.6069
1.1400 1.5839 0.3162 0.0000 1.6057
1.1385 1.5823 0.3189 0.0000 1.6069
1.1405 1.5824 0.3187 0.0000 1.6047
1.1394 1.5832 0.3171 0.0000 1.6067
1.1384 1.5833 0.3174 0.0000 1.6071
1.1380 1.5831 0.3177 0.0000 1.6082
1.1381 1.5834 0.3173 0.0000 1.6074
1.1371 1.5831 0.3178 0.0000 1.6072
1.1370 1.5832 0.3177 0.0000 1.6071
1.1359 1.5829 0.3182 0.0000 1.6048
1.1368 1.5833 0.3176 0.0000 1.6073
1.1362 1.5822 0.3191 0.0000 1.6047
1.1366 1.5827 0.3187 0.0000 1.6036
1.1357 1.5826 0.3196 0.0000 1.6059
1.1358 1.5827 0.3198 0.0000 1.6048
1.1379 1.5842 0.3172 0.0000 1.6065
1.1365 1.5823 0.3193 0.0000 1.6024
1.1358 1.5830 0.3190 0.0000 1.6058
1.1352 1.5824 0.3193 0.0000 1.6063
1.1348 1.5825 0.3189 0.0000 1.6068
1.1343 1.5794 0.3233 0.0000 1.6001
1.1344 1.5821 0.3207 0.0000 1.6034
1.1353 1.5820 0.3216 0.0000 1.6067
1.1353 1.5811 0.3231 0.0000 1.6015
1.1378 1.5828 0.3206 0.0000 1.6039
1.1378 1.5830 0.3222 0.0000 1.6028
1.1378 1.5806 0.3240 0.0000 1.6002
1.1357 1.5794 0.3262 0.0000 1.5986
1.1365 1.5817 0.3223 0.0000 1.6008
1.1372 1.5816 0.3206 0.0000 1.6017
1.1361 1.5816 0.3209 0.0000 1.6035
1.1382 1.5817 0.3213 0.0000 1.6055
1.1350 1.5801 0.3234 0.0000 1.6001
1.1359 1.5807 0.3218 0.0000 1.6033
1.1351 1.5797 0.3240 0.0000 1.6007
1.1343 1.5793 0.3252 0.0000 1.6015
1.1360 1.5796 0.3253 0.0000 1.6026
1.1342 1.5789 0.3240 0.0000 1.6044
1.1345 1.5780 0.3272 0.0000 1.6011
1.1355 1.5781 0.3266 0.0000 1.6008
1.1356 1.5784 0.3252 0.0000 1.6011
1.1339 1.5795 0.3238 0.0000 1.6017
1.1357 1.5797 0.3230 0.0000 1.6016
1.1356 1.5800 0.3231 0.0000 1.6047
1.1332 1.5793 0.3251 0.0000 1.6003
1.1338 1.5805 0.3233 0.0000 1.6023
1.1331 1.5795 0.3247 0.0000 1.6022
1.1309 1.5786 0.3259 0.0000 1.6001
1.1314 1.5787 0.3254 0.0000 1.5993
1.1320 1.5797 0.3239 0.0000 1.6043
1.1295 1.5780 0.3265 0.0000 1.6010
1.1291 1.5786 0.3270 0.0000 1.6010
1.1302 1.5789 0.3267 0.0000 1.5994
1.1293 1.5785 0.3274 0.0000 1.5985
1.1299 1.5793 0.3237 0.0000 1.6015
1.1290 1.5785 0.3249 0.0000 1.5993
1.1289 1.5756 0.3312 0.0000 1.6009
1.1270 1.5759 0.3295 0.0000 1.6012
1.1242 1.5726 0.3346 0.0000 1.5941
1.1244 1.5749 0.3308 0.0000 1.6010
1.1232 1.5743 0.3313 0.0000 1.6004
1.1226 1.5750 0.3299 0.0000 1.5958
1.1226 1.5736 0.3323 0.0000 1.5993
1.1207 1.5703 0.3379 0.0000 1.5914
1.1219 1.5719 0.3351 0.0000 1.5968
1.1242 1.5712 0.3361 0.0000 1.5944
1.1230 1.5718 0.3349 0.0000 1.5966
1.1227 1.5718 0.3349 0.0000 1.5956
1.1216 1.5684 0.3408 0.0000 1.5910
1.1214 1.5700 0.3386 0.0000 1.5922
1.1207 1.5698 0.3387 0.0000 1.5919
