0.4931 0.6446 0.3397 0.0000 0.9816
0.4930 0.6436 0.3381 0.0000 0.9801
0.4932 0.6465 0.3367 0.0000 0.9850
0.4942 0.6474 0.3377 0.0000 0.9868
0.4939 0.6401 0.3384 0.0000 0.9750
0.5194 0.6625 0.3271 0.0000 1.0483
0.5265 0.6679 0.3328 0.0000 1.0553
0.5236 0.6667 0.3307 0.0000 1.0530
0.5193 0.6630 0.3273 0.0000 1.0480
0.5181 0.6642 0.3205 0.0000 1.0490
0.5135 0.6607 0.3198 0.0000 1.0450
0.5155 0.6639 0.3160 0.0000 1.0454
0.5146 0.6628 0.3167 0.0000 1.0415
0.5128 0.6624 0.3261 0.0000 1.0400
0.5113 0.6608 0.3259 0.0000 1.0358
0.5079 0.6541 0.3310 0.0000 1.0281
0.5069 0.6510 0.3313 0.0000 1.0235
0.5061 0.6511 0.3317 0.0000 1.0214
0.5032 0.6494 0.3263 0.0000 1.0185
0.5026 0.6505 0.3271 0.0000 1.0189
0.5001 0.6498 0.3323 0.0000 1.0175
0.4984 0.6500 0.3302 0.0000 1.0169
0.4998 0.6516 0.3300 0.0000 1.0166
0.5002 0.6509 0.3280 0.0000 1.0144
0.4962 0.6480 0.3252 0.0000 1.0098
0.4960 0.6453 0.3227 0.0000 1.0073
0.4961 0.6459 0.3214 0.0000 1.0062
0.4965 0.6468 0.3231 0.0000 1.0054
0.4963 0.6475 0.3260 0.0000 1.0049
0.4950 0.6473 0.3239 0.0000 1.0035
0.4949 0.6448 0.3182 0.0000 1.0006
0.4954 0.6438 0.3126 0.0000 0.9988
0.4952 0.6435 0.3130 0.0000 0.9969
0.4948 0.6451 0.3101 0.0000 0.9978
0.4948 0.6447 0.3107 0.0000 0.9960
0.4948 0.6447 0.3106 0.0000 0.9946
0.4947 0.6444 0.3115 0.0000 0.9930
0.4946 0.6442 0.3114 0.0000 0.9915
0.4949 0.6440 0.3098 0.0000 0.9902
0.4970 0.6453 0.2942 0.0000 0.9943
0.4975 0.6453 0.2909 0.0000 0.9934
0.4972 0.6460 0.2936 0.0000 0.9941
0.4975 0.6460 0.2923 0.0000 0.9930
0.4973 0.6440 0.2939 0.0000 0.9912
0.4971 0.6435 0.2945 0.0000 0.9897
0.4982 0.6389 0.3128 0.0000 0.9892
0.4991 0.6405 0.3086 0.0000 0.9904
0.4988 0.6403 0.3098 0.0000 0.9888
0.4989 0.6388 0.3141 0.0000 0.9868
0.4989 0.6388 0.3140 0.0000 0.9857
0.4997 0.6389 0.3140 0.0000 0.9850
0.4997 0.6387 0.3144 0.0000 0.9837
0.4995 0.6389 0.3133 0.0000 0.9830
0.5000 0.6386 0.2993 0.0000 0.9862
0.5002 0.6385 0.2989 0.0000 0.9852
0.5012 0.6400 0.2945 0.0000 0.9878
0.5010 0.6396 0.2956 0.0000 0.9864
0.5010 0.6395 0.2959 0.0000 0.9853
0.5010 0.6395 0.2959 0.0000 0.9843
0.5004 0.6375 0.3035 0.0000 0.9816
0.5000 0.6389 0.2987 0.0000 0.9830
0.4996 0.6378 0.3034 0.0000 0.9813
0.4991 0.6377 0.3051 0.0000 0.9804
0.4990 0.6380 0.3066 0.0000 0.9805
0.4989 0.6383 0.3058 0.0000 0.9803
0.4984 0.6387 0.3067 0.0000 0.9811
0.4978 0.6391 0.3063 0.0000 0.9811
0.4985 0.6392 0.3055 0.0000 0.9805
0.4980 0.6396 0.3073 0.0000 0.9810
0.4984 0.6392 0.3073 0.0000 0.9800
0.4987 0.6408 0.3067 0.0000 0.9821
0.4987 0.6417 0.3058 0.0000 0.9832
0.4987 0.6418 0.3064 0.0000 0.9827
0.4979 0.6413 0.3087 0.0000 0.9818
0.4980 0.6399 0.3116 0.0000 0.9803
0.4985 0.6379 0.3139 0.0000 0.9792
0.4984 0.6381 0.3135 0.0000 0.9788
0.4984 0.6381 0.3136 0.0000 0.9781
0.4983 0.6382 0.3135 0.0000 0.9776
0.4980 0.6387 0.3152 0.0000 0.9784
0.4979 0.6387 0.3153 0.0000 0.9778
0.4974 0.6392 0.3179 0.0000 0.9784
0.4967 0.6392 0.3187 0.0000 0.9781
0.4967 0.6391 0.3190 0.0000 0.9774
0.4980 0.6394 0.3113 0.0000 0.9784
0.4975 0.6406 0.3083 0.0000 0.9801
0.4975 0.6406 0.3084 0.0000 0.9796
0.4973 0.6405 0.3094 0.0000 0.9790
0.4972 0.6404 0.3111 0.0000 0.9785
0.4964 0.6369 0.3258 0.0000 0.9744
0.4963 0.6367 0.3263 0.0000 0.9736
0.4971 0.6316 0.3500 0.0000 0.9765
0.4974 0.6312 0.3470 0.0000 0.9756
0.4969 0.6315 0.3457 0.0000 0.9758
0.4992 0.6329 0.3394 0.0000 0.9787
0.4993 0.6329 0.3386 0.0000 0.9779
0.4993 0.6328 0.3391 0.0000 0.9770
0.5009 0.6330 0.3372 0.0000 0.9803
0.5006 0.6323 0.3379 0.0000 0.9788
0.5000 0.6319 0.3373 0.0000 0.9777
0.5002 0.6319 0.3373 0.0000 0.9769
0.4999 0.6318 0.3370 0.0000 0.9761
0.5027 0.6340 0.3305 0.0000 0.9822
0.5030 0.6344 0.3301 0.0000 0.9820
0.5030 0.6344 0.3301 0.0000 0.9812
0.5033 0.6344 0.3301 0.0000 0.9806
0.5034 0.6346 0.3299 0.0000 0.9801
0.5032 0.6335 0.3332 0.0000 0.9791
0.5024 0.6332 0.3352 0.0000 0.9782
0.5023 0.6331 0.3355 0.0000 0.9774
0.5032 0.6345 0.3352 0.0000 0.9789
0.5031 0.6342 0.3352 0.0000 0.9779
0.5026 0.6342 0.3344 0.0000 0.9776
0.5027 0.6339 0.3335 0.0000 0.9769
0.5026 0.6340 0.3334 0.0000 0.9764
0.5025 0.6344 0.3313 0.0000 0.9765
0.5027 0.6351 0.3282 0.0000 0.9769
0.5032 0.6372 0.3181 0.0000 0.9799
0.5029 0.6367 0.3194 0.0000 0.9788
0.5031 0.6371 0.3212 0.0000 0.9789
0.5040 0.6373 0.3199 0.0000 0.9792
0.5031 0.6369 0.3202 0.0000 0.9783
0.5022 0.6362 0.3215 0.0000 0.9770
0.5025 0.6378 0.3142 0.0000 0.9793
0.5025 0.6379 0.3135 0.0000 0.9789
0.5027 0.6379 0.3129 0.0000 0.9784
0.5030 0.6375 0.3140 0.0000 0.9780
0.5032 0.6381 0.3114 0.0000 0.9783
0.5033 0.6380 0.3109 0.0000 0.9778
0.5030 0.6379 0.3109 0.0000 0.9774
0.5025 0.6377 0.3132 0.0000 0.9769
0.5016 0.6373 0.3162 0.0000 0.9763
0.5026 0.6377 0.3184 0.0000 0.9768
0.5026 0.6368 0.3200 0.0000 0.9761
0.5015 0.6362 0.3207 0.0000 0.9750
0.5021 0.6367 0.3172 0.0000 0.9755
0.5031 0.6394 0.3053 0.0000 0.9799
0.5038 0.6398 0.3046 0.0000 0.9800
0.5043 0.6402 0.3005 0.0000 0.9803
0.5040 0.6402 0.3026 0.0000 0.9803
0.5044 0.6398 0.3006 0.0000 0.9808
0.5052 0.6409 0.2939 0.0000 0.9821
0.5051 0.6408 0.2940 0.0000 0.9816
0.5050 0.6404 0.2956 0.0000 0.9807
0.5045 0.6406 0.2940 0.0000 0.9809
0.5051 0.6408 0.2913 0.0000 0.9809
0.5047 0.6405 0.2971 0.0000 0.9807
0.5044 0.6405 0.2973 0.0000 0.9805
0.5040 0.6397 0.3007 0.0000 0.9792
0.5039 0.6393 0.3014 0.0000 0.9784
0.5030 0.6387 0.3035 0.0000 0.9773
0.5029 0.6386 0.3035 0.0000 0.9768
0.5027 0.6386 0.3036 0.0000 0.9764
0.5031 0.6388 0.2994 0.0000 0.9765
0.5021 0.6381 0.3031 0.0000 0.9755
0.5020 0.6382 0.3023 0.0000 0.9753
0.5018 0.6381 0.3031 0.0000 0.9749
0.5024 0.6386 0.2980 0.0000 0.9755
0.5019 0.6384 0.2991 0.0000 0.9749
0.5020 0.6385 0.2982 0.0000 0.9748
0.5013 0.6387 0.2983 0.0000 0.9750
0.5013 0.6390 0.2976 0.0000 0.9751
0.5010 0.6395 0.2959 0.0000 0.9758
0.5010 0.6395 0.2958 0.0000 0.9755
0.5008 0.6395 0.2960 0.0000 0.9752
0.5008 0.6395 0.2959 0.0000 0.9750
0.5008 0.6395 0.2956 0.0000 0.9749
0.5009 0.6400 0.2938 0.0000 0.9753
0.5004 0.6400 0.2944 0.0000 0.9753
0.5004 0.6402 0.2940 0.0000 0.9752
0.5004 0.6411 0.2902 0.0000 0.9767
0.5005 0.6411 0.2905 0.0000 0.9764
0.4998 0.6405 0.2942 0.0000 0.9755
0.4998 0.6406 0.2938 0.0000 0.9755
0.5008 0.6409 0.2900 0.0000 0.9762
0.5010 0.6407 0.2906 0.0000 0.9758
0.4994 0.6388 0.2991 0.0000 0.9733
0.5002 0.6385 0.2988 0.0000 0.9737
0.5003 0.6386 0.2980 0.0000 0.9738
0.4998 0.6384 0.3001 0.0000 0.9733
0.4994 0.6378 0.3020 0.0000 0.9725
0.4998 0.6359 0.3109 0.0000 0.9713
0.4993 0.6359 0.3101 0.0000 0.9711
0.4992 0.6359 0.3100 0.0000 0.9708
0.4992 0.6359 0.3101 0.0000 0.9705
0.4996 0.6358 0.3096 0.0000 0.9707
0.4997 0.6358 0.3090 0.0000 0.9705
0.5001 0.6368 0.3045 0.0000 0.9719
0.4996 0.6367 0.3052 0.0000 0.9715
0.5002 0.6370 0.3036 0.0000 0.9717
0.5001 0.6370 0.3039 0.0000 0.9716
0.5000 0.6357 0.3112 0.0000 0.9709
0.5000 0.6356 0.3113 0.0000 0.9705
0.5003 0.6355 0.3112 0.0000 0.9708
0.4998 0.6355 0.3108 0.0000 0.9705
0.4999 0.6352 0.3116 0.0000 0.9700
0.4998 0.6354 0.3108 0.0000 0.9700
0.4991 0.6351 0.3117 0.0000 0.9696
0.4991 0.6351 0.3117 0.0000 0.9693
0.4981 0.6344 0.3157 0.0000 0.9683
0.4980 0.6344 0.3159 0.0000 0.9681
0.4981 0.6344 0.3157 0.0000 0.9680
0.4977 0.6343 0.3169 0.0000 0.9677
0.4982 0.6347 0.3142 0.0000 0.9681
0.4982 0.6350 0.3130 0.0000 0.9685
0.4982 0.6350 0.3118 0.0000 0.9684
0.4987 0.6356 0.3095 0.0000 0.9691
0.4988 0.6355 0.3097 0.0000 0.9688
0.4983 0.6352 0.3118 0.0000 0.9683
0.4986 0.6354 0.3109 0.0000 0.9685
0.4989 0.6356 0.3096 0.0000 0.9687
0.4989 0.6353 0.3114 0.0000 0.9682
0.4993 0.6361 0.3075 0.0000 0.9695
0.4990 0.6350 0.3121 0.0000 0.9679
0.4993 0.6353 0.3104 0.0000 0.9683
0.4995 0.6354 0.3102 0.0000 0.9681
0.4997 0.6354 0.3094 0.0000 0.9681
0.4991 0.6357 0.3080 0.0000 0.9685
0.4983 0.6351 0.3127 0.0000 0.9675
0.4985 0.6339 0.3147 0.0000 0.9835
0.4983 0.6339 0.3146 0.0000 0.9831
0.4982 0.6341 0.3137 0.0000 0.9827
0.4984 0.6339 0.3145 0.0000 0.9822
0.4983 0.6333 0.3181 0.0000 0.9820
0.4980 0.6337 0.3162 0.0000 0.9820
0.4980 0.6335 0.3175 0.0000 0.9815
0.4981 0.6334 0.3183 0.0000 0.9809
0.4976 0.6333 0.3187 0.0000 0.9804
0.4976 0.6332 0.3190 0.0000 0.9799
0.4976 0.6333 0.3187 0.0000 0.9795
0.4976 0.6333 0.3187 0.0000 0.9791
0.4979 0.6350 0.3094 0.0000 0.9811
0.4972 0.6360 0.3054 0.0000 0.9818
0.4969 0.6357 0.3071 0.0000 0.9815
0.4968 0.6357 0.3072 0.0000 0.9811
0.4974 0.6358 0.3067 0.0000 0.9810
0.4973 0.6359 0.3063 0.0000 0.9807
0.4973 0.6361 0.3052 0.0000 0.9806
0.4970 0.6370 0.3026 0.0000 0.9811
0.4968 0.6374 0.3013 0.0000 0.9811
0.4966 0.6360 0.3070 0.0000 0.9801
0.4967 0.6362 0.3060 0.0000 0.9799
0.4965 0.6357 0.3081 0.0000 0.9792
0.4963 0.6351 0.3111 0.0000 0.9784
0.4960 0.6348 0.3128 0.0000 0.9778
0.4959 0.6354 0.3106 0.0000 0.9784
0.4961 0.6359 0.3081 0.0000 0.9787
0.4961 0.6361 0.3076 0.0000 0.9785
0.4959 0.6363 0.3071 0.0000 0.9784
0.4960 0.6360 0.3078 0.0000 0.9778
0.4960 0.6359 0.3086 0.0000 0.9779
0.4960 0.6352 0.3113 0.0000 0.9769
0.4957 0.6345 0.3146 0.0000 0.9759
0.4958 0.6344 0.3146 0.0000 0.9755
0.4958 0.6345 0.3142 0.0000 0.9753
0.4957 0.6348 0.3133 0.0000 0.9753
0.4958 0.6347 0.3134 0.0000 0.9750
0.4958 0.6338 0.3181 0.0000 0.9738
0.4962 0.6331 0.3212 0.0000 0.9732
0.4964 0.6331 0.3207 0.0000 0.9729
0.4966 0.6331 0.3207 0.0000 0.9726
0.4966 0.6332 0.3202 0.0000 0.9724
0.4965 0.6333 0.3198 0.0000 0.9722
0.4966 0.6337 0.3180 0.0000 0.9727
0.4963 0.6336 0.3185 0.0000 0.9723
0.4971 0.6337 0.3181 0.0000 0.9724
0.4972 0.6338 0.3176 0.0000 0.9722
0.4975 0.6338 0.3172 0.0000 0.9721
0.4976 0.6340 0.3161 0.0000 0.9720
0.4976 0.6343 0.3144 0.0000 0.9721
0.4970 0.6330 0.3208 0.0000 0.9703
0.4971 0.6330 0.3204 0.0000 0.9701
0.4967 0.6334 0.3187 0.0000 0.9706
0.4962 0.6330 0.3212 0.0000 0.9700
0.4963 0.6331 0.3212 0.0000 0.9698
0.4960 0.6329 0.3215 0.0000 0.9694
0.4955 0.6328 0.3220 0.0000 0.9691
0.4962 0.6354 0.3095 0.0000 0.9721
0.4960 0.6356 0.3092 0.0000 0.9723
0.4957 0.6340 0.3162 0.0000 0.9710
0.4957 0.6341 0.3164 0.0000 0.9709
0.4958 0.6343 0.3153 0.0000 0.9709
0.4962 0.6340 0.3180 0.0000 0.9711
0.4958 0.6332 0.3216 0.0000 0.9700
0.4959 0.6332 0.3208 0.0000 0.9698
0.4962 0.6332 0.3217 0.0000 0.9699
0.4962 0.6334 0.3206 0.0000 0.9700
0.4960 0.6334 0.3208 0.0000 0.9699
0.4960 0.6335 0.3202 0.0000 0.9698
0.4959 0.6336 0.3202 0.0000 0.9697
0.4960 0.6337 0.3190 0.0000 0.9696
0.4962 0.6333 0.3225 0.0000 0.9693
0.4961 0.6333 0.3222 0.0000 0.9692
0.4963 0.6334 0.3220 0.0000 0.9692
0.4962 0.6332 0.3237 0.0000 0.9687
0.4962 0.6332 0.3235 0.0000 0.9685
0.4963 0.6336 0.3204 0.0000 0.9689
0.4963 0.6338 0.3204 0.0000 0.9691
0.4961 0.6337 0.3208 0.0000 0.9689
0.4961 0.6337 0.3210 0.0000 0.9686
0.4964 0.6346 0.3165 0.0000 0.9698
0.4960 0.6342 0.3190 0.0000 0.9692
0.4965 0.6347 0.3159 0.0000 0.9698
0.4963 0.6347 0.3162 0.0000 0.9696
0.4959 0.6344 0.3180 0.0000 0.9691
0.4957 0.6340 0.3207 0.0000 0.9688
0.4959 0.6342 0.3196 0.0000 0.9689
0.4960 0.6340 0.3213 0.0000 0.9687
0.4960 0.6340 0.3211 0.0000 0.9685
0.4961 0.6341 0.3205 0.0000 0.9685
0.4960 0.6346 0.3179 0.0000 0.9691
0.4960 0.6341 0.3197 0.0000 0.9684
0.4961 0.6333 0.3242 0.0000 0.9674
0.4959 0.6331 0.3256 0.0000 0.9670
0.4959 0.6331 0.3255 0.0000 0.9669
0.4972 0.6334 0.3246 0.0000 0.9682
0.4975 0.6336 0.3225 0.0000 0.9684
0.4975 0.6334 0.3230 0.0000 0.9680
0.4968 0.6330 0.3263 0.0000 0.9675
0.4970 0.6335 0.3254 0.0000 0.9682
0.4969 0.6335 0.3257 0.0000 0.9681
0.4976 0.6337 0.3252 0.0000 0.9685
0.4974 0.6336 0.3258 0.0000 0.9682
0.4992 0.6345 0.3221 0.0000 0.9699
0.4992 0.6345 0.3221 0.0000 0.9697
0.5007 0.6350 0.3218 0.0000 0.9714
0.5002 0.6350 0.3210 0.0000 0.9712
0.4996 0.6344 0.3234 0.0000 0.9706
0.4996 0.6343 0.3229 0.0000 0.9704
0.4997 0.6351 0.3198 0.0000 0.9715
0.5005 0.6351 0.3201 0.0000 0.9716
0.5004 0.6351 0.3200 0.0000 0.9714
0.4998 0.6350 0.3196 0.0000 0.9711
0.4996 0.6348 0.3200 0.0000 0.9707
0.4994 0.6346 0.3217 0.0000 0.9703
0.5007 0.6345 0.3234 0.0000 0.9709
0.5008 0.6346 0.3229 0.0000 0.9709
0.5004 0.6342 0.3224 0.0000 0.9703
0.5005 0.6343 0.3217 0.0000 0.9703
0.5002 0.6345 0.3203 0.0000 0.9705
0.4997 0.6342 0.3209 0.0000 0.9701
0.4997 0.6342 0.3205 0.0000 0.9699
0.4996 0.6343 0.3198 0.0000 0.9698
0.4997 0.6343 0.3195 0.0000 0.9696
0.4997 0.6343 0.3195 0.0000 0.9694
0.4992 0.6342 0.3201 0.0000 0.9693
0.4990 0.6341 0.3212 0.0000 0.9691
0.4987 0.6335 0.3224 0.0000 0.9683
0.4988 0.6337 0.3210 0.0000 0.9684
0.4993 0.6338 0.3200 0.0000 0.9686
0.4988 0.6344 0.3173 0.0000 0.9694
0.4988 0.6344 0.3176 0.0000 0.9692
0.4999 0.6352 0.3170 0.0000 0.9707
0.4999 0.6352 0.3174 0.0000 0.9705
0.4993 0.6346 0.3185 0.0000 0.9697
0.4991 0.6346 0.3189 0.0000 0.9695
0.4991 0.6346 0.3186 0.0000 0.9694
0.4992 0.6346 0.3185 0.0000 0.9693
0.4991 0.6345 0.3174 0.0000 0.9691
0.4993 0.6346 0.3165 0.0000 0.9691
0.4994 0.6345 0.3165 0.0000 0.9690
0.5003 0.6356 0.3110 0.0000 0.9705
0.5003 0.6356 0.3108 0.0000 0.9704
0.5002 0.6356 0.3107 0.0000 0.9702
0.5001 0.6355 0.3118 0.0000 0.9700
0.5000 0.6352 0.3137 0.0000 0.9696
0.5004 0.6351 0.3123 0.0000 0.9703
0.5003 0.6353 0.3108 0.0000 0.9705
0.5007 0.6354 0.3099 0.0000 0.9705
0.5004 0.6357 0.3092 0.0000 0.9709
0.5006 0.6354 0.3100 0.0000 0.9705
0.5006 0.6353 0.3102 0.0000 0.9704
0.5007 0.6354 0.3103 0.0000 0.9704
0.5007 0.6354 0.3098 0.0000 0.9703
0.5010 0.6366 0.3040 0.0000 0.9717
0.5011 0.6367 0.3031 0.0000 0.9721
0.5012 0.6368 0.3025 0.0000 0.9720
0.5013 0.6368 0.3022 0.0000 0.9719
0.5010 0.6366 0.3034 0.0000 0.9715
0.5010 0.6368 0.3026 0.0000 0.9716
0.5010 0.6368 0.3026 0.0000 0.9714
0.5007 0.6369 0.3017 0.0000 0.9717
0.5006 0.6369 0.3017 0.0000 0.9716
0.5002 0.6368 0.3024 0.0000 0.9716
0.5006 0.6373 0.2999 0.0000 0.9721
0.5008 0.6371 0.3007 0.0000 0.9719
0.5006 0.6370 0.3011 0.0000 0.9717
0.5005 0.6369 0.3015 0.0000 0.9715
0.5007 0.6371 0.3007 0.0000 0.9716
0.5007 0.6373 0.2999 0.0000 0.9719
0.5004 0.6378 0.2983 0.0000 0.9727
0.5010 0.6383 0.2959 0.0000 0.9733
0.5010 0.6383 0.2955 0.0000 0.9733
0.5009 0.6386 0.2948 0.0000 0.9735
0.5010 0.6387 0.2944 0.0000 0.9735
0.5009 0.6389 0.2936 0.0000 0.9737
0.5006 0.6388 0.2947 0.0000 0.9734
0.5011 0.6394 0.2920 0.0000 0.9742
0.5013 0.6394 0.2918 0.0000 0.9741
0.5026 0.6402 0.2889 0.0000 0.9754
0.5029 0.6409 0.2862 0.0000 0.9763
0.5028 0.6409 0.2864 0.0000 0.9761
0.5026 0.6411 0.2859 0.0000 0.9763
0.5036 0.6401 0.2891 0.0000 0.9766
0.5051 0.6410 0.2852 0.0000 0.9843
0.5051 0.6410 0.2851 0.0000 0.9841
0.5054 0.6412 0.2850 0.0000 0.9841
0.5052 0.6408 0.2862 0.0000 0.9834
0.5049 0.6404 0.2875 0.0000 0.9829
0.5050 0.6405 0.2874 0.0000 0.9828
0.5054 0.6403 0.2880 0.0000 0.9828
0.5053 0.6402 0.2884 0.0000 0.9828
0.5053 0.6403 0.2883 0.0000 0.9826
0.5049 0.6399 0.2895 0.0000 0.9820
0.5050 0.6401 0.2891 0.0000 0.9819
0.5047 0.6396 0.2912 0.0000 0.9812
0.5044 0.6388 0.2939 0.0000 0.9803
0.5044 0.6389 0.2937 0.0000 0.9802
0.5045 0.6389 0.2936 0.0000 0.9801
0.5045 0.6387 0.2942 0.0000 0.9797
0.5045 0.6387 0.2941 0.0000 0.9796
0.5041 0.6385 0.2953 0.0000 0.9792
0.5043 0.6387 0.2946 0.0000 0.9793
0.5043 0.6389 0.2938 0.0000 0.9793
0.5038 0.6385 0.2956 0.0000 0.9788
0.5027 0.6374 0.2998 0.0000 0.9776
0.5029 0.6378 0.2983 0.0000 0.9779
0.5035 0.6390 0.2938 0.0000 0.9795
0.5029 0.6377 0.2989 0.0000 0.9781
0.5029 0.6376 0.2992 0.0000 0.9778
0.5026 0.6374 0.3000 0.0000 0.9774
0.5029 0.6384 0.2961 0.0000 0.9787
0.5026 0.6383 0.2963 0.0000 0.9784
0.5029 0.6387 0.2950 0.0000 0.9787
0.5030 0.6388 0.2946 0.0000 0.9787
0.5037 0.6392 0.2931 0.0000 0.9792
0.5036 0.6392 0.2931 0.0000 0.9790
0.5034 0.6379 0.2982 0.0000 0.9787
0.5036 0.6384 0.2965 0.0000 0.9792
0.5036 0.6388 0.2947 0.0000 0.9797
0.5035 0.6387 0.2951 0.0000 0.9794
0.5035 0.6383 0.2964 0.0000 0.9789
0.5036 0.6377 0.2983 0.0000 0.9793
0.5034 0.6369 0.3014 0.0000 0.9784
0.5033 0.6370 0.3010 0.0000 0.9784
0.5038 0.6373 0.3002 0.0000 0.9787
0.5037 0.6374 0.2996 0.0000 0.9787
0.5036 0.6374 0.2995 0.0000 0.9785
0.5039 0.6376 0.2987 0.0000 0.9787
0.5038 0.6375 0.2990 0.0000 0.9784
0.5050 0.6381 0.2964 0.0000 0.9795
