0.5269 0.7155 0.2601 0.0000 0.9992
0.5269 0.7152 0.2613 0.0000 0.9966
0.5292 0.7179 0.2521 0.0001 1.0146
0.5289 0.7181 0.2517 0.0001 1.0084
0.5300 0.7222 0.2406 0.0001 0.9917
0.5312 0.7226 0.2381 0.0001 0.9974
0.5320 0.7233 0.2346 0.0002 0.9922
0.5326 0.7242 0.2321 0.0002 0.9863
0.5329 0.7248 0.2307 0.0002 0.9815
0.5322 0.7238 0.2324 0.0002 0.9810
0.5319 0.7239 0.2327 0.0002 0.9769
0.5321 0.7254 0.2317 0.0002 0.9703
0.5318 0.7251 0.2316 0.0002 0.9677
0.5313 0.7252 0.2326 0.0002 0.9644
0.5314 0.7253 0.2327 0.0002 0.9645
0.5313 0.7247 0.2321 0.0002 0.9638
0.5312 0.7257 0.2332 0.0002 0.9619
0.5311 0.7253 0.2328 0.0002 0.9608
0.5308 0.7256 0.2340 0.0002 0.9576
0.5307 0.7256 0.2346 0.0002 0.9554
0.5312 0.7266 0.2322 0.0002 0.9532
0.5310 0.7273 0.2324 0.0002 0.9492
0.5359 0.7445 0.2714 0.0000 0.9121
0.5362 0.7456 0.2738 0.0000 0.9096
0.5363 0.7462 0.2748 0.0000 0.9082
0.5366 0.7468 0.2746 0.0000 0.9067
0.5367 0.7473 0.2756 0.0000 0.9051
0.5369 0.7477 0.2752 0.0000 0.9046
0.5370 0.7481 0.2760 0.0000 0.9036
0.5373 0.7490 0.2767 0.0000 0.9023
0.5373 0.7489 0.2763 0.0000 0.9018
0.5373 0.7488 0.2762 0.0000 0.9019
0.5392 0.7535 0.2945 0.0000 0.8997
0.5414 0.7561 0.2985 0.0000 0.8992
0.5412 0.7558 0.2972 0.0000 0.8987
0.5413 0.7560 0.2990 0.0000 0.8984
0.5412 0.7557 0.2997 0.0000 0.8978
0.5410 0.7553 0.3002 0.0000 0.8976
0.5397 0.7524 0.3001 0.0000 0.8982
0.5401 0.7534 0.3045 0.0000 0.8974
0.5402 0.7537 0.3047 0.0000 0.8975
0.5398 0.7527 0.3074 0.0000 0.8970
0.5399 0.7528 0.3075 0.0000 0.8974
0.5428 0.7584 0.2802 0.0000 0.9047
0.5427 0.7580 0.2791 0.0000 0.9051
0.5427 0.7580 0.2790 0.0000 0.9055
0.5424 0.7576 0.2780 0.0000 0.9063
0.5412 0.7556 0.2762 0.0000 0.9084
0.5428 0.7593 0.2758 0.0000 0.9069
0.5432 0.7597 0.2769 0.0000 0.9075
0.5429 0.7591 0.2745 0.0000 0.9083
0.5431 0.7594 0.2749 0.0000 0.9092
0.5422 0.7583 0.2749 0.0000 0.9099
0.5427 0.7588 0.2752 0.0000 0.9110
0.5424 0.7578 0.2732 0.0000 0.9125
0.5419 0.7573 0.2722 0.0000 0.9141
0.5416 0.7565 0.2713 0.0000 0.9165
0.5433 0.7586 0.2698 0.0000 0.9172
0.5432 0.7584 0.2684 0.0000 0.9189
0.5433 0.7586 0.2680 0.0000 0.9203
0.5433 0.7585 0.2678 0.0000 0.9220
0.5434 0.7588 0.2683 0.0000 0.9235
0.5430 0.7581 0.2662 0.0000 0.9259
0.5432 0.7589 0.2695 0.0000 0.9261
0.5455 0.7635 0.2551 0.0000 0.9266
0.5454 0.7633 0.2546 0.0000 0.9285
0.5461 0.7642 0.2540 0.0000 0.9296
0.5474 0.7660 0.2501 0.0001 0.9304
0.5476 0.7664 0.2538 0.0000 0.9319
0.5464 0.7649 0.2515 0.0001 0.9345
0.5466 0.7656 0.2535 0.0001 0.9341
0.5470 0.7651 0.2508 0.0001 0.9366
0.5471 0.7653 0.2579 0.0000 0.9350
0.5473 0.7655 0.2582 0.0000 0.9370
0.5455 0.7631 0.2567 0.0000 0.9398
0.5441 0.7602 0.2646 0.0000 0.9400
0.5447 0.7610 0.2635 0.0000 0.9417
0.5467 0.7651 0.2704 0.0000 0.9346
0.5469 0.7655 0.2697 0.0000 0.9366
0.5496 0.7685 0.2646 0.0000 0.9383
0.5496 0.7684 0.2650 0.0000 0.9402
0.5495 0.7682 0.2626 0.0000 0.9424
0.5498 0.7684 0.2699 0.0000 0.9397
0.5495 0.7676 0.2696 0.0000 0.9417
0.5486 0.7667 0.2688 0.0000 0.9441
0.5462 0.7632 0.2681 0.0000 0.9459
0.5464 0.7642 0.2721 0.0000 0.9433
0.5472 0.7654 0.2699 0.0000 0.9415
0.5448 0.7631 0.2679 0.0000 0.9421
0.5448 0.7630 0.2685 0.0000 0.9418
0.5440 0.7620 0.2671 0.0000 0.9454
0.5439 0.7621 0.2657 0.0000 0.9471
0.5433 0.7613 0.2638 0.0000 0.9500
0.5422 0.7604 0.2576 0.0000 0.9524
0.5458 0.7638 0.2653 0.0000 0.9302
0.5451 0.7630 0.2571 0.0000 0.9318
0.5451 0.7630 0.2590 0.0000 0.9326
0.5450 0.7623 0.2587 0.0000 0.9329
0.5448 0.7615 0.2552 0.0000 0.9339
0.5450 0.7615 0.2522 0.0001 0.9351
0.5450 0.7614 0.2497 0.0001 0.9375
0.5453 0.7618 0.2501 0.0001 0.9385
0.5451 0.7622 0.2528 0.0001 0.9347
0.5452 0.7624 0.2545 0.0000 0.9355
0.5451 0.7629 0.2612 0.0000 0.9353
0.5453 0.7630 0.2610 0.0000 0.9369
0.5449 0.7625 0.2566 0.0000 0.9369
0.5443 0.7619 0.2526 0.0001 0.9376
0.5442 0.7616 0.2519 0.0001 0.9389
0.5447 0.7625 0.2525 0.0001 0.9395
0.5443 0.7620 0.2511 0.0001 0.9406
0.5444 0.7621 0.2513 0.0001 0.9420
0.5442 0.7620 0.2503 0.0001 0.9428
0.5445 0.7622 0.2528 0.0001 0.9429
0.5437 0.7614 0.2540 0.0000 0.9419
0.5438 0.7615 0.2542 0.0000 0.9436
0.5440 0.7618 0.2555 0.0000 0.9446
0.5437 0.7615 0.2546 0.0000 0.9455
0.5435 0.7612 0.2542 0.0000 0.9469
0.5434 0.7611 0.2515 0.0001 0.9489
0.5430 0.7602 0.2488 0.0001 0.9511
0.5420 0.7589 0.2442 0.0001 0.9512
0.5422 0.7591 0.2442 0.0001 0.9531
0.5424 0.7593 0.2440 0.0001 0.9552
0.5427 0.7597 0.2460 0.0001 0.9562
0.5429 0.7597 0.2536 0.0000 0.9518
0.5427 0.7599 0.2557 0.0000 0.9519
0.5430 0.7609 0.2537 0.0000 0.9519
0.5425 0.7599 0.2514 0.0001 0.9534
0.5427 0.7602 0.2519 0.0001 0.9545
0.5436 0.7615 0.2553 0.0000 0.9524
0.5424 0.7605 0.2573 0.0000 0.9521
0.5421 0.7602 0.2580 0.0000 0.9536
0.5421 0.7602 0.2580 0.0000 0.9555
0.5425 0.7605 0.2582 0.0000 0.9569
0.5430 0.7610 0.2585 0.0000 0.9584
0.5428 0.7608 0.2586 0.0000 0.9601
0.5426 0.7598 0.2585 0.0000 0.9628
0.5441 0.7617 0.2588 0.0000 0.9552
0.5435 0.7607 0.2622 0.0000 0.9552
0.5444 0.7617 0.2628 0.0000 0.9567
0.5441 0.7613 0.2627 0.0000 0.9578
0.5434 0.7606 0.2650 0.0000 0.9582
0.5435 0.7607 0.2650 0.0000 0.9598
0.5435 0.7607 0.2650 0.0000 0.9618
0.5437 0.7610 0.2645 0.0000 0.9640
0.5452 0.7636 0.2717 0.0000 0.9643
0.5453 0.7634 0.2767 0.0000 0.9600
0.5455 0.7644 0.2755 0.0000 0.9598
0.5484 0.7680 0.2694 0.0000 0.9543
0.5470 0.7663 0.2750 0.0000 0.9527
0.5472 0.7662 0.2757 0.0000 0.9545
0.5467 0.7656 0.2751 0.0000 0.9553
0.5469 0.7656 0.2723 0.0000 0.9549
0.5470 0.7658 0.2707 0.0000 0.9563
0.5467 0.7655 0.2698 0.0000 0.9557
0.5463 0.7652 0.2677 0.0000 0.9559
0.5460 0.7650 0.2682 0.0000 0.9566
0.5458 0.7649 0.2675 0.0000 0.9574
0.5459 0.7650 0.2675 0.0000 0.9591
0.5476 0.7662 0.2684 0.0000 0.9561
0.5479 0.7666 0.2694 0.0000 0.9581
0.5472 0.7657 0.2720 0.0000 0.9571
0.5476 0.7662 0.2706 0.0000 0.9589
0.5470 0.7655 0.2704 0.0000 0.9585
0.5468 0.7653 0.2703 0.0000 0.9594
0.5465 0.7650 0.2700 0.0000 0.9596
0.5477 0.7664 0.2670 0.0000 0.9617
0.5475 0.7660 0.2683 0.0000 0.9621
0.5469 0.7643 0.2756 0.0000 0.9589
0.5471 0.7646 0.2752 0.0000 0.9604
0.5472 0.7647 0.2752 0.0000 0.9620
0.5476 0.7653 0.2741 0.0000 0.9641
0.5482 0.7658 0.2751 0.0000 0.9663
0.5481 0.7656 0.2754 0.0000 0.9676
0.5484 0.7661 0.2742 0.0000 0.9695
0.5485 0.7660 0.2731 0.0000 0.9714
0.5484 0.7659 0.2731 0.0000 0.9728
0.5482 0.7657 0.2726 0.0000 0.9732
0.5483 0.7658 0.2725 0.0000 0.9746
0.5480 0.7655 0.2719 0.0000 0.9756
0.5503 0.7694 0.2603 0.0000 0.9717
0.5501 0.7692 0.2597 0.0000 0.9722
0.5508 0.7695 0.2651 0.0000 0.9727
0.5512 0.7702 0.2628 0.0000 0.9754
0.5511 0.7700 0.2627 0.0000 0.9755
0.5511 0.7701 0.2625 0.0000 0.9769
0.5508 0.7695 0.2647 0.0000 0.9770
0.5512 0.7701 0.2654 0.0000 0.9787
0.5513 0.7707 0.2650 0.0000 0.9794
0.5515 0.7709 0.2650 0.0000 0.9813
0.5512 0.7704 0.2651 0.0000 0.9810
0.5518 0.7711 0.2638 0.0000 0.9834
0.5520 0.7714 0.2653 0.0000 0.9851
0.5524 0.7714 0.2632 0.0000 0.9868
0.5526 0.7706 0.2631 0.0000 0.9867
0.5525 0.7701 0.2609 0.0000 0.9856
0.5527 0.7701 0.2601 0.0000 0.9865
0.5531 0.7703 0.2599 0.0000 0.9878
0.5530 0.7700 0.2575 0.0000 0.9847
0.5534 0.7705 0.2546 0.0000 0.9873
0.5534 0.7706 0.2542 0.0000 0.9880
0.5537 0.7707 0.2572 0.0000 0.9871
0.5537 0.7705 0.2575 0.0000 0.9889
0.5538 0.7705 0.2565 0.0000 0.9902
0.5539 0.7707 0.2569 0.0000 0.9913
0.5537 0.7704 0.2555 0.0000 0.9879
0.5537 0.7699 0.2546 0.0000 0.9880
0.5536 0.7696 0.2480 0.0001 0.9887
0.5540 0.7680 0.2295 0.0003 0.9965
0.5541 0.7691 0.2365 0.0002 0.9966
0.5537 0.7688 0.2404 0.0001 0.9943
0.5533 0.7679 0.2407 0.0001 0.9926
0.5530 0.7688 0.2513 0.0001 0.9901
0.5531 0.7693 0.2514 0.0001 0.9885
0.5523 0.7680 0.2530 0.0001 0.9896
0.5516 0.7670 0.2551 0.0000 0.9888
0.5517 0.7669 0.2628 0.0000 0.9834
0.5518 0.7669 0.2629 0.0000 0.9853
0.5521 0.7674 0.2619 0.0000 0.9868
0.5519 0.7669 0.2617 0.0000 0.9856
0.5526 0.7682 0.2571 0.0000 0.9843
0.5530 0.7686 0.2576 0.0000 0.9842
0.5532 0.7699 0.2676 0.0000 0.9821
0.5530 0.7694 0.2659 0.0000 0.9848
0.5530 0.7695 0.2664 0.0000 0.9858
0.5521 0.7685 0.2689 0.0000 0.9857
0.5521 0.7685 0.2691 0.0000 0.9872
0.5521 0.7684 0.2694 0.0000 0.9888
0.5502 0.7649 0.2794 0.0000 0.9839
0.5492 0.7631 0.2831 0.0000 0.9816
0.5484 0.7615 0.2888 0.0000 0.9823
0.5478 0.7606 0.2916 0.0000 0.9804
0.5470 0.7600 0.2933 0.0000 0.9782
0.5468 0.7598 0.2935 0.0000 0.9768
0.5466 0.7596 0.2924 0.0000 0.9762
0.5473 0.7601 0.2914 0.0000 0.9758
0.5466 0.7589 0.2948 0.0000 0.9747
0.5463 0.7584 0.2959 0.0000 0.9728
0.5449 0.7562 0.3052 0.0000 0.9663
0.5446 0.7558 0.3071 0.0000 0.9662
0.5475 0.7602 0.2958 0.0000 0.9682
0.5471 0.7598 0.2973 0.0000 0.9673
0.5474 0.7605 0.2950 0.0000 0.9684
0.5476 0.7608 0.2943 0.0000 0.9688
0.5477 0.7612 0.2933 0.0000 0.9700
0.5480 0.7616 0.2936 0.0000 0.9708
0.5483 0.7619 0.2936 0.0000 0.9726
0.5482 0.7618 0.2936 0.0000 0.9725
0.5470 0.7601 0.2969 0.0000 0.9683
0.5463 0.7589 0.3010 0.0000 0.9671
0.5477 0.7618 0.2956 0.0000 0.9721
0.5479 0.7620 0.2953 0.0000 0.9740
0.5477 0.7619 0.2952 0.0000 0.9734
0.5477 0.7619 0.2953 0.0000 0.9750
0.5487 0.7631 0.2938 0.0000 0.9758
0.5495 0.7641 0.2907 0.0000 0.9781
0.5494 0.7637 0.2876 0.0000 0.9761
0.5494 0.7638 0.2875 0.0000 0.9773
0.5507 0.7651 0.2839 0.0000 0.9806
0.5507 0.7648 0.2835 0.0000 0.9816
0.5508 0.7650 0.2835 0.0000 0.9830
0.5494 0.7624 0.2889 0.0000 0.9769
0.5482 0.7608 0.2926 0.0000 0.9773
0.5477 0.7602 0.2931 0.0000 0.9786
0.5477 0.7604 0.2931 0.0000 0.9800
0.5481 0.7608 0.2927 0.0000 0.9821
0.5484 0.7611 0.2937 0.0000 0.9837
0.5471 0.7592 0.2968 0.0000 0.9824
0.5487 0.7619 0.2921 0.0000 0.9841
0.5481 0.7612 0.2928 0.0000 0.9845
0.5482 0.7613 0.2928 0.0000 0.9863
0.5483 0.7614 0.2926 0.0000 0.9883
0.5472 0.7602 0.2935 0.0000 0.9899
0.5486 0.7620 0.2909 0.0000 0.9839
0.5481 0.7617 0.2903 0.0000 0.9847
0.5480 0.7616 0.2905 0.0000 0.9857
0.5482 0.7618 0.2905 0.0000 0.9875
0.5495 0.7634 0.2877 0.0000 0.9843
0.5489 0.7629 0.2859 0.0000 0.9835
0.5490 0.7630 0.2853 0.0000 0.9853
0.5493 0.7633 0.2859 0.0000 0.9866
0.5493 0.7632 0.2855 0.0000 0.9880
0.5489 0.7625 0.2829 0.0000 0.9864
0.5483 0.7618 0.2938 0.0000 0.9631
0.5470 0.7601 0.2967 0.0000 0.9575
0.5471 0.7603 0.2967 0.0000 0.9589
0.5481 0.7621 0.2945 0.0000 0.9570
0.5478 0.7617 0.2929 0.0000 0.9555
0.5482 0.7621 0.2936 0.0000 0.9572
0.5473 0.7602 0.2912 0.0000 0.9519
0.5474 0.7604 0.2911 0.0000 0.9531
0.5475 0.7598 0.2910 0.0000 0.9529
0.5486 0.7610 0.2908 0.0000 0.9549
0.5478 0.7598 0.2935 0.0000 0.9529
0.5477 0.7594 0.2946 0.0000 0.9536
0.5480 0.7611 0.2939 0.0000 0.9499
0.5472 0.7598 0.2972 0.0000 0.9483
0.5465 0.7591 0.2986 0.0000 0.9480
0.5457 0.7583 0.2996 0.0000 0.9470
0.5444 0.7570 0.3035 0.0000 0.9452
0.5441 0.7566 0.3047 0.0000 0.9456
0.5435 0.7557 0.3068 0.0000 0.9455
0.5433 0.7554 0.3080 0.0000 0.9462
0.5427 0.7543 0.3107 0.0000 0.9449
0.5426 0.7541 0.3111 0.0000 0.9458
0.5430 0.7546 0.3110 0.0000 0.9470
0.5421 0.7534 0.3114 0.0000 0.9461
0.5419 0.7531 0.3110 0.0000 0.9464
0.5420 0.7535 0.3113 0.0000 0.9473
0.5418 0.7533 0.3121 0.0000 0.9476
0.5413 0.7529 0.3126 0.0000 0.9477
0.5396 0.7508 0.3183 0.0000 0.9450
0.5392 0.7504 0.3195 0.0000 0.9455
0.5390 0.7499 0.3192 0.0000 0.9453
0.5377 0.7487 0.3193 0.0000 0.9424
0.5374 0.7483 0.3202 0.0000 0.9428
0.5369 0.7478 0.3199 0.0000 0.9421
0.5377 0.7487 0.3205 0.0000 0.9432
0.5394 0.7515 0.3128 0.0000 0.9453
0.5396 0.7518 0.3139 0.0000 0.9467
0.5386 0.7505 0.3166 0.0000 0.9460
0.5383 0.7501 0.3176 0.0000 0.9466
0.5376 0.7494 0.3183 0.0000 0.9459
0.5372 0.7489 0.3194 0.0000 0.9463
0.5367 0.7481 0.3211 0.0000 0.9458
0.5364 0.7478 0.3215 0.0000 0.9466
0.5369 0.7485 0.3208 0.0000 0.9480
0.5362 0.7476 0.3221 0.0000 0.9468
0.5362 0.7476 0.3223 0.0000 0.9477
0.5363 0.7477 0.3223 0.0000 0.9486
0.5371 0.7485 0.3214 0.0000 0.9502
0.5372 0.7485 0.3214 0.0000 0.9514
0.5374 0.7487 0.3211 0.0000 0.9526
0.5376 0.7489 0.3213 0.0000 0.9540
0.5370 0.7482 0.3220 0.0000 0.9532
0.5370 0.7482 0.3219 0.0000 0.9544
0.5384 0.7495 0.3200 0.0000 0.9556
0.5381 0.7492 0.3193 0.0000 0.9558
0.5389 0.7499 0.3195 0.0000 0.9568
0.5388 0.7497 0.3196 0.0000 0.9576
0.5383 0.7491 0.3192 0.0000 0.9573
0.5387 0.7498 0.3180 0.0000 0.9592
0.5384 0.7495 0.3179 0.0000 0.9597
0.5385 0.7496 0.3180 0.0000 0.9609
0.5386 0.7497 0.3179 0.0000 0.9621
0.5385 0.7496 0.3178 0.0000 0.9627
0.5384 0.7494 0.3173 0.0000 0.9633
0.5386 0.7496 0.3185 0.0000 0.9638
0.5388 0.7499 0.3183 0.0000 0.9653
0.5390 0.7502 0.3188 0.0000 0.9666
0.5398 0.7512 0.3167 0.0000 0.9689
0.5390 0.7507 0.3160 0.0000 0.9675
0.5394 0.7510 0.3170 0.0000 0.9690
0.5397 0.7514 0.3165 0.0000 0.9701
0.5397 0.7514 0.3161 0.0000 0.9710
0.5398 0.7516 0.3163 0.0000 0.9722
0.5399 0.7518 0.3164 0.0000 0.9737
0.5393 0.7512 0.3163 0.0000 0.9732
0.5390 0.7510 0.3155 0.0000 0.9735
0.5386 0.7504 0.3160 0.0000 0.9734
0.5372 0.7486 0.3156 0.0000 0.9682
0.5374 0.7488 0.3158 0.0000 0.9696
0.5376 0.7491 0.3157 0.0000 0.9712
0.5375 0.7488 0.3155 0.0000 0.9717
0.5374 0.7494 0.3178 0.0000 0.9716
0.5373 0.7493 0.3174 0.0000 0.9724
0.5368 0.7488 0.3180 0.0000 0.9724
0.5372 0.7492 0.3184 0.0000 0.9739
0.5365 0.7486 0.3189 0.0000 0.9732
0.5369 0.7490 0.3191 0.0000 0.9749
0.5377 0.7502 0.3169 0.0000 0.9755
0.5375 0.7500 0.3157 0.0000 0.9757
0.5377 0.7503 0.3156 0.0000 0.9773
0.5377 0.7503 0.3149 0.0000 0.9784
0.5378 0.7506 0.3163 0.0000 0.9773
0.5373 0.7507 0.3218 0.0000 0.9714
0.5373 0.7507 0.3217 0.0000 0.9725
0.5363 0.7499 0.3228 0.0000 0.9688
0.5359 0.7494 0.3225 0.0000 0.9679
0.5352 0.7487 0.3227 0.0000 0.9655
0.5385 0.7525 0.3112 0.0000 0.9580
0.5392 0.7531 0.3118 0.0000 0.9592
0.5396 0.7535 0.3121 0.0000 0.9610
0.5408 0.7548 0.3120 0.0000 0.9632
0.5406 0.7544 0.3129 0.0000 0.9629
0.5406 0.7541 0.3127 0.0000 0.9631
0.5398 0.7528 0.3153 0.0000 0.9610
0.5400 0.7531 0.3148 0.0000 0.9621
0.5398 0.7527 0.3150 0.0000 0.9617
0.5396 0.7523 0.3143 0.0000 0.9620
0.5393 0.7519 0.3130 0.0000 0.9609
0.5396 0.7522 0.3130 0.0000 0.9623
0.5393 0.7518 0.3114 0.0000 0.9609
0.5393 0.7518 0.3114 0.0000 0.9619
0.5390 0.7514 0.3111 0.0000 0.9610
0.5385 0.7504 0.3121 0.0000 0.9595
0.5383 0.7496 0.3120 0.0000 0.9587
0.5378 0.7489 0.3147 0.0000 0.9582
0.5374 0.7477 0.3152 0.0000 0.9568
0.5373 0.7476 0.3157 0.0000 0.9576
0.5373 0.7475 0.3164 0.0000 0.9582
0.5375 0.7471 0.3149 0.0000 0.9599
0.5373 0.7469 0.3164 0.0000 0.9606
0.5372 0.7466 0.3176 0.0000 0.9602
0.5370 0.7482 0.3188 0.0000 0.9573
0.5365 0.7475 0.3210 0.0000 0.9567
0.5361 0.7464 0.3232 0.0000 0.9559
0.5356 0.7457 0.3252 0.0000 0.9553
0.5360 0.7461 0.3248 0.0000 0.9567
0.5360 0.7459 0.3246 0.0000 0.9573
0.5361 0.7459 0.3249 0.0000 0.9582
0.5355 0.7448 0.3265 0.0000 0.9566
0.5356 0.7442 0.3226 0.0000 0.9550
0.5357 0.7443 0.3225 0.0000 0.9559
0.5350 0.7432 0.3234 0.0000 0.9538
0.5352 0.7435 0.3229 0.0000 0.9550
0.5352 0.7438 0.3228 0.0000 0.9554
0.5359 0.7448 0.3217 0.0000 0.9564
0.5356 0.7444 0.3220 0.0000 0.9565
0.5354 0.7441 0.3226 0.0000 0.9566
0.5354 0.7440 0.3226 0.0000 0.9570
0.5342 0.7426 0.3236 0.0000 0.9537
0.5356 0.7441 0.3214 0.0000 0.9551
0.5357 0.7439 0.3193 0.0000 0.9552
0.5356 0.7435 0.3171 0.0000 0.9540
0.5352 0.7432 0.3176 0.0000 0.9537
0.5353 0.7431 0.3174 0.0000 0.9545
0.5354 0.7433 0.3172 0.0000 0.9522
0.5350 0.7421 0.3152 0.0000 0.9499
0.5345 0.7407 0.3149 0.0000 0.9471
0.5344 0.7409 0.3182 0.0000 0.9438
0.5345 0.7410 0.3182 0.0000 0.9448
0.5342 0.7402 0.3177 0.0000 0.9445
0.5343 0.7402 0.3177 0.0000 0.9453
0.5342 0.7400 0.3171 0.0000 0.9452
0.5341 0.7398 0.3172 0.0000 0.9455
0.5338 0.7393 0.3155 0.0000 0.9449
0.5338 0.7394 0.3155 0.0000 0.9457
0.5330 0.7384 0.3164 0.0000 0.9435
0.5330 0.7384 0.3165 0.0000 0.9443
0.5347 0.7394 0.3149 0.0000 0.9363
0.5343 0.7388 0.3159 0.0000 0.9353
0.5343 0.7388 0.3160 0.0000 0.9358
0.5345 0.7391 0.3158 0.0000 0.9367
0.5337 0.7382 0.3167 0.0000 0.9338
0.5342 0.7389 0.3157 0.0000 0.9358
0.5343 0.7390 0.3157 0.0000 0.9366
0.5344 0.7393 0.3155 0.0000 0.9376
0.5343 0.7391 0.3137 0.0000 0.9373
0.5343 0.7392 0.3133 0.0000 0.9378
