0.5040 0.6842 0.2839 0.0000 0.9313
0.5067 0.6660 0.2927 0.0000 0.9403
0.4935 0.6548 0.3478 0.0000 0.9226
0.5016 0.6701 0.2979 0.0000 1.0386
0.5188 0.6824 0.0158 0.8039 0.9688
0.5236 0.6910 0.2796 0.0000 925.4024
0.4975 0.6584 0.3343 0.0000 0.9165
0.4993 0.6661 0.3035 0.0000 1.0452
0.5198 0.6727 0.2957 0.0000 0.9866
0.4995 0.6633 0.3035 0.0000 1.0084
0.4982 0.6610 0.3080 0.0000 0.9987
0.5108 0.6591 0.2740 0.0000 0.9346
0.5098 0.6882 0.2589 0.0000 0.9834
0.4969 0.6598 0.3130 0.0000 0.9960
0.4956 0.6601 0.3113 0.0000 1.0225
0.4982 0.6630 0.3062 0.0000 1.0319
0.5058 0.6550 0.3039 0.0000 0.9263
0.5194 0.6669 0.2702 0.0000 8.1393
0.4954 0.6469 0.3355 0.0000 78.8644
0.5070 0.6561 0.2914 0.0000 0.9295
0.5079 0.6584 0.2888 0.0000 0.9321
0.5174 0.6676 0.2568 0.0000 0.9495
0.4994 0.6617 0.3000 0.0000 0.9882
0.5161 0.6645 0.2542 0.0000 722.3068
0.5077 0.6563 0.2811 0.0000 0.9293
0.5040 0.6547 0.2954 0.0000 0.9303
0.5101 0.6604 0.2685 0.0000 0.9347
0.5155 0.6673 0.2532 0.0001 24.3277
0.5101 0.6606 0.2724 0.0000 216.1262
0.5145 0.6661 0.2530 0.0001 468.0810
0.5069 0.6531 0.2725 0.0000 0.9250
0.5087 0.6568 0.2623 0.0000 0.9266
0.5121 0.6577 0.2456 0.0001 576.8867
0.5057 0.6514 0.2775 0.0000 0.9222
0.5036 0.6499 0.2890 0.0000 0.9215
0.5166 0.6525 0.2307 0.0002 245.4550
0.5049 0.6504 0.2817 0.0000 0.9208
0.5122 0.6566 0.2356 0.0002 0.9306
0.5262 0.6712 0.2028 0.0013 0.9502
0.5197 0.6638 0.2297 0.0002 0.9361
0.5211 0.6674 0.2131 0.0007 0.9395
0.5203 0.6704 0.2176 0.0005 0.8939
0.4995 0.6642 0.2984 0.0000 0.8579
0.5194 0.6759 0.2150 0.0006 0.8932
0.5176 0.6641 0.2093 0.0009 0.9186
0.5023 0.6712 0.2967 0.0000 0.8514
0.4998 0.6679 0.3071 0.0000 0.8247
0.5075 0.6557 0.2557 0.0000 0.9221
0.5187 0.6593 0.2121 0.0007 0.9049
0.5103 0.6906 0.2408 0.0001 0.8362
0.5005 0.6697 0.3141 0.0000 0.8223
0.5122 0.6589 0.2356 0.0002 0.9160
0.5090 0.6552 0.2497 0.0001 0.9108
0.5098 0.6500 0.2530 0.0001 0.9240
0.5005 0.6495 0.2935 0.0000 0.8567
0.5050 0.6513 0.2680 0.0000 0.9030
0.4952 0.6583 0.3212 0.0000 0.8960
0.5031 0.6497 0.2849 0.0000 0.9002
0.4994 0.6516 0.2951 0.0000 0.9071
0.5021 0.6517 0.2847 0.0000 0.9070
0.5024 0.6514 0.2847 0.0000 0.9175
0.4992 0.6640 0.3035 0.0000 0.8323
0.5010 0.6511 0.2892 0.0000 0.9177
0.5010 0.6513 0.2895 0.0000 0.9143
0.5013 0.6506 0.2884 0.0000 0.9169
0.5000 0.6664 0.3002 0.0000 0.8414
0.4979 0.6605 0.3089 0.0000 0.8734
0.4991 0.6617 0.3015 0.0000 0.8518
0.4989 0.6606 0.3002 0.0000 0.8401
0.4976 0.6523 0.3048 0.0000 0.9080
0.4994 0.6625 0.2979 0.0000 0.8449
0.5005 0.6511 0.2907 0.0000 0.9143
0.5004 0.6510 0.2910 0.0000 0.9147
0.4992 0.6625 0.3008 0.0000 0.8325
0.5001 0.6494 0.2937 0.0000 0.9145
0.4971 0.6590 0.3180 0.0000 0.8497
0.4962 0.6588 0.3177 0.0000 0.8858
0.4994 0.6489 0.2962 0.0000 0.9160
0.4974 0.6592 0.3170 0.0000 0.8393
0.4961 0.6595 0.3205 0.0000 0.8727
0.5026 0.6468 0.2880 0.0000 0.9093
0.4994 0.6487 0.2970 0.0000 0.9162
0.4963 0.6584 0.3123 0.0000 0.8968
0.5010 0.6511 0.2905 0.0000 0.9155
0.5002 0.6633 0.2894 0.0000 0.9224
0.4993 0.6628 0.2963 0.0000 0.9116
0.4982 0.6600 0.2984 0.0000 0.9136
0.5001 0.6630 0.2968 0.0000 0.9066
0.4989 0.6612 0.2993 0.0000 0.9114
0.4990 0.6620 0.2970 0.0000 0.9143
0.4978 0.6592 0.3006 0.0000 0.9109
0.4979 0.6598 0.3002 0.0000 0.9158
0.4987 0.6614 0.2969 0.0000 0.9204
0.4976 0.6589 0.3010 0.0000 0.9139
0.4984 0.6627 0.2938 0.0000 0.9154
0.4981 0.6620 0.2986 0.0000 0.9155
0.4975 0.6605 0.2989 0.0000 0.9184
0.4980 0.6618 0.2977 0.0000 0.9198
0.4983 0.6627 0.2980 0.0000 0.9175
0.4980 0.6612 0.3011 0.0000 0.9192
0.4975 0.6615 0.3043 0.0000 0.9147
0.4959 0.6583 0.3064 0.0000 0.9183
0.4980 0.6626 0.3041 0.0000 0.9137
0.4966 0.6601 0.3051 0.0000 0.9179
0.4969 0.6598 0.3105 0.0000 0.9111
0.4976 0.6670 0.2901 0.0000 0.8940
0.4995 0.6626 0.3081 0.0000 0.9012
0.4990 0.6622 0.3081 0.0000 0.9068
0.4996 0.6630 0.3065 0.0000 0.9068
0.4993 0.6618 0.3078 0.0000 0.9017
0.4992 0.6621 0.3045 0.0000 0.9056
0.5006 0.6635 0.3042 0.0000 0.8982
0.4981 0.6606 0.3085 0.0000 0.9113
0.4983 0.6603 0.3095 0.0000 0.9040
0.4977 0.6589 0.3139 0.0000 0.8981
0.4985 0.6597 0.3113 0.0000 0.8988
0.4993 0.6611 0.3072 0.0000 0.8913
0.4990 0.6605 0.3083 0.0000 0.8938
0.4998 0.6620 0.3062 0.0000 0.8904
0.4992 0.6613 0.3093 0.0000 0.8894
0.4991 0.6603 0.3071 0.0000 0.8924
0.4995 0.6613 0.3062 0.0000 0.8903
0.4991 0.6596 0.3082 0.0000 0.8913
0.4971 0.6567 0.3174 0.0000 0.8901
0.4973 0.6591 0.3242 0.0000 0.8790
0.4940 0.6499 0.3308 0.0000 0.8547
0.4996 0.6671 0.3223 0.0000 0.8132
0.4969 0.6580 0.3232 0.0000 0.8837
0.4964 0.6558 0.3219 0.0000 0.8592
0.4998 0.6680 0.3216 0.0000 0.8147
0.5004 0.6688 0.3201 0.0000 0.8164
0.5005 0.6691 0.3198 0.0000 0.8180
0.5011 0.6705 0.3193 0.0000 0.8176
0.5006 0.6696 0.3201 0.0000 0.8177
0.5038 0.6735 0.3100 0.0000 0.8202
0.5043 0.6750 0.3070 0.0000 0.8248
0.5048 0.6755 0.3083 0.0000 0.8193
0.5039 0.6742 0.3096 0.0000 0.8192
0.5035 0.6734 0.3101 0.0000 0.8190
0.5029 0.6726 0.3113 0.0000 0.8163
0.5048 0.6753 0.3061 0.0000 0.8163
0.4985 0.6597 0.3124 0.0000 0.8874
0.5038 0.6733 0.3067 0.0000 0.8191
0.5039 0.6742 0.3069 0.0000 0.8199
0.5040 0.6741 0.3059 0.0000 0.8198
0.5037 0.6746 0.3092 0.0000 0.8200
0.5031 0.6730 0.3094 0.0000 0.8176
0.5033 0.6735 0.3099 0.0000 0.8170
0.5037 0.6739 0.3071 0.0000 0.8154
0.4982 0.6598 0.3124 0.0000 0.8811
0.5054 0.6783 0.3067 0.0000 0.8230
0.4988 0.6617 0.3108 0.0000 0.8831
0.5038 0.6739 0.3065 0.0000 0.8185
0.5034 0.6736 0.3074 0.0000 0.8179
0.5036 0.6743 0.3068 0.0000 0.8190
0.5046 0.6757 0.3060 0.0000 0.8172
0.4996 0.6630 0.3107 0.0000 0.8791
0.5038 0.6734 0.3113 0.0000 0.8120
0.5051 0.6763 0.3066 0.0000 0.8121
0.5007 0.6661 0.3082 0.0000 0.8793
0.4995 0.6632 0.3091 0.0000 0.8735
0.4995 0.6631 0.3098 0.0000 0.8866
0.5053 0.6775 0.3063 0.0000 0.8184
0.5002 0.6652 0.3068 0.0000 0.8826
0.5030 0.6718 0.3055 0.0000 0.8152
0.5044 0.6748 0.3079 0.0000 0.8142
0.5038 0.6743 0.3113 0.0000 0.8131
0.5001 0.6648 0.3134 0.0000 0.8730
0.5037 0.6737 0.3109 0.0000 0.8138
0.5013 0.6671 0.3097 0.0000 0.8804
0.5000 0.6647 0.3100 0.0000 0.8800
0.5020 0.6707 0.3105 0.0000 0.8078
0.4995 0.6633 0.3105 0.0000 0.8850
0.4998 0.6638 0.3101 0.0000 0.8852
0.5000 0.6644 0.3112 0.0000 0.8573
0.5005 0.6655 0.3102 0.0000 0.8834
0.5006 0.6660 0.3107 0.0000 0.8853
0.5002 0.6656 0.3126 0.0000 0.8856
0.5004 0.6660 0.3152 0.0000 0.8820
0.4997 0.6636 0.3157 0.0000 0.8835
0.4985 0.6610 0.3201 0.0000 0.8807
0.4999 0.6640 0.3170 0.0000 0.8835
0.4998 0.6642 0.3178 0.0000 0.8846
0.4991 0.6623 0.3177 0.0000 0.8858
0.4991 0.6619 0.3149 0.0000 0.8857
0.5000 0.6640 0.3133 0.0000 0.8843
0.5000 0.6640 0.3131 0.0000 0.8869
0.5001 0.6644 0.3184 0.0000 0.8838
0.5042 0.6741 0.3138 0.0000 0.8167
0.5000 0.6635 0.3163 0.0000 0.8855
0.5009 0.6660 0.3154 0.0000 0.8833
0.5003 0.6636 0.3141 0.0000 0.8871
0.4999 0.6633 0.3165 0.0000 0.8860
0.5019 0.6673 0.3091 0.0000 0.8897
0.5014 0.6656 0.3088 0.0000 0.8858
0.5010 0.6659 0.3135 0.0000 0.8627
0.5065 0.6789 0.3088 0.0000 0.8196
0.5047 0.6757 0.3133 0.0000 0.8134
0.5000 0.6644 0.3158 0.0000 0.8829
0.5021 0.6690 0.3110 0.0000 0.8780
0.5013 0.6668 0.3111 0.0000 0.8808
0.5053 0.6774 0.3147 0.0000 0.8167
0.5051 0.6775 0.3151 0.0000 0.8164
0.5067 0.6804 0.3106 0.0000 0.8197
0.5069 0.6799 0.3069 0.0000 0.8197
0.5074 0.6809 0.3048 0.0000 0.8217
0.5074 0.6813 0.3007 0.0000 0.8245
0.5079 0.6814 0.2985 0.0000 0.8212
0.5062 0.6787 0.2999 0.0000 0.8216
0.5067 0.6788 0.3001 0.0000 0.8185
0.5076 0.6809 0.3001 0.0000 0.8217
0.5066 0.6785 0.3011 0.0000 0.8196
0.5076 0.6807 0.3003 0.0000 0.8216
0.5065 0.6787 0.3016 0.0000 0.8243
0.5059 0.6810 0.3084 0.0000 0.8207
0.5044 0.6795 0.3114 0.0000 0.8194
0.5048 0.6792 0.3127 0.0000 0.8171
0.5065 0.6838 0.3075 0.0000 0.8218
0.5056 0.6788 0.3081 0.0000 0.8154
0.5057 0.6807 0.3107 0.0000 0.8157
0.5063 0.6803 0.3089 0.0000 0.8144
0.5071 0.6848 0.3056 0.0000 0.8213
0.5071 0.6837 0.3053 0.0000 0.8172
0.5077 0.6854 0.3054 0.0000 0.8204
0.5099 0.6908 0.3036 0.0000 0.8272
0.5088 0.6857 0.2996 0.0000 0.8202
0.5085 0.6855 0.2992 0.0000 0.8198
0.5090 0.6868 0.2990 0.0000 0.8201
0.5094 0.6877 0.3017 0.0000 0.8192
0.5089 0.6870 0.3020 0.0000 0.8206
0.5093 0.6870 0.3017 0.0000 0.8195
0.5089 0.6863 0.3013 0.0000 0.8209
0.5075 0.6834 0.3098 0.0000 0.8152
0.5058 0.6817 0.3153 0.0000 0.8194
0.5060 0.6809 0.3201 0.0000 0.8125
0.5059 0.6813 0.3195 0.0000 0.8165
0.5069 0.6825 0.3159 0.0000 0.8137
0.5091 0.6893 0.3065 0.0000 0.8275
0.5100 0.6919 0.3054 0.0000 0.8320
0.5098 0.6902 0.3097 0.0000 0.8248
0.5092 0.6892 0.3065 0.0000 0.8272
0.5102 0.6914 0.3037 0.0000 0.8317
0.5105 0.6912 0.3007 0.0000 0.8319
0.5098 0.6910 0.3025 0.0000 0.8321
0.5095 0.6896 0.3047 0.0000 0.8281
0.5098 0.6895 0.3069 0.0000 0.8285
0.5097 0.6899 0.3060 0.0000 0.8265
0.5095 0.6882 0.3079 0.0000 0.8268
0.5116 0.6898 0.3029 0.0000 0.8247
0.5087 0.6838 0.3047 0.0000 0.8175
0.5108 0.6892 0.3060 0.0000 0.8231
0.5107 0.6892 0.3063 0.0000 0.8226
0.5122 0.6930 0.3074 0.0000 0.8257
0.5134 0.6953 0.3049 0.0000 0.8287
0.5129 0.6942 0.3048 0.0000 0.8279
0.5138 0.6958 0.3026 0.0000 0.8302
0.5132 0.6956 0.3073 0.0000 0.8279
0.5136 0.6969 0.3061 0.0000 0.8311
0.5133 0.6960 0.3088 0.0000 0.8289
0.5120 0.6932 0.3083 0.0000 0.8226
0.5119 0.6934 0.3073 0.0000 0.8256
0.5111 0.6911 0.3088 0.0000 0.8246
0.5111 0.6910 0.3104 0.0000 0.8216
0.5119 0.6930 0.3102 0.0000 0.8235
0.5120 0.6943 0.3105 0.0000 0.8253
0.5097 0.6892 0.3119 0.0000 0.8204
0.5112 0.6925 0.3101 0.0000 0.8252
0.5123 0.6952 0.3108 0.0000 0.8289
0.5117 0.6945 0.3127 0.0000 0.8274
0.5100 0.6908 0.3128 0.0000 0.8230
0.5096 0.6896 0.3143 0.0000 0.8210
0.5093 0.6887 0.3141 0.0000 0.8209
0.5094 0.6889 0.3134 0.0000 0.8228
0.5094 0.6891 0.3128 0.0000 0.8219
0.5121 0.6942 0.3097 0.0000 0.8284
0.5133 0.6962 0.3107 0.0000 0.8298
0.5104 0.6902 0.3113 0.0000 0.8232
0.5100 0.6895 0.3120 0.0000 0.8241
0.5104 0.6901 0.3108 0.0000 0.8273
0.5103 0.6897 0.3114 0.0000 0.8257
0.5097 0.6888 0.3121 0.0000 0.8207
0.5089 0.6881 0.3177 0.0000 0.8220
0.5080 0.6871 0.3203 0.0000 0.8201
0.5085 0.6876 0.3188 0.0000 0.8218
0.5082 0.6872 0.3194 0.0000 0.8230
0.5070 0.6843 0.3231 0.0000 0.8171
0.5087 0.6879 0.3196 0.0000 0.8207
0.5081 0.6859 0.3198 0.0000 0.8226
0.5095 0.6888 0.3198 0.0000 0.8267
0.5083 0.6851 0.3198 0.0000 0.8172
0.5088 0.6863 0.3199 0.0000 0.8206
0.5092 0.6871 0.3205 0.0000 0.8240
0.5057 0.6788 0.3220 0.0000 0.8105
0.5081 0.6845 0.3214 0.0000 0.8187
0.5074 0.6836 0.3211 0.0000 0.8213
0.5083 0.6846 0.3215 0.0000 0.8199
0.5086 0.6863 0.3198 0.0000 0.8236
0.5078 0.6846 0.3202 0.0000 0.8208
0.5086 0.6857 0.3186 0.0000 0.8217
0.5084 0.6850 0.3186 0.0000 0.8196
0.5079 0.6843 0.3196 0.0000 0.8181
0.5086 0.6864 0.3204 0.0000 0.8227
0.5063 0.6824 0.3246 0.0000 0.8152
0.5083 0.6879 0.3217 0.0000 0.8184
0.5074 0.6859 0.3223 0.0000 0.8220
0.5049 0.6803 0.3227 0.0000 0.8127
0.5068 0.6835 0.3223 0.0000 0.8137
0.5053 0.6804 0.3218 0.0000 0.8117
0.5056 0.6809 0.3222 0.0000 0.8101
0.5054 0.6815 0.3243 0.0000 0.8123
0.5050 0.6800 0.3243 0.0000 0.8114
0.5051 0.6809 0.3244 0.0000 0.8118
0.5067 0.6844 0.3236 0.0000 0.8156
0.5057 0.6826 0.3241 0.0000 0.8161
0.5067 0.6846 0.3234 0.0000 0.8184
0.5064 0.6839 0.3250 0.0000 0.8140
0.5055 0.6823 0.3239 0.0000 0.8142
0.5068 0.6843 0.3230 0.0000 0.8152
0.5043 0.6785 0.3242 0.0000 0.8077
0.5060 0.6834 0.3250 0.0000 0.8162
0.5068 0.6851 0.3243 0.0000 0.8153
0.5052 0.6816 0.3252 0.0000 0.8135
0.5072 0.6852 0.3218 0.0000 0.8171
0.5055 0.6827 0.3244 0.0000 0.8132
0.5070 0.6850 0.3226 0.0000 0.8166
0.5096 0.6914 0.3223 0.0000 0.8296
0.5062 0.6830 0.3233 0.0000 0.8154
0.5062 0.6832 0.3234 0.0000 0.8147
0.5071 0.6846 0.3230 0.0000 0.8186
0.5058 0.6804 0.3217 0.0000 0.8082
0.5078 0.6846 0.3209 0.0000 0.8128
0.5077 0.6849 0.3219 0.0000 0.8165
0.5078 0.6848 0.3229 0.0000 0.8161
0.5054 0.6785 0.3159 0.0000 0.8074
0.5066 0.6814 0.3154 0.0000 0.8110
0.5065 0.6809 0.3166 0.0000 0.8095
0.5059 0.6793 0.3166 0.0000 0.8064
0.5067 0.6816 0.3162 0.0000 0.8113
0.5034 0.6746 0.3181 0.0000 0.8021
0.5049 0.6785 0.3176 0.0000 0.8041
0.5073 0.6844 0.3176 0.0000 0.8146
0.5059 0.6823 0.3176 0.0000 0.8138
0.5039 0.6753 0.3164 0.0000 0.8011
0.5070 0.6844 0.3193 0.0000 0.8134
0.5054 0.6800 0.3191 0.0000 0.8100
0.5081 0.6849 0.3192 0.0000 0.8101
0.5076 0.6846 0.3214 0.0000 0.8140
0.5053 0.6799 0.3206 0.0000 0.8117
0.5065 0.6825 0.3215 0.0000 0.8134
0.5057 0.6800 0.3209 0.0000 0.8097
0.5068 0.6825 0.3211 0.0000 0.8122
0.5040 0.6758 0.3218 0.0000 0.8044
0.5060 0.6808 0.3226 0.0000 0.8090
0.5068 0.6827 0.3219 0.0000 0.8146
0.5078 0.6850 0.3228 0.0000 0.8258
0.5044 0.6773 0.3202 0.0000 0.8091
0.5019 0.6702 0.3213 0.0000 0.7991
0.5061 0.6807 0.3219 0.0000 0.8109
0.5061 0.6808 0.3213 0.0000 0.8148
0.5060 0.6809 0.3224 0.0000 0.8166
0.5051 0.6786 0.3206 0.0000 0.8130
0.5061 0.6815 0.3208 0.0000 0.8170
0.5069 0.6836 0.3214 0.0000 0.8214
0.5069 0.6819 0.3177 0.0000 0.8151
0.5072 0.6845 0.3171 0.0000 0.8214
0.5072 0.6831 0.3183 0.0000 0.8155
0.5068 0.6842 0.3215 0.0000 0.8213
0.5068 0.6831 0.3210 0.0000 0.8167
0.5071 0.6835 0.3214 0.0000 0.8176
0.5091 0.6876 0.3198 0.0000 0.8279
0.5047 0.6782 0.3204 0.0000 0.8086
0.5051 0.6794 0.3217 0.0000 0.8153
0.5053 0.6796 0.3212 0.0000 0.8144
0.5046 0.6783 0.3227 0.0000 0.8155
0.5057 0.6801 0.3226 0.0000 0.8136
0.5044 0.6783 0.3230 0.0000 0.8129
0.5039 0.6777 0.3224 0.0000 0.8141
0.5055 0.6797 0.3227 0.0000 0.8157
0.5055 0.6810 0.3242 0.0000 0.8187
0.5045 0.6786 0.3236 0.0000 0.8156
0.5062 0.6819 0.3237 0.0000 0.8200
0.5041 0.6773 0.3238 0.0000 0.8139
0.5047 0.6782 0.3215 0.0000 0.8149
0.5047 0.6777 0.3213 0.0000 0.8114
0.5071 0.6836 0.3214 0.0000 0.8221
0.5055 0.6784 0.3199 0.0000 0.8138
0.5054 0.6781 0.3229 0.0000 0.8111
0.5062 0.6775 0.3171 0.0000 0.8065
0.5047 0.6753 0.3165 0.0000 0.8099
0.5055 0.6769 0.3167 0.0000 0.8109
0.5040 0.6731 0.3199 0.0000 0.8014
0.5060 0.6788 0.3183 0.0000 0.8131
0.5061 0.6791 0.3179 0.0000 0.8150
0.5083 0.6843 0.3198 0.0000 0.8194
0.5057 0.6792 0.3199 0.0000 0.8166
0.5053 0.6778 0.3203 0.0000 0.8097
0.5054 0.6784 0.3207 0.0000 0.8134
0.5040 0.6755 0.3208 0.0000 0.8110
0.5062 0.6795 0.3204 0.0000 0.8138
0.5061 0.6798 0.3207 0.0000 0.8171
0.5061 0.6798 0.3206 0.0000 0.8167
0.5067 0.6800 0.3193 0.0000 0.8188
0.5070 0.6808 0.3183 0.0000 0.8197
0.5054 0.6776 0.3196 0.0000 0.8231
0.5068 0.6800 0.3198 0.0000 0.8212
0.5058 0.6781 0.3207 0.0000 0.8192
0.5052 0.6769 0.3213 0.0000 0.8164
0.5062 0.6782 0.3245 0.0000 0.8159
0.5035 0.6721 0.3231 0.0000 0.8096
0.5054 0.6758 0.3243 0.0000 0.8129
0.5048 0.6747 0.3246 0.0000 0.8130
0.5030 0.6713 0.3260 0.0000 0.8126
0.5026 0.6698 0.3283 0.0000 0.8036
0.5046 0.6755 0.3291 0.0000 0.8190
0.5028 0.6702 0.3270 0.0000 0.8077
0.5041 0.6734 0.3268 0.0000 0.8126
0.5027 0.6707 0.3302 0.0000 0.8053
0.5045 0.6747 0.3267 0.0000 0.8134
0.5056 0.6764 0.3242 0.0000 0.8203
0.5018 0.6686 0.3272 0.0000 0.8010
0.5038 0.6724 0.3253 0.0000 0.8099
0.5033 0.6709 0.3238 0.0000 0.8065
0.5056 0.6764 0.3242 0.0000 0.8152
0.5036 0.6716 0.3249 0.0000 0.8115
0.5050 0.6747 0.3240 0.0000 0.8135
0.5048 0.6751 0.3257 0.0000 0.8134
0.5049 0.6761 0.3252 0.0000 0.8132
0.5041 0.6738 0.3269 0.0000 0.8112
0.5031 0.6715 0.3257 0.0000 0.8087
0.5060 0.6779 0.3226 0.0000 0.8159
0.5044 0.6741 0.3278 0.0000 0.8122
0.5015 0.6683 0.3312 0.0000 0.8026
0.5025 0.6703 0.3313 0.0000 0.8076
0.5028 0.6718 0.3336 0.0000 0.8082
0.5036 0.6725 0.3292 0.0000 0.8115
0.5039 0.6737 0.3280 0.0000 0.8152
0.5028 0.6722 0.3278 0.0000 0.8105
0.5014 0.6692 0.3289 0.0000 0.8043
0.5034 0.6745 0.3286 0.0000 0.8132
0.5032 0.6737 0.3280 0.0000 0.8147
0.5031 0.6743 0.3339 0.0000 0.8114
0.5003 0.6691 0.3363 0.0000 0.8019
0.5036 0.6754 0.3264 0.0000 0.8166
0.5018 0.6709 0.3311 0.0000 0.8060
0.5023 0.6719 0.3289 0.0000 0.8108
0.5026 0.6728 0.3299 0.0000 0.8140
0.5005 0.6677 0.3299 0.0000 0.8047
0.5036 0.6739 0.3274 0.0000 0.8082
0.4991 0.6653 0.3313 0.0000 0.8012
0.5028 0.6751 0.3370 0.0000 0.8128
0.5016 0.6719 0.3343 0.0000 0.8064
