0.4969 0.6607 0.3379 0.0000 1.0050
0.5007 0.6782 0.3429 0.0000 0.9288
0.4981 0.6691 0.3431 0.0000 0.9582
0.5047 0.6808 0.3282 0.0000 0.9654
0.4985 0.6705 0.3378 0.0000 0.9247
0.5028 0.6768 0.2931 0.0000 0.8761
0.5081 0.6825 0.2832 0.0000 1.0048
0.5069 0.6806 0.2820 0.0000 1.0038
0.5189 0.6851 0.2556 0.0000 0.9304
0.5027 0.6626 0.2967 0.0000 0.9881
0.4979 0.6670 0.3410 0.0000 0.9105
0.5165 0.6810 0.2245 0.0003 1.0102
0.4994 0.6645 0.3282 0.0000 0.9647
0.5187 0.6796 0.0399 0.5299 1.0049
0.5189 0.6858 0.0551 0.3854 1.0149
0.4986 0.6688 0.3259 0.0000 0.9053
0.5051 0.6791 0.2788 0.0000 0.8724
0.5023 0.6601 0.2901 0.0000 0.9492
0.5068 0.6689 0.2482 0.0001 0.9786
0.4964 0.6576 0.3303 0.0000 0.9545
0.5108 0.6710 0.2439 0.0001 0.9916
0.5028 0.6770 0.3045 0.0000 0.8627
0.5021 0.6548 0.3012 0.0000 0.9287
0.5010 0.6738 0.3259 0.0000 0.8712
0.5117 0.6689 0.2263 0.0003 0.9913
0.5015 0.6523 0.3084 0.0000 97.1355
0.4959 0.6549 0.3276 0.0000 0.9491
0.4956 0.6609 0.3410 0.0000 1.5437
0.4995 0.6697 0.3124 0.0000 0.8405
0.4981 0.6674 0.3279 0.0000 6.0446
0.4975 0.6647 0.3336 0.0000 0.8491
0.4954 0.6584 0.3346 0.0000 0.8493
0.4964 0.6639 0.3350 0.0000 0.8626
0.4958 0.6625 0.3367 0.0000 0.8414
0.4964 0.6645 0.3290 0.0000 0.8595
0.4968 0.6673 0.3398 0.0000 0.9231
0.4969 0.6653 0.3240 0.0000 0.8614
0.4977 0.6681 0.3340 0.0000 0.8611
0.4978 0.6679 0.3184 0.0000 0.8368
0.4994 0.6532 0.3123 0.0000 0.9225
0.5003 0.6715 0.3222 0.0000 0.8530
0.4993 0.6716 0.3181 0.0000 0.8692
0.5006 0.6741 0.3166 0.0000 0.8609
0.5004 0.6721 0.3235 0.0000 0.8559
0.4992 0.6680 0.3148 0.0000 0.8430
0.5020 0.6780 0.3305 0.0000 9.9966
0.4981 0.6548 0.3147 0.0000 0.9229
0.4992 0.6529 0.3115 0.0000 0.9224
0.4988 0.6695 0.3219 0.0000 0.8344
0.4977 0.6560 0.3151 0.0000 0.8761
0.4991 0.6665 0.3239 0.0000 0.8962
0.4983 0.6518 0.3158 0.0000 0.9219
0.5004 0.6755 0.3211 0.0000 27.9753
0.4984 0.6657 0.3342 0.0000 0.9436
0.5008 0.6525 0.3115 0.0000 0.9233
0.5023 0.6770 0.3197 0.0000 0.8586
0.5015 0.6528 0.3066 0.0000 0.9238
0.4996 0.6657 0.3202 0.0000 0.8858
0.4967 0.6606 0.3290 0.0000 0.8219
0.4997 0.6673 0.3034 0.0000 0.8601
0.5002 0.6680 0.3164 0.0000 15.1060
0.5015 0.6656 0.3017 0.0000 0.9040
0.5028 0.6693 0.3198 0.0000 0.8383
0.5051 0.6663 0.2933 0.0000 0.8669
0.5061 0.6737 0.2901 0.0000 0.9013
0.5072 0.6832 0.2955 0.0000 0.8615
0.5105 0.6835 0.2878 0.0000 0.8839
0.5043 0.6721 0.3031 0.0000 0.8641
0.5031 0.6681 0.3051 0.0000 0.8573
0.5087 0.6776 0.2891 0.0000 0.8682
0.5047 0.6696 0.2947 0.0000 0.9156
0.5053 0.6720 0.3021 0.0000 0.8610
0.4999 0.6591 0.3064 0.0000 0.8446
0.5016 0.6651 0.3007 0.0000 0.9134
0.5068 0.6788 0.2975 0.0000 0.8606
0.5001 0.6614 0.3073 0.0000 0.8460
0.5058 0.6741 0.2988 0.0000 0.8697
0.5059 0.6745 0.3007 0.0000 0.8479
0.5005 0.6635 0.3064 0.0000 0.9085
0.5028 0.6702 0.3024 0.0000 0.8597
0.5009 0.6652 0.3090 0.0000 0.9355
0.5025 0.6668 0.2853 0.0000 0.8881
0.5057 0.6719 0.3050 0.0000 0.8802
0.5058 0.6733 0.3051 0.0000 0.8544
0.5074 0.6790 0.2987 0.0000 0.8493
0.5003 0.6640 0.3160 0.0000 0.9037
0.4996 0.6631 0.3195 0.0000 0.9014
0.4972 0.6621 0.3345 0.0000 0.8317
0.5011 0.6731 0.3285 0.0000 0.8431
0.4950 0.6562 0.3366 0.0000 0.8976
0.4983 0.6672 0.3380 0.0000 0.8632
0.5031 0.6788 0.3293 0.0000 0.8902
0.5016 0.6771 0.3323 0.0000 0.8519
0.4988 0.6675 0.3362 0.0000 0.8068
0.4981 0.6634 0.3339 0.0000 0.8558
0.4979 0.6647 0.3353 0.0000 0.8572
0.4998 0.6680 0.3326 0.0000 0.8475
0.5023 0.6741 0.3289 0.0000 0.8539
0.5002 0.6686 0.3340 0.0000 0.8546
0.5026 0.6743 0.3263 0.0000 0.8199
0.5045 0.6770 0.3209 0.0000 0.8308
0.5003 0.6685 0.3283 0.0000 0.8262
0.5038 0.6760 0.3232 0.0000 0.8224
0.4997 0.6638 0.3249 0.0000 0.8346
0.4967 0.6597 0.3295 0.0000 0.8495
0.5044 0.6743 0.3167 0.0000 0.8416
0.5054 0.6784 0.3186 0.0000 0.8222
0.5064 0.6804 0.3184 0.0000 0.8233
0.5010 0.6696 0.3283 0.0000 0.8566
0.5115 0.6899 0.3143 0.0000 0.8764
0.5054 0.6796 0.3232 0.0000 0.8341
0.5000 0.6690 0.3311 0.0000 0.8028
0.5079 0.6860 0.3164 0.0000 0.8274
0.4975 0.6623 0.3285 0.0000 0.8079
0.5007 0.6707 0.3206 0.0000 0.8169
0.5042 0.6774 0.3214 0.0000 0.8221
0.4952 0.6554 0.3289 0.0000 0.8107
0.5047 0.6793 0.3207 0.0000 0.8169
0.4943 0.6533 0.3329 0.0000 0.8344
0.5066 0.6811 0.3167 0.0000 0.8603
0.5066 0.6846 0.3150 0.0000 0.8308
0.5066 0.6823 0.3157 0.0000 0.8196
0.5074 0.6822 0.3115 0.0000 0.8426
0.5077 0.6806 0.3117 0.0000 0.8628
0.5020 0.6728 0.3176 0.0000 0.8132
0.5086 0.6859 0.3098 0.0000 0.8343
0.5051 0.6787 0.3173 0.0000 0.8117
0.5129 0.6920 0.3056 0.0000 0.8617
0.5001 0.6649 0.3206 0.0000 0.8944
0.5056 0.6794 0.3127 0.0000 0.8234
0.5006 0.6670 0.3174 0.0000 0.8981
0.4996 0.6651 0.3194 0.0000 0.8983
0.5057 0.6784 0.3127 0.0000 0.8759
0.5060 0.6796 0.3106 0.0000 0.8245
0.5042 0.6765 0.3173 0.0000 0.8373
0.5070 0.6831 0.3158 0.0000 0.8577
0.5013 0.6685 0.3172 0.0000 0.8955
0.5024 0.6715 0.3163 0.0000 0.8395
0.5056 0.6792 0.3095 0.0000 0.8423
0.5040 0.6760 0.3067 0.0000 0.8118
0.5141 0.6972 0.2955 0.0000 0.8707
0.5036 0.6758 0.3018 0.0000 0.8691
0.5101 0.6886 0.2980 0.0000 0.8313
0.5087 0.6867 0.3004 0.0000 0.8296
0.5003 0.6685 0.3106 0.0000 0.8552
0.5022 0.6729 0.3053 0.0000 0.8662
0.5058 0.6772 0.3031 0.0000 0.8298
0.5060 0.6781 0.3043 0.0000 0.8352
0.5069 0.6803 0.3025 0.0000 0.8295
0.5061 0.6780 0.3055 0.0000 0.8394
0.5014 0.6676 0.3084 0.0000 0.8901
0.5092 0.6836 0.3016 0.0000 0.8423
0.5116 0.6880 0.2939 0.0000 0.8506
0.5034 0.6745 0.3019 0.0000 0.8439
0.5052 0.6756 0.3046 0.0000 0.8278
0.5005 0.6681 0.3055 0.0000 0.8184
0.5081 0.6852 0.2882 0.0000 0.8562
0.5115 0.6905 0.2989 0.0000 0.8371
0.5074 0.6824 0.2995 0.0000 0.8420
0.5075 0.6811 0.3042 0.0000 0.8307
0.5031 0.6728 0.3086 0.0000 0.8249
0.5029 0.6715 0.3058 0.0000 0.8153
0.5127 0.6931 0.2952 0.0000 0.8313
0.4988 0.6609 0.3106 0.0000 0.8156
0.5068 0.6813 0.2988 0.0000 0.8094
0.5106 0.6873 0.2990 0.0000 0.8444
0.5042 0.6745 0.3052 0.0000 0.8225
0.5074 0.6833 0.2986 0.0000 0.8338
0.5008 0.6674 0.3049 0.0000 0.8057
0.5074 0.6815 0.3016 0.0000 0.8228
0.5095 0.6875 0.2973 0.0000 0.8482
0.5042 0.6735 0.2991 0.0000 0.8178
0.5057 0.6787 0.2974 0.0000 0.8168
0.5051 0.6756 0.3027 0.0000 0.8299
0.5068 0.6792 0.2978 0.0000 0.8291
0.5058 0.6757 0.2973 0.0000 0.8346
0.5051 0.6758 0.2938 0.0000 0.8263
0.5029 0.6695 0.2993 0.0000 0.8230
0.5042 0.6733 0.2988 0.0000 0.8193
0.5072 0.6796 0.3004 0.0000 0.8304
0.5055 0.6752 0.2977 0.0000 0.8190
0.5031 0.6695 0.2977 0.0000 0.8044
0.5051 0.6732 0.2971 0.0000 0.8410
0.5150 0.6970 0.2791 0.0000 0.8428
0.5070 0.6787 0.2867 0.0000 0.8706
0.5065 0.6772 0.2878 0.0000 0.8273
0.5076 0.6757 0.2905 0.0000 0.8369
0.5114 0.6901 0.2801 0.0000 0.8264
0.4968 0.6455 0.3063 0.0000 0.7998
0.4995 0.6611 0.3032 0.0000 0.8017
0.5144 0.6955 0.2849 0.0000 0.8451
0.5036 0.6690 0.2999 0.0000 0.8290
0.5131 0.6924 0.2874 0.0000 0.8359
0.5156 0.7009 0.2833 0.0000 0.8372
0.5040 0.6746 0.3047 0.0000 0.8164
0.5106 0.6883 0.3014 0.0000 0.8575
0.5108 0.6931 0.2948 0.0000 0.8356
0.5106 0.6907 0.2990 0.0000 0.8278
0.5069 0.6818 0.3037 0.0000 0.8224
0.5146 0.7009 0.2943 0.0000 0.8462
0.5139 0.7002 0.2882 0.0000 0.8472
0.5021 0.6714 0.3082 0.0000 0.8301
0.5140 0.7001 0.2925 0.0000 0.8435
0.5142 0.7004 0.2984 0.0000 0.8543
0.5121 0.6985 0.3020 0.0000 0.8200
0.5120 0.6960 0.2976 0.0000 0.8365
0.5107 0.6892 0.2988 0.0000 0.8384
0.5165 0.7078 0.2853 0.0000 0.8413
0.5150 0.7030 0.2866 0.0000 0.8421
0.5111 0.6946 0.3023 0.0000 0.8096
0.5141 0.7005 0.2928 0.0000 0.8399
0.5138 0.6997 0.2908 0.0000 0.8378
0.5157 0.7031 0.2921 0.0000 0.8569
0.5145 0.7008 0.2831 0.0000 0.8314
0.5077 0.6868 0.2957 0.0000 0.8114
0.5126 0.6941 0.2931 0.0000 0.8584
0.5157 0.7045 0.2839 0.0000 0.8357
0.5126 0.6984 0.2854 0.0000 0.8354
0.5126 0.6980 0.2889 0.0000 0.8294
0.5131 0.6978 0.2935 0.0000 0.8256
0.5134 0.6951 0.2934 0.0000 0.8464
0.5179 0.7089 0.2833 0.0000 0.8504
0.5144 0.7024 0.2878 0.0000 0.8370
0.5150 0.7018 0.2853 0.0000 0.8641
0.5207 0.7153 0.2837 0.0000 0.8759
0.5137 0.6993 0.2923 0.0000 0.8371
0.5067 0.6819 0.3057 0.0000 0.8184
0.5138 0.7022 0.2951 0.0000 0.8474
0.5033 0.6771 0.3056 0.0000 0.8115
0.5037 0.6759 0.3079 0.0000 0.8121
0.5130 0.6982 0.3016 0.0000 0.8507
0.5074 0.6863 0.3059 0.0000 0.8245
0.5095 0.6906 0.3057 0.0000 0.8296
0.5118 0.6970 0.3071 0.0000 0.8444
0.5035 0.6790 0.3121 0.0000 0.8607
0.5108 0.6993 0.3075 0.0000 0.8353
0.5109 0.6996 0.3109 0.0000 0.8294
0.5094 0.6902 0.3100 0.0000 0.8362
0.5104 0.6959 0.3073 0.0000 0.8369
0.5056 0.6817 0.3087 0.0000 0.8290
0.5078 0.6880 0.3100 0.0000 0.8273
0.5102 0.6936 0.3105 0.0000 0.8401
0.5084 0.6910 0.3090 0.0000 0.8230
0.5055 0.6846 0.3107 0.0000 0.8262
0.5069 0.6859 0.3096 0.0000 0.8284
0.5092 0.6915 0.3063 0.0000 0.8415
0.5068 0.6839 0.3056 0.0000 0.8425
0.5060 0.6829 0.3076 0.0000 0.8272
0.5084 0.6909 0.3054 0.0000 0.8237
0.5048 0.6822 0.3044 0.0000 0.8183
0.5027 0.6749 0.3067 0.0000 0.8331
0.5022 0.6732 0.3064 0.0000 0.8296
0.5034 0.6754 0.3064 0.0000 0.8194
0.5063 0.6838 0.3024 0.0000 0.8412
0.5062 0.6859 0.3057 0.0000 0.8340
0.5078 0.6899 0.3053 0.0000 0.8356
0.5075 0.6868 0.3025 0.0000 0.8478
0.5041 0.6797 0.2974 0.0000 0.8181
0.5016 0.6703 0.3007 0.0000 0.8177
0.5145 0.7049 0.2921 0.0000 0.8549
0.5097 0.6928 0.2959 0.0000 0.8437
0.5126 0.7002 0.2912 0.0000 0.8655
0.5063 0.6824 0.2911 0.0000 0.8412
0.5040 0.6754 0.3008 0.0000 0.8254
0.5052 0.6799 0.3026 0.0000 0.8187
0.5075 0.6842 0.2978 0.0000 0.8358
0.5052 0.6796 0.2999 0.0000 0.8323
0.5125 0.6989 0.2922 0.0000 0.8448
0.5116 0.6986 0.2985 0.0000 0.8325
0.5082 0.6872 0.2976 0.0000 0.8325
0.5095 0.6928 0.2977 0.0000 0.8213
0.5183 0.7101 0.2823 0.0000 0.8591
0.5083 0.6880 0.2948 0.0000 0.8328
0.5078 0.6855 0.2971 0.0000 0.8292
0.5145 0.7024 0.2899 0.0000 0.8474
0.5032 0.6759 0.2992 0.0000 0.8134
0.5113 0.6971 0.2904 0.0000 0.8333
0.5125 0.6983 0.2904 0.0000 0.8468
0.5076 0.6855 0.2967 0.0000 0.8398
0.5043 0.6758 0.3006 0.0000 0.8195
0.5112 0.6939 0.2917 0.0000 0.8384
0.5039 0.6752 0.2988 0.0000 0.8276
0.5113 0.6936 0.2946 0.0000 0.8329
0.5100 0.6906 0.3007 0.0000 0.8343
0.5058 0.6793 0.2994 0.0000 0.8202
0.5099 0.6907 0.2938 0.0000 0.8511
0.5053 0.6814 0.2919 0.0000 0.8389
0.5096 0.6908 0.2944 0.0000 0.8326
0.5093 0.6908 0.2961 0.0000 0.8276
0.5108 0.6922 0.2950 0.0000 0.8533
0.5066 0.6817 0.2983 0.0000 0.8298
0.5064 0.6817 0.2979 0.0000 0.8422
0.5146 0.7017 0.2916 0.0000 0.8625
0.5093 0.6886 0.2804 0.0000 0.8182
0.5103 0.6919 0.2899 0.0000 0.8416
0.5107 0.6929 0.2933 0.0000 0.8523
0.5112 0.6936 0.2939 0.0000 0.8349
0.5126 0.6977 0.2945 0.0000 0.8423
0.5102 0.6929 0.2968 0.0000 0.8413
0.5127 0.6974 0.2984 0.0000 0.8524
0.5152 0.7044 0.2962 0.0000 0.8589
0.5104 0.6940 0.2928 0.0000 0.8189
0.5191 0.7110 0.2872 0.0000 0.8652
0.5108 0.6921 0.3009 0.0000 0.8412
0.5154 0.7033 0.2961 0.0000 0.8608
0.5119 0.6961 0.2979 0.0000 0.8328
0.5100 0.6929 0.2987 0.0000 0.8473
0.5036 0.6758 0.3085 0.0000 0.8092
0.4999 0.6667 0.3125 0.0000 0.7964
0.5087 0.6897 0.3100 0.0000 0.8184
0.5101 0.6932 0.3040 0.0000 0.8278
0.5104 0.6938 0.3054 0.0000 0.8296
0.5056 0.6810 0.3105 0.0000 0.8167
0.5073 0.6870 0.3090 0.0000 0.8201
0.5093 0.6928 0.3081 0.0000 0.8373
0.5069 0.6882 0.3101 0.0000 0.8318
0.5033 0.6788 0.3181 0.0000 0.8171
0.5043 0.6845 0.3203 0.0000 0.8069
0.5079 0.6884 0.3167 0.0000 0.8314
0.5028 0.6763 0.3181 0.0000 0.8093
0.5085 0.6934 0.3133 0.0000 0.8305
0.5080 0.6898 0.3146 0.0000 0.8262
0.5078 0.6882 0.3117 0.0000 0.8318
0.5076 0.6899 0.3115 0.0000 0.8375
0.5091 0.6925 0.3129 0.0000 0.8392
0.5056 0.6810 0.3173 0.0000 0.8241
0.5053 0.6819 0.3174 0.0000 0.8258
0.5039 0.6767 0.3163 0.0000 0.8124
0.5096 0.6940 0.3101 0.0000 0.8367
0.5079 0.6874 0.3172 0.0000 0.8374
0.5086 0.6931 0.3174 0.0000 0.8384
0.5066 0.6869 0.3162 0.0000 0.8278
0.5083 0.6919 0.3159 0.0000 0.8361
0.5068 0.6868 0.3188 0.0000 0.8336
0.5062 0.6885 0.3123 0.0000 0.8217
0.5045 0.6858 0.3119 0.0000 0.8137
0.5005 0.6712 0.3207 0.0000 0.8002
0.5080 0.6921 0.3129 0.0000 0.8297
0.5060 0.6903 0.3152 0.0000 0.8199
0.5063 0.6862 0.3172 0.0000 0.8354
0.5014 0.6726 0.3215 0.0000 0.8078
0.5007 0.6731 0.3216 0.0000 0.8070
0.5068 0.6912 0.3181 0.0000 0.8392
0.5021 0.6758 0.3217 0.0000 0.8276
0.5038 0.6816 0.3177 0.0000 0.8206
0.5003 0.6732 0.3199 0.0000 0.8096
0.5044 0.6836 0.3194 0.0000 0.8094
0.5051 0.6888 0.3219 0.0000 0.8148
0.5060 0.6866 0.3199 0.0000 0.8235
0.5034 0.6814 0.3174 0.0000 0.8069
0.5070 0.6910 0.3146 0.0000 0.8245
0.4994 0.6669 0.3203 0.0000 0.8138
0.5063 0.6892 0.3179 0.0000 0.8170
0.5019 0.6751 0.3187 0.0000 0.8038
0.5045 0.6805 0.3177 0.0000 0.8100
0.5068 0.6875 0.3130 0.0000 0.8154
0.5099 0.6969 0.3088 0.0000 0.8331
0.5101 0.6956 0.3089 0.0000 0.8346
0.5075 0.6866 0.3132 0.0000 0.8277
0.5076 0.6907 0.3113 0.0000 0.8342
0.5094 0.6933 0.3152 0.0000 0.8311
0.5037 0.6792 0.3182 0.0000 0.8097
0.5082 0.6924 0.3166 0.0000 0.8258
0.5003 0.6702 0.3230 0.0000 0.8006
0.5090 0.6922 0.3183 0.0000 0.8399
0.5078 0.6890 0.3177 0.0000 0.8252
0.5088 0.6907 0.3160 0.0000 0.8307
0.5080 0.6901 0.3154 0.0000 0.8347
0.5081 0.6902 0.3193 0.0000 0.8521
0.5072 0.6904 0.3158 0.0000 0.8284
0.5022 0.6787 0.3224 0.0000 0.8098
0.5013 0.6745 0.3252 0.0000 0.8027
0.5030 0.6806 0.3251 0.0000 0.8045
0.5039 0.6831 0.3229 0.0000 0.8188
0.5045 0.6845 0.3253 0.0000 0.8328
0.5097 0.6978 0.3153 0.0000 0.8511
0.5098 0.6993 0.3166 0.0000 0.8480
0.5086 0.6928 0.3149 0.0000 0.8332
0.5078 0.6951 0.3170 0.0000 0.8255
0.5081 0.6918 0.3168 0.0000 0.8359
0.5104 0.6988 0.3116 0.0000 0.8505
0.5084 0.6926 0.3153 0.0000 0.8304
0.5077 0.6884 0.3138 0.0000 0.8192
0.5137 0.7064 0.3135 0.0000 0.8541
0.5108 0.6981 0.3129 0.0000 0.8408
0.5085 0.6958 0.3123 0.0000 0.8233
0.5099 0.6947 0.3121 0.0000 0.8328
0.4998 0.6668 0.3124 0.0000 0.7984
0.5015 0.6731 0.3138 0.0000 0.7981
0.5105 0.6986 0.3145 0.0000 0.8220
0.5084 0.6898 0.3119 0.0000 0.8302
0.5049 0.6806 0.3134 0.0000 0.8189
0.5085 0.6906 0.3105 0.0000 0.8335
0.5063 0.6872 0.3108 0.0000 0.8159
0.5105 0.6992 0.3126 0.0000 0.8363
0.5010 0.6708 0.3143 0.0000 0.7948
0.5052 0.6832 0.3115 0.0000 0.8093
0.5075 0.6880 0.3138 0.0000 0.8164
0.5068 0.6847 0.3137 0.0000 0.8256
0.5077 0.6901 0.3115 0.0000 0.8201
0.5062 0.6859 0.3123 0.0000 0.8072
0.5074 0.6882 0.3063 0.0000 0.8222
0.5128 0.7028 0.3113 0.0000 0.8564
0.5133 0.7026 0.3115 0.0000 0.8454
0.5105 0.6941 0.3114 0.0000 0.8462
0.5100 0.6957 0.3139 0.0000 0.8330
0.5048 0.6819 0.3127 0.0000 0.8048
0.5100 0.6944 0.3173 0.0000 0.8288
0.5053 0.6833 0.3112 0.0000 0.8080
0.5080 0.6874 0.3134 0.0000 0.8250
0.5088 0.6912 0.3164 0.0000 0.8222
0.5075 0.6865 0.3118 0.0000 0.8392
0.5106 0.6927 0.3116 0.0000 0.8341
0.5076 0.6879 0.3074 0.0000 0.8196
0.5082 0.6855 0.3132 0.0000 0.8251
0.5074 0.6879 0.3119 0.0000 0.8163
0.5077 0.6865 0.3145 0.0000 0.8179
0.5102 0.6920 0.3125 0.0000 0.8347
0.5072 0.6880 0.3139 0.0000 0.8150
0.5089 0.6887 0.3140 0.0000 0.8283
0.5050 0.6791 0.3135 0.0000 0.8111
0.5082 0.6902 0.3084 0.0000 0.8331
0.5122 0.6982 0.3145 0.0000 0.8444
0.5094 0.6900 0.3173 0.0000 0.8321
0.5008 0.6649 0.3160 0.0000 0.8013
0.5053 0.6788 0.3197 0.0000 0.8199
0.5044 0.6804 0.3210 0.0000 0.8117
0.5036 0.6768 0.3234 0.0000 0.8169
0.5074 0.6891 0.3217 0.0000 0.8283
0.5015 0.6696 0.3201 0.0000 0.7951
0.5040 0.6779 0.3222 0.0000 0.8121
0.5081 0.6892 0.3206 0.0000 0.8350
0.5046 0.6838 0.3199 0.0000 0.8149
0.4994 0.6627 0.3216 0.0000 0.7926
0.5066 0.6893 0.3259 0.0000 0.8277
0.5049 0.6796 0.3202 0.0000 0.8288
0.5042 0.6843 0.3236 0.0000 0.8205
0.5046 0.6852 0.3240 0.0000 0.8239
0.5081 0.6902 0.3206 0.0000 0.8339
0.5082 0.6891 0.3218 0.0000 0.8447
0.5100 0.6957 0.3199 0.0000 0.8564
0.5068 0.6861 0.3189 0.0000 0.8292
0.5031 0.6744 0.3212 0.0000 0.8197
0.5011 0.6679 0.3225 0.0000 0.8056
0.5036 0.6763 0.3199 0.0000 0.8200
0.5033 0.6812 0.3211 0.0000 0.8179
0.4973 0.6541 0.3210 0.0000 0.7929
0.5037 0.6780 0.3221 0.0000 0.8291
0.5076 0.6863 0.3196 0.0000 0.8392
0.5051 0.6807 0.3202 0.0000 0.8237
0.5012 0.6683 0.3213 0.0000 0.8109
