0.8058 1.1754 0.3846 0.0003 16.4721
0.7884 1.1358 0.4498 0.0000 5.7063
0.8059 1.1776 0.3864 0.0002 5.0431
0.7725 1.1118 0.4783 0.0000 1.6589
0.7780 1.1221 0.4647 0.0000 2.4584
0.7687 1.1132 0.4801 0.0000 2.2272
0.7813 1.1324 0.4663 0.0000 2.0322
0.7730 1.1281 0.4654 0.0000 2.3455
0.7804 1.1395 0.4542 0.0000 5.2698
0.7866 1.1441 0.4618 0.0000 1.7955
0.7857 1.1410 0.4584 0.0000 1.9836
0.7859 1.1422 0.4588 0.0000 1.9199
0.8006 1.1612 0.4049 0.0001 1.4387
0.7886 1.1407 0.4572 0.0000 4.2803
0.7913 1.1552 0.4161 0.0001 1.3434
0.8015 1.1568 0.4123 0.0001 1.4616
0.7742 1.1377 0.4616 0.0000 2.7604
0.7969 1.1634 0.4011 0.0001 1.3620
0.8001 1.1617 0.4030 0.0001 1.3462
0.8010 1.1552 0.4087 0.0001 1.3682
0.7965 1.1697 0.3929 0.0002 8.4171
0.7987 1.1601 0.4215 0.0001 32.5685
0.7758 1.1311 0.4671 0.0000 15.0084
0.8061 1.1620 0.3961 0.0002 1.3864
0.8031 1.1654 0.3914 0.0002 1.3642
0.7943 1.1516 0.4193 0.0001 24.7530
0.7986 1.1616 0.4004 0.0001 1.3850
0.7903 1.1589 0.4170 0.0001 1.3438
0.7654 1.1261 0.4879 0.0000 1.3479
0.8084 1.1735 0.3877 0.0002 1.3607
0.8138 1.1690 0.3838 0.0003 1.3853
0.8157 1.1629 0.3918 0.0002 1.3505
0.8196 1.1655 0.3866 0.0002 1.3888
0.8200 1.1627 0.3909 0.0002 1.3841
0.8261 1.1648 0.3895 0.0002 1.3359
0.8298 1.1596 0.3979 0.0001 1.3478
0.8345 1.1476 0.4199 0.0001 1.3963
0.8214 1.1411 0.4287 0.0000 1.3603
0.8239 1.1461 0.4209 0.0001 1.4081
0.8284 1.1508 0.4127 0.0001 1.3604
0.8193 1.1449 0.4218 0.0001 1.3523
0.8255 1.1479 0.4177 0.0001 1.3619
0.8248 1.1483 0.4164 0.0001 1.3449
0.8243 1.1500 0.4134 0.0001 1.3422
0.8024 1.1277 0.4507 0.0000 1.3368
0.8323 1.1613 0.3934 0.0002 1.3687
0.8035 1.1213 0.4688 0.0000 1.3225
0.8211 1.1571 0.4007 0.0001 1.3330
0.8207 1.1365 0.4364 0.0000 1.3416
0.8402 1.1635 0.3908 0.0002 1.3476
0.8339 1.1573 0.4013 0.0001 1.3348
0.8365 1.1571 0.4016 0.0001 1.3426
0.8415 1.1582 0.4024 0.0001 1.3641
0.8465 1.1585 0.4052 0.0001 1.3499
0.8446 1.1564 0.4060 0.0001 1.3393
0.8479 1.1495 0.4200 0.0001 1.3298
0.8533 1.1519 0.4256 0.0000 1.3400
0.8168 1.1155 0.4701 0.0000 1.3189
0.8041 1.1019 0.4928 0.0000 1.2980
0.8467 1.1515 0.4193 0.0001 1.3307
0.8384 1.1465 0.4220 0.0001 1.3247
0.8362 1.1470 0.4211 0.0001 1.3435
0.8364 1.1505 0.4139 0.0001 1.3592
0.8369 1.1516 0.4123 0.0001 1.3463
0.8353 1.1504 0.4147 0.0001 1.3333
0.8319 1.1496 0.4148 0.0001 1.3348
0.8228 1.1330 0.4421 0.0000 1.3283
0.7984 1.1084 0.4837 0.0000 1.3058
0.8387 1.1474 0.4188 0.0001 1.3427
0.8380 1.1464 0.4224 0.0001 1.3286
0.7924 1.1002 0.4955 0.0000 1.2871
0.8316 1.1415 0.4283 0.0000 1.3170
0.8323 1.1445 0.4239 0.0000 1.3610
0.8306 1.1422 0.4275 0.0000 1.3407
0.8231 1.1368 0.4357 0.0000 1.3432
0.8331 1.1465 0.4214 0.0001 1.3247
0.7855 1.0929 0.5092 0.0000 1.3071
0.7827 1.0910 0.5111 0.0000 1.2980
0.8281 1.1416 0.4286 0.0000 1.3332
0.8058 1.1146 0.4750 0.0000 1.3186
0.7878 1.0961 0.5048 0.0000 1.3014
0.7872 1.0944 0.5039 0.0000 1.3216
0.7989 1.1048 0.4954 0.0000 1.2993
0.7899 1.1016 0.4997 0.0000 3.4801
0.8315 1.1412 0.4321 0.0000 1.3306
0.8339 1.1480 0.4204 0.0001 1.3280
0.8233 1.1369 0.4360 0.0000 1.3277
0.8363 1.1522 0.4150 0.0001 1.3415
0.7964 1.1005 0.4967 0.0000 1.3092
0.8328 1.1428 0.4321 0.0000 1.3407
0.8342 1.1437 0.4316 0.0000 1.3300
0.7854 1.0908 0.5127 0.0000 1.2998
0.8003 1.1069 0.4841 0.0000 1.3013
0.8067 1.1134 0.4735 0.0000 1.3043
0.8281 1.1424 0.4279 0.0000 1.3067
0.8198 1.1317 0.4443 0.0000 1.3288
0.8293 1.1417 0.4324 0.0000 1.3228
0.8228 1.1388 0.4344 0.0000 1.3451
0.8227 1.1385 0.4353 0.0000 1.3164
0.7843 1.0876 0.5173 0.0000 1.2937
0.8119 1.1255 0.4561 0.0000 1.3109
0.8094 1.1242 0.4586 0.0000 1.3100
0.7750 1.0773 0.5362 0.0000 1.2703
0.8156 1.1230 0.4603 0.0000 1.2963
0.7721 1.0742 0.5347 0.0000 1.2862
0.7674 1.0701 0.5410 0.0000 1.2821
0.8183 1.1275 0.4535 0.0000 1.2927
0.8108 1.1236 0.4572 0.0000 1.3004
0.7996 1.1123 0.4749 0.0000 1.3079
0.8181 1.1338 0.4422 0.0000 1.2914
0.8282 1.1439 0.4265 0.0000 1.3057
0.8183 1.1332 0.4422 0.0000 1.3068
0.8257 1.1410 0.4307 0.0000 1.3041
0.8201 1.1373 0.4352 0.0000 1.3070
0.8210 1.1359 0.4386 0.0000 1.3069
0.8291 1.1443 0.4271 0.0000 1.3067
0.8156 1.1317 0.4443 0.0000 1.3049
0.7958 1.1039 0.4890 0.0000 1.3139
0.8202 1.1336 0.4413 0.0000 1.3347
0.8170 1.1349 0.4393 0.0000 1.3090
0.8190 1.1382 0.4347 0.0000 1.3092
0.8129 1.1334 0.4419 0.0000 1.3057
0.8011 1.1149 0.4715 0.0000 1.3032
0.8108 1.1309 0.4468 0.0000 1.3041
0.8224 1.1437 0.4252 0.0000 1.3051
0.7851 1.0975 0.5033 0.0000 1.2775
0.8145 1.1348 0.4390 0.0000 1.3058
0.8205 1.1391 0.4328 0.0000 1.3062
0.8139 1.1338 0.4408 0.0000 1.3034
0.8248 1.1411 0.4348 0.0000 1.3093
0.8140 1.1322 0.4448 0.0000 1.2937
0.8107 1.1283 0.4517 0.0000 1.2940
0.7870 1.0960 0.5070 0.0000 1.2837
0.8106 1.1291 0.4502 0.0000 1.2906
0.7900 1.1030 0.4960 0.0000 1.2682
0.8141 1.1354 0.4385 0.0000 1.2917
0.8119 1.1302 0.4499 0.0000 1.2878
0.8148 1.1307 0.4488 0.0000 1.2902
0.8136 1.1359 0.4371 0.0000 1.3179
0.7946 1.1090 0.4796 0.0000 1.2956
0.8182 1.1392 0.4326 0.0000 1.3163
0.8196 1.1407 0.4304 0.0000 1.2977
0.8147 1.1338 0.4424 0.0000 1.2953
0.8129 1.1301 0.4485 0.0000 1.2938
0.8087 1.1272 0.4517 0.0000 1.2936
0.7941 1.1054 0.4911 0.0000 1.2859
0.7942 1.1037 0.4912 0.0000 1.2935
0.8121 1.1274 0.4530 0.0000 1.2939
0.8095 1.1276 0.4502 0.0000 1.3004
0.8089 1.1282 0.4499 0.0000 1.2895
0.8105 1.1281 0.4507 0.0000 1.2908
0.8095 1.1327 0.4424 0.0000 1.2991
0.7918 1.1062 0.4880 0.0000 1.2967
0.8077 1.1274 0.4520 0.0000 1.2911
0.7866 1.1018 0.4959 0.0000 1.2842
0.8062 1.1267 0.4533 0.0000 1.2908
0.8014 1.1233 0.4583 0.0000 1.2884
0.8060 1.1230 0.4588 0.0000 1.3224
0.8038 1.1215 0.4615 0.0000 1.2911
0.8066 1.1252 0.4557 0.0000 1.3219
0.8073 1.1259 0.4545 0.0000 1.3244
0.7752 1.0900 0.5143 0.0000 1.2875
0.8016 1.1189 0.4667 0.0000 1.2860
0.7851 1.0926 0.5092 0.0000 1.2867
0.8047 1.1248 0.4556 0.0000 1.3038
0.8083 1.1277 0.4509 0.0000 1.3110
0.7987 1.1153 0.4729 0.0000 1.2875
0.8056 1.1226 0.4605 0.0000 1.2859
0.7995 1.1174 0.4685 0.0000 1.2844
0.8010 1.1188 0.4664 0.0000 1.2851
0.8053 1.1226 0.4600 0.0000 1.3020
0.8105 1.1281 0.4529 0.0000 1.3275
0.8035 1.1229 0.4594 0.0000 1.2846
0.8138 1.1337 0.4418 0.0000 1.3219
0.7929 1.1066 0.4867 0.0000 1.2868
0.8116 1.1314 0.4469 0.0000 1.3249
0.8125 1.1346 0.4404 0.0000 1.2860
0.8054 1.1264 0.4540 0.0000 1.2859
0.8058 1.1252 0.4563 0.0000 1.2831
0.7915 1.1068 0.4895 0.0000 1.2946
0.8009 1.1237 0.4599 0.0000 1.2904
0.7913 1.1093 0.4844 0.0000 1.3024
0.7999 1.1232 0.4598 0.0000 1.2810
0.8019 1.1269 0.4529 0.0000 1.2970
0.7964 1.1186 0.4688 0.0000 1.2817
0.7993 1.1207 0.4653 0.0000 1.2810
0.8040 1.1293 0.4498 0.0000 1.3262
0.8110 1.1328 0.4447 0.0000 1.3172
0.8057 1.1269 0.4568 0.0000 1.2858
0.7957 1.1174 0.4716 0.0000 1.2770
0.7970 1.1187 0.4702 0.0000 1.2765
0.7858 1.1036 0.4958 0.0000 1.2947
0.7934 1.1168 0.4723 0.0000 1.2621
0.7925 1.1132 0.4794 0.0000 1.2747
0.7936 1.1162 0.4734 0.0000 1.2695
0.7998 1.1246 0.4573 0.0000 1.2759
0.7955 1.1190 0.4688 0.0000 1.2726
0.7967 1.1145 0.4765 0.0000 1.2617
0.7993 1.1148 0.4711 0.0000 1.3278
0.7972 1.1103 0.4839 0.0000 1.2588
0.7969 1.1107 0.4807 0.0000 1.2758
0.7973 1.1128 0.4770 0.0000 1.2703
0.8000 1.1152 0.4761 0.0000 1.2833
0.7987 1.1162 0.4714 0.0000 1.2864
0.7933 1.1108 0.4812 0.0000 1.2849
0.7991 1.1166 0.4710 0.0000 1.2866
0.7966 1.1146 0.4744 0.0000 1.2865
0.7894 1.1047 0.4870 0.0000 1.2897
0.7908 1.1094 0.4840 0.0000 1.2687
0.8035 1.1222 0.4622 0.0000 1.2791
0.7874 1.1073 0.4855 0.0000 1.2594
0.8031 1.1228 0.4601 0.0000 1.2781
0.7933 1.1123 0.4786 0.0000 1.2616
0.7904 1.1093 0.4848 0.0000 1.2589
0.7964 1.1163 0.4712 0.0000 1.2594
0.7962 1.1152 0.4742 0.0000 1.2601
0.7956 1.1140 0.4761 0.0000 1.2594
0.7991 1.1171 0.4706 0.0000 1.2612
0.7974 1.1183 0.4668 0.0000 1.2601
0.7907 1.1102 0.4825 0.0000 1.2619
0.7872 1.1061 0.4844 0.0000 1.2802
0.7922 1.1054 0.4892 0.0000 1.2576
0.7924 1.1062 0.4872 0.0000 1.2679
0.7943 1.1069 0.4877 0.0000 1.2582
0.7958 1.1097 0.4823 0.0000 1.2623
0.7973 1.1153 0.4723 0.0000 1.2796
0.7981 1.1166 0.4705 0.0000 1.2628
0.7941 1.1122 0.4792 0.0000 1.2610
0.7979 1.1148 0.4749 0.0000 1.2639
0.7929 1.1101 0.4812 0.0000 1.2627
0.8007 1.1224 0.4601 0.0000 1.2991
0.7929 1.1114 0.4795 0.0000 1.2624
0.7944 1.1134 0.4760 0.0000 1.2806
0.7955 1.1144 0.4740 0.0000 1.2646
0.7926 1.1128 0.4767 0.0000 1.2641
0.7941 1.1134 0.4767 0.0000 1.2649
0.8039 1.1228 0.4598 0.0000 1.2688
0.7967 1.1137 0.4760 0.0000 1.2653
0.7997 1.1167 0.4706 0.0000 1.2661
0.7991 1.1171 0.4696 0.0000 1.2659
0.7971 1.1172 0.4684 0.0000 1.2701
0.7947 1.1138 0.4753 0.0000 1.2662
0.7979 1.1165 0.4716 0.0000 1.2904
0.7980 1.1203 0.4639 0.0000 1.2847
0.7988 1.1189 0.4672 0.0000 1.2869
0.7993 1.1194 0.4645 0.0000 1.2913
0.7989 1.1194 0.4644 0.0000 1.2918
0.7989 1.1211 0.4610 0.0000 1.2669
0.8001 1.1236 0.4567 0.0000 1.2889
0.7965 1.1164 0.4698 0.0000 1.2839
0.8013 1.1199 0.4667 0.0000 1.2952
0.7994 1.1210 0.4619 0.0000 1.2691
0.7990 1.1209 0.4616 0.0000 1.2879
0.7988 1.1199 0.4644 0.0000 1.2783
0.7938 1.1111 0.4776 0.0000 1.2897
0.7960 1.1148 0.4742 0.0000 1.2915
0.7952 1.1126 0.4792 0.0000 1.2920
0.7907 1.1091 0.4831 0.0000 1.2821
0.7944 1.1131 0.4783 0.0000 1.2913
0.7982 1.1168 0.4725 0.0000 1.2937
0.7991 1.1194 0.4667 0.0000 1.2937
0.7928 1.1112 0.4809 0.0000 1.2942
0.7892 1.1106 0.4787 0.0000 1.2808
0.7922 1.1114 0.4796 0.0000 1.2918
0.7796 1.0953 0.5013 0.0000 1.2784
0.8006 1.1207 0.4650 0.0000 1.2945
0.8018 1.1244 0.4572 0.0000 1.2843
0.7867 1.0947 0.5158 0.0000 1.2711
0.7982 1.1143 0.4741 0.0000 1.2910
0.7954 1.1150 0.4720 0.0000 1.2797
0.7964 1.1169 0.4698 0.0000 1.2913
0.8018 1.1225 0.4632 0.0000 1.3010
0.7977 1.1187 0.4678 0.0000 1.2960
0.7980 1.1178 0.4712 0.0000 1.2988
0.7989 1.1224 0.4599 0.0000 1.2989
0.7976 1.1223 0.4595 0.0000 1.2960
0.7987 1.1242 0.4565 0.0000 1.2954
0.7906 1.1128 0.4782 0.0000 1.2935
0.7963 1.1180 0.4692 0.0000 1.2701
0.7935 1.1149 0.4740 0.0000 1.2640
0.7965 1.1194 0.4658 0.0000 1.2949
0.7990 1.1247 0.4558 0.0000 1.2953
0.7969 1.1192 0.4674 0.0000 1.2989
0.7989 1.1237 0.4584 0.0000 1.2915
0.7963 1.1235 0.4571 0.0000 1.2999
0.7981 1.1246 0.4567 0.0000 1.2913
0.7950 1.1153 0.4792 0.0000 1.3131
0.7953 1.1193 0.4661 0.0000 1.2718
0.7939 1.1215 0.4607 0.0000 1.2804
0.8019 1.1318 0.4443 0.0000 1.3003
0.7943 1.1179 0.4698 0.0000 1.2657
0.7907 1.1153 0.4732 0.0000 1.2632
0.7914 1.1157 0.4757 0.0000 1.2659
0.8033 1.1287 0.4514 0.0000 1.3114
0.7968 1.1227 0.4601 0.0000 1.2726
0.7976 1.1219 0.4625 0.0000 1.2840
0.7933 1.1185 0.4684 0.0000 1.2684
0.7946 1.1226 0.4600 0.0000 1.2924
0.7919 1.1168 0.4724 0.0000 1.2710
0.7947 1.1211 0.4634 0.0000 1.2967
0.7976 1.1232 0.4608 0.0000 1.2971
0.7948 1.1244 0.4569 0.0000 1.2938
0.7960 1.1249 0.4556 0.0000 1.2970
0.7942 1.1236 0.4584 0.0000 1.2964
0.7971 1.1243 0.4600 0.0000 1.2827
0.7978 1.1294 0.4483 0.0000 1.2964
0.7932 1.1221 0.4618 0.0000 1.2956
0.7929 1.1238 0.4580 0.0000 1.2815
0.7946 1.1217 0.4647 0.0000 1.2681
0.7900 1.1189 0.4670 0.0000 1.2658
0.7928 1.1188 0.4698 0.0000 1.2679
0.7975 1.1242 0.4634 0.0000 1.2984
0.7906 1.1184 0.4701 0.0000 1.2971
0.7962 1.1244 0.4593 0.0000 1.2960
0.7995 1.1309 0.4468 0.0000 1.2909
0.7939 1.1219 0.4630 0.0000 1.2693
0.7922 1.1192 0.4675 0.0000 1.2625
0.7902 1.1169 0.4720 0.0000 1.2676
0.7931 1.1207 0.4641 0.0000 1.2683
0.7978 1.1313 0.4456 0.0000 1.2972
0.7959 1.1244 0.4606 0.0000 1.2764
0.7979 1.1276 0.4536 0.0000 1.2737
0.7988 1.1327 0.4431 0.0000 1.2955
0.7994 1.1333 0.4424 0.0000 1.2954
0.7985 1.1285 0.4537 0.0000 1.2956
0.7959 1.1272 0.4531 0.0000 1.2713
0.7926 1.1232 0.4599 0.0000 1.2701
0.7990 1.1336 0.4423 0.0000 1.2952
0.7821 1.1092 0.4874 0.0000 1.2750
0.7934 1.1239 0.4616 0.0000 1.2715
0.7962 1.1285 0.4522 0.0000 1.2704
0.7944 1.1256 0.4588 0.0000 1.2706
0.7836 1.1112 0.4852 0.0000 1.2784
0.7961 1.1295 0.4493 0.0000 1.2970
0.7954 1.1282 0.4525 0.0000 1.2745
0.7911 1.1229 0.4623 0.0000 1.2738
0.7925 1.1262 0.4535 0.0000 1.2906
0.7954 1.1280 0.4527 0.0000 1.2750
0.7959 1.1322 0.4441 0.0000 1.2996
0.7807 1.1082 0.4919 0.0000 1.2797
0.8010 1.1358 0.4391 0.0000 1.3050
0.8013 1.1355 0.4403 0.0000 1.3002
0.7863 1.1178 0.4685 0.0000 1.2866
0.7969 1.1310 0.4476 0.0000 1.2792
0.7998 1.1339 0.4430 0.0000 1.2804
0.7928 1.1278 0.4514 0.0000 1.2929
0.8031 1.1409 0.4306 0.0000 1.3021
0.7980 1.1333 0.4454 0.0000 1.2825
0.8033 1.1401 0.4316 0.0000 1.3024
0.8046 1.1380 0.4377 0.0000 1.2879
0.8014 1.1343 0.4438 0.0000 1.2969
0.8011 1.1357 0.4397 0.0000 1.3056
0.7970 1.1297 0.4523 0.0000 1.2815
0.7960 1.1281 0.4523 0.0000 1.2937
0.8004 1.1360 0.4380 0.0000 1.2929
0.8050 1.1404 0.4313 0.0000 1.2981
0.8022 1.1386 0.4333 0.0000 1.3042
0.8036 1.1379 0.4356 0.0000 1.2866
0.8092 1.1432 0.4280 0.0000 1.3034
0.8065 1.1425 0.4277 0.0000 1.3077
0.7922 1.1200 0.4682 0.0000 1.2925
0.8003 1.1330 0.4437 0.0000 1.2812
0.7998 1.1300 0.4505 0.0000 1.2797
0.8041 1.1355 0.4399 0.0000 1.2987
0.7956 1.1191 0.4713 0.0000 1.2933
0.8019 1.1302 0.4498 0.0000 1.2822
0.8036 1.1313 0.4492 0.0000 1.2837
0.8026 1.1354 0.4401 0.0000 1.2915
0.8034 1.1356 0.4408 0.0000 1.3054
0.8020 1.1350 0.4402 0.0000 1.2974
0.7837 1.1052 0.5006 0.0000 1.2811
0.7986 1.1280 0.4534 0.0000 1.2788
0.7903 1.1155 0.4747 0.0000 1.2872
0.8044 1.1371 0.4380 0.0000 1.3027
0.7993 1.1289 0.4512 0.0000 1.2773
0.7984 1.1277 0.4530 0.0000 1.2771
0.7969 1.1255 0.4570 0.0000 1.2746
0.7994 1.1315 0.4457 0.0000 1.2767
0.7986 1.1339 0.4405 0.0000 1.2739
0.7978 1.1262 0.4574 0.0000 1.2739
0.8018 1.1344 0.4401 0.0000 1.2770
0.8013 1.1343 0.4399 0.0000 1.2997
0.7987 1.1302 0.4471 0.0000 1.2851
0.7910 1.1185 0.4671 0.0000 1.2880
0.7859 1.1098 0.4843 0.0000 1.2791
0.8029 1.1386 0.4331 0.0000 1.3033
0.8013 1.1364 0.4365 0.0000 1.2970
0.7961 1.1290 0.4492 0.0000 1.2713
0.7845 1.1105 0.4836 0.0000 1.2783
0.7971 1.1319 0.4443 0.0000 1.2741
0.7950 1.1282 0.4507 0.0000 1.2743
0.7996 1.1332 0.4427 0.0000 1.2780
0.7959 1.1287 0.4499 0.0000 1.2769
0.7986 1.1315 0.4454 0.0000 1.2985
0.7989 1.1324 0.4438 0.0000 1.2796
0.7845 1.1111 0.4803 0.0000 1.2732
0.7979 1.1317 0.4449 0.0000 1.2880
0.8029 1.1388 0.4332 0.0000 1.3016
0.7992 1.1344 0.4397 0.0000 1.3016
0.7976 1.1346 0.4393 0.0000 1.2871
0.8005 1.1369 0.4356 0.0000 1.3038
0.8003 1.1357 0.4380 0.0000 1.2992
0.7900 1.1222 0.4594 0.0000 1.2903
0.7886 1.1176 0.4689 0.0000 1.2885
0.7894 1.1189 0.4664 0.0000 1.2890
0.8031 1.1374 0.4365 0.0000 1.2954
0.8018 1.1373 0.4360 0.0000 1.3033
0.7987 1.1313 0.4473 0.0000 1.2982
0.7956 1.1263 0.4548 0.0000 1.3000
0.7940 1.1221 0.4639 0.0000 1.2941
0.8008 1.1365 0.4380 0.0000 1.3007
0.7925 1.1196 0.4681 0.0000 1.2833
0.7902 1.1237 0.4579 0.0000 1.2922
0.7978 1.1299 0.4482 0.0000 1.2975
0.8047 1.1400 0.4318 0.0000 1.3028
0.8001 1.1319 0.4447 0.0000 1.2905
0.7971 1.1270 0.4523 0.0000 1.2889
0.8036 1.1395 0.4322 0.0000 1.3038
0.8088 1.1401 0.4338 0.0000 1.3099
0.7975 1.1247 0.4579 0.0000 1.2902
0.7957 1.1233 0.4592 0.0000 1.2889
0.7937 1.1228 0.4596 0.0000 1.2942
0.8003 1.1343 0.4405 0.0000 1.2932
0.8052 1.1389 0.4336 0.0000 1.3039
0.8100 1.1469 0.4209 0.0001 1.3071
0.8029 1.1338 0.4419 0.0000 1.3013
0.7988 1.1298 0.4483 0.0000 1.2942
0.7896 1.1123 0.4798 0.0000 1.2956
0.7967 1.1296 0.4475 0.0000 1.2864
0.7950 1.1248 0.4557 0.0000 1.2814
0.7982 1.1291 0.4488 0.0000 1.2850
0.8036 1.1402 0.4308 0.0000 1.3056
0.8073 1.1395 0.4348 0.0000 1.3069
0.7986 1.1326 0.4432 0.0000 1.3097
0.8066 1.1432 0.4270 0.0000 1.3140
0.7983 1.1294 0.4500 0.0000 1.3069
0.7938 1.1242 0.4590 0.0000 1.2911
0.7986 1.1279 0.4544 0.0000 1.3058
0.8029 1.1334 0.4449 0.0000 1.3046
0.7972 1.1288 0.4509 0.0000 1.3039
0.7991 1.1317 0.4458 0.0000 1.2816
0.8036 1.1336 0.4438 0.0000 1.3154
0.7997 1.1303 0.4491 0.0000 1.2803
0.7973 1.1236 0.4629 0.0000 1.2954
0.8034 1.1369 0.4373 0.0000 1.3016
0.8023 1.1331 0.4455 0.0000 1.3035
0.8029 1.1344 0.4430 0.0000 1.3009
0.8061 1.1396 0.4338 0.0000 1.2913
0.8054 1.1374 0.4372 0.0000 1.3089
0.8011 1.1355 0.4399 0.0000 1.2967
0.8051 1.1413 0.4302 0.0000 1.3063
0.8058 1.1397 0.4331 0.0000 1.3098
0.8102 1.1421 0.4314 0.0000 1.3166
0.8046 1.1370 0.4382 0.0000 1.3006
0.8011 1.1277 0.4554 0.0000 1.2952
0.8073 1.1414 0.4306 0.0000 1.3153
0.8052 1.1375 0.4369 0.0000 1.3057
0.8022 1.1282 0.4531 0.0000 1.3163
0.8023 1.1326 0.4441 0.0000 1.2931
0.8034 1.1363 0.4380 0.0000 1.3007
0.8060 1.1390 0.4341 0.0000 1.3147
0.8057 1.1390 0.4343 0.0000 1.3166
0.7903 1.1125 0.4822 0.0000 1.2941
0.7914 1.1154 0.4746 0.0000 1.2950
0.7982 1.1284 0.4511 0.0000 1.2930
0.8035 1.1368 0.4368 0.0000 1.3029
0.8045 1.1383 0.4342 0.0000 1.3140
0.8075 1.1436 0.4262 0.0000 1.3134
0.8005 1.1301 0.4484 0.0000 1.2933
0.7978 1.1303 0.4471 0.0000 1.2930
0.8030 1.1398 0.4323 0.0000 1.2995
0.8006 1.1383 0.4344 0.0000 1.3100
0.8016 1.1380 0.4353 0.0000 1.2996
0.8007 1.1380 0.4352 0.0000 1.2973
0.7983 1.1341 0.4411 0.0000 1.2864
0.7992 1.1354 0.4384 0.0000 1.2969
0.8050 1.1435 0.4264 0.0000 1.3101
0.7944 1.1279 0.4502 0.0000 1.2874
0.7943 1.1279 0.4505 0.0000 1.2805
0.8030 1.1408 0.4312 0.0000 1.2973
0.7986 1.1349 0.4394 0.0000 1.2973
0.7997 1.1327 0.4435 0.0000 1.3126
0.7994 1.1369 0.4367 0.0000 1.2967
0.7963 1.1251 0.4556 0.0000 1.2971
0.7902 1.1219 0.4595 0.0000 1.2823
0.7984 1.1378 0.4352 0.0000 1.2962
0.7903 1.1203 0.4619 0.0000 1.2937
0.7904 1.1229 0.4578 0.0000 1.2943
0.7893 1.1208 0.4609 0.0000 1.2794
0.7973 1.1287 0.4488 0.0000 1.2993
0.7933 1.1270 0.4512 0.0000 1.2710
0.7869 1.1157 0.4688 0.0000 1.2876
0.7947 1.1307 0.4459 0.0000 1.2741
0.7952 1.1263 0.4525 0.0000 1.2969
0.7822 1.1025 0.4919 0.0000 1.2869
0.7921 1.1211 0.4606 0.0000 1.2781
0.7990 1.1361 0.4377 0.0000 1.2925
0.8023 1.1408 0.4314 0.0000 1.2937
0.7946 1.1230 0.4578 0.0000 1.2911
0.7927 1.1252 0.4541 0.0000 1.2688
0.7949 1.1232 0.4576 0.0000 1.2923
0.7817 1.1061 0.4835 0.0000 1.2817
0.7772 1.1016 0.4901 0.0000 1.2734
0.7983 1.1357 0.4391 0.0000 1.2910
0.7908 1.1227 0.4578 0.0000 1.2754
0.7927 1.1274 0.4508 0.0000 1.2808
0.8006 1.1410 0.4310 0.0000 1.2937
0.7955 1.1321 0.4436 0.0000 1.2807
0.7934 1.1267 0.4516 0.0000 1.2713
0.7863 1.1175 0.4658 0.0000 1.2679
0.7954 1.1286 0.4486 0.0000 1.2953
0.7911 1.1203 0.4616 0.0000 1.2870
0.7934 1.1262 0.4523 0.0000 1.2926
0.7945 1.1261 0.4526 0.0000 1.2693
0.7900 1.1223 0.4585 0.0000 1.2763
0.7952 1.1346 0.4413 0.0000 1.2982
0.7983 1.1370 0.4359 0.0000 1.2933
0.7907 1.1214 0.4599 0.0000 1.2727
0.8000 1.1399 0.4315 0.0000 1.2957
0.7999 1.1408 0.4314 0.0000 1.2923
0.7919 1.1219 0.4592 0.0000 1.2904
0.7942 1.1257 0.4534 0.0000 1.2780
0.7892 1.1192 0.4633 0.0000 1.2715
0.7996 1.1379 0.4355 0.0000 1.2933
0.7866 1.1150 0.4702 0.0000 1.2718
0.7958 1.1325 0.4432 0.0000 1.2944
0.7974 1.1359 0.4381 0.0000 1.2907
0.8004 1.1398 0.4323 0.0000 1.2923
0.7980 1.1338 0.4414 0.0000 1.2895
0.7918 1.1198 0.4631 0.0000 1.2728
0.7993 1.1350 0.4391 0.0000 1.2903
0.7978 1.1261 0.4539 0.0000 1.2821
0.7905 1.1180 0.4656 0.0000 1.2750
0.7919 1.1175 0.4674 0.0000 1.2725
0.7908 1.1169 0.4691 0.0000 1.2645
0.7892 1.1173 0.4667 0.0000 1.2738
0.7879 1.1178 0.4656 0.0000 1.2697
0.7914 1.1158 0.4732 0.0000 1.2737
0.8003 1.1387 0.4338 0.0000 1.2916
0.7984 1.1370 0.4366 0.0000 1.2907
0.7903 1.1197 0.4630 0.0000 1.2686
0.7881 1.1119 0.4761 0.0000 1.2973
0.7898 1.1174 0.4668 0.0000 1.2742
0.7903 1.1188 0.4647 0.0000 1.2883
0.7899 1.1176 0.4663 0.0000 1.2752
0.7973 1.1319 0.4444 0.0000 1.2868
0.7889 1.1165 0.4680 0.0000 1.2737
0.8021 1.1425 0.4286 0.0000 1.2936
0.7861 1.1138 0.4719 0.0000 1.2714
0.7885 1.1190 0.4636 0.0000 1.2737
0.7914 1.1208 0.4611 0.0000 1.2747
0.7916 1.1224 0.4585 0.0000 1.2727
0.7867 1.1158 0.4686 0.0000 1.2748
0.7912 1.1178 0.4667 0.0000 1.2900
0.7863 1.1123 0.4751 0.0000 1.2703
0.7899 1.1161 0.4693 0.0000 1.2762
0.7921 1.1229 0.4577 0.0000 1.2853
0.7883 1.1151 0.4708 0.0000 1.2735
0.7915 1.1294 0.4483 0.0000 1.2766
0.7897 1.1216 0.4600 0.0000 1.2878
0.7961 1.1369 0.4370 0.0000 1.2875
0.7850 1.1160 0.4686 0.0000 1.2737
0.7891 1.1214 0.4605 0.0000 1.2922
0.7854 1.1142 0.4727 0.0000 1.2841
0.7880 1.1191 0.4651 0.0000 1.2881
0.7859 1.1148 0.4740 0.0000 1.2761
0.7836 1.1126 0.4769 0.0000 1.2727
0.7859 1.1184 0.4659 0.0000 1.2831
0.7928 1.1321 0.4441 0.0000 1.2845
0.7885 1.1238 0.4574 0.0000 1.2708
0.7881 1.1213 0.4618 0.0000 1.2833
0.7914 1.1203 0.4662 0.0000 1.2894
0.7923 1.1302 0.4477 0.0000 1.2837
0.7872 1.1232 0.4585 0.0000 1.2810
0.7880 1.1229 0.4587 0.0000 1.2806
0.7892 1.1246 0.4563 0.0000 1.2805
0.7868 1.1175 0.4685 0.0000 1.2710
0.7889 1.1241 0.4571 0.0000 1.2733
0.7856 1.1191 0.4648 0.0000 1.2816
0.7943 1.1346 0.4406 0.0000 1.2849
0.7850 1.1160 0.4704 0.0000 1.2729
0.7840 1.1152 0.4715 0.0000 1.2731
0.7865 1.1199 0.4638 0.0000 1.2764
0.7859 1.1185 0.4662 0.0000 1.2817
0.7936 1.1337 0.4423 0.0000 1.2829
0.7856 1.1184 0.4662 0.0000 1.2664
0.7950 1.1339 0.4416 0.0000 1.2842
0.7955 1.1271 0.4546 0.0000 1.2911
0.7917 1.1226 0.4614 0.0000 1.2859
0.7870 1.1226 0.4598 0.0000 1.2839
0.7872 1.1205 0.4627 0.0000 1.2814
0.7948 1.1328 0.4433 0.0000 1.2863
0.7877 1.1219 0.4607 0.0000 1.2730
0.7842 1.1126 0.4780 0.0000 1.2685
0.7844 1.1131 0.4767 0.0000 1.2729
0.7886 1.1221 0.4606 0.0000 1.2843
0.7901 1.1199 0.4679 0.0000 1.2877
0.7879 1.1170 0.4709 0.0000 1.2832
0.7951 1.1331 0.4432 0.0000 1.2848
0.7923 1.1233 0.4610 0.0000 1.2847
0.7900 1.1229 0.4604 0.0000 1.2798
0.7891 1.1198 0.4671 0.0000 1.2852
0.7856 1.1173 0.4700 0.0000 1.2690
0.7943 1.1330 0.4440 0.0000 1.2840
0.7908 1.1222 0.4639 0.0000 1.2836
0.7910 1.1226 0.4628 0.0000 1.2855
0.7863 1.1181 0.4693 0.0000 1.2701
0.7746 1.1007 0.5000 0.0000 1.2738
0.7863 1.1177 0.4701 0.0000 1.2699
0.7864 1.1178 0.4700 0.0000 1.2809
0.7873 1.1203 0.4654 0.0000 1.2815
0.7932 1.1304 0.4484 0.0000 1.2840
0.7867 1.1185 0.4690 0.0000 1.2780
0.7853 1.1157 0.4749 0.0000 1.2735
0.7900 1.1221 0.4643 0.0000 1.2868
0.7932 1.1317 0.4461 0.0000 1.2858
0.7803 1.1110 0.4811 0.0000 1.2720
0.7894 1.1260 0.4554 0.0000 1.2819
0.7869 1.1191 0.4683 0.0000 1.2834
0.7893 1.1216 0.4642 0.0000 1.2749
0.7912 1.1248 0.4588 0.0000 1.2846
0.7899 1.1205 0.4686 0.0000 1.2835
0.7870 1.1176 0.4716 0.0000 1.2750
0.7923 1.1286 0.4512 0.0000 1.2848
0.7900 1.1220 0.4645 0.0000 1.2874
0.7926 1.1287 0.4514 0.0000 1.2843
0.7894 1.1232 0.4603 0.0000 1.2860
0.7870 1.1183 0.4683 0.0000 1.2750
0.7901 1.1265 0.4540 0.0000 1.2850
0.7924 1.1282 0.4513 0.0000 1.2818
0.7896 1.1238 0.4584 0.0000 1.2826
0.7888 1.1228 0.4599 0.0000 1.2874
0.7929 1.1308 0.4468 0.0000 1.2826
0.7904 1.1244 0.4577 0.0000 1.2737
0.7874 1.1188 0.4675 0.0000 1.2738
0.7930 1.1313 0.4460 0.0000 1.2821
0.7883 1.1207 0.4648 0.0000 1.2781
0.7884 1.1212 0.4635 0.0000 1.2845
0.7865 1.1184 0.4685 0.0000 1.2724
0.7870 1.1200 0.4657 0.0000 1.2897
0.7917 1.1282 0.4515 0.0000 1.2806
0.7859 1.1183 0.4692 0.0000 1.2781
0.7855 1.1179 0.4692 0.0000 1.2769
0.7895 1.1230 0.4603 0.0000 1.2956
0.7908 1.1243 0.4596 0.0000 1.2867
0.7855 1.1171 0.4709 0.0000 1.2722
0.7936 1.1277 0.4527 0.0000 1.2959
0.7883 1.1212 0.4633 0.0000 1.2831
0.7897 1.1218 0.4628 0.0000 1.2866
0.7911 1.1287 0.4495 0.0000 1.2973
0.7869 1.1194 0.4666 0.0000 1.2790
0.7945 1.1333 0.4424 0.0000 1.2836
0.7909 1.1247 0.4575 0.0000 1.2904
0.7877 1.1223 0.4606 0.0000 1.2780
0.7858 1.1198 0.4650 0.0000 1.2743
0.7866 1.1217 0.4620 0.0000 1.2794
0.7892 1.1219 0.4649 0.0000 1.2833
0.7865 1.1189 0.4696 0.0000 1.2832
0.7824 1.1153 0.4738 0.0000 1.2817
0.7927 1.1318 0.4457 0.0000 1.2844
0.7841 1.1159 0.4753 0.0000 1.2755
0.7872 1.1238 0.4589 0.0000 1.2849
0.7852 1.1183 0.4701 0.0000 1.2859
0.7852 1.1201 0.4661 0.0000 1.2803
0.7870 1.1228 0.4620 0.0000 1.2829
0.7846 1.1173 0.4733 0.0000 1.2843
0.7891 1.1261 0.4558 0.0000 1.2828
0.7833 1.1169 0.4728 0.0000 1.2826
0.7752 1.1038 0.4993 0.0000 1.2678
0.7863 1.1196 0.4690 0.0000 1.2777
0.7880 1.1219 0.4641 0.0000 1.2863
0.7895 1.1218 0.4665 0.0000 1.2896
0.7912 1.1241 0.4621 0.0000 1.2858
0.7859 1.1194 0.4673 0.0000 1.2793
0.7929 1.1306 0.4479 0.0000 1.2827
0.7894 1.1211 0.4665 0.0000 1.2818
0.7921 1.1276 0.4545 0.0000 1.2843
0.7854 1.1171 0.4733 0.0000 1.2745
0.7854 1.1169 0.4739 0.0000 1.2736
0.7934 1.1305 0.4488 0.0000 1.2850
0.7928 1.1279 0.4540 0.0000 1.2900
0.7928 1.1293 0.4510 0.0000 1.2837
0.7900 1.1218 0.4659 0.0000 1.2866
0.7888 1.1228 0.4615 0.0000 1.2808
0.7964 1.1305 0.4507 0.0000 1.2922
0.7870 1.1190 0.4689 0.0000 1.2780
0.7895 1.1201 0.4703 0.0000 1.2890
0.7887 1.1215 0.4641 0.0000 1.2881
0.7933 1.1312 0.4472 0.0000 1.2853
0.7808 1.1147 0.4745 0.0000 1.2735
0.7916 1.1291 0.4506 0.0000 1.2836
0.7920 1.1240 0.4626 0.0000 1.2897
0.7890 1.1234 0.4612 0.0000 1.2807
0.7863 1.1196 0.4677 0.0000 1.2748
0.7936 1.1314 0.4470 0.0000 1.2853
0.7901 1.1241 0.4601 0.0000 1.2874
0.7893 1.1230 0.4616 0.0000 1.2884
0.7944 1.1332 0.4439 0.0000 1.2859
0.7911 1.1257 0.4577 0.0000 1.2799
0.7888 1.1217 0.4653 0.0000 1.2838
0.7936 1.1318 0.4462 0.0000 1.2863
0.7944 1.1292 0.4531 0.0000 1.2949
0.7904 1.1262 0.4561 0.0000 1.2857
0.7900 1.1226 0.4630 0.0000 1.2929
0.7936 1.1258 0.4598 0.0000 1.2950
0.7962 1.1310 0.4500 0.0000 1.3009
0.7934 1.1253 0.4616 0.0000 1.2975
0.7907 1.1230 0.4643 0.0000 1.2909
0.7911 1.1258 0.4571 0.0000 1.2928
0.7907 1.1242 0.4624 0.0000 1.2910
0.7907 1.1241 0.4617 0.0000 1.2935
0.7927 1.1298 0.4502 0.0000 1.2920
0.7828 1.1177 0.4696 0.0000 1.2768
0.7887 1.1258 0.4562 0.0000 1.2835
0.7865 1.1189 0.4712 0.0000 1.2898
0.7879 1.1198 0.4715 0.0000 1.2883
0.7883 1.1251 0.4581 0.0000 1.2754
0.7841 1.1158 0.4777 0.0000 1.2796
0.7871 1.1192 0.4726 0.0000 1.2882
0.7884 1.1229 0.4645 0.0000 1.2809
0.7866 1.1194 0.4704 0.0000 1.2861
0.7895 1.1225 0.4696 0.0000 1.2982
0.7895 1.1224 0.4680 0.0000 1.2853
