1.2357 1.7212 0.2210 0.0002 1.6879
1.2256 1.7055 0.2283 0.0001 1.6801
1.2225 1.7034 0.2287 0.0001 1.6826
1.2095 1.6840 0.2376 0.0001 1.6734
1.2133 1.6894 0.2363 0.0001 1.6800
1.1891 1.6630 0.2382 0.0001 1.6599
1.1854 1.6605 0.2397 0.0000 1.6611
1.1868 1.6634 0.2387 0.0000 1.6650
1.1920 1.6695 0.2374 0.0001 1.6720
1.1912 1.6700 0.2380 0.0001 1.6754
1.1884 1.6698 0.2345 0.0001 1.6772
1.1816 1.6604 0.2409 0.0000 1.6715
1.1814 1.6597 0.2414 0.0000 1.6666
1.1774 1.6585 0.2400 0.0000 1.6687
1.1739 1.6569 0.2412 0.0000 1.6702
1.1736 1.6580 0.2385 0.0001 1.6721
1.1602 1.6443 0.2511 0.0000 1.6597
1.1611 1.6457 0.2510 0.0000 1.6629
1.1520 1.6345 0.2607 0.0000 1.6517
1.1436 1.6305 0.2587 0.0000 1.6431
1.1435 1.6312 0.2585 0.0000 1.6440
1.1440 1.6302 0.2564 0.0000 1.6437
1.1428 1.6305 0.2567 0.0000 1.6445
1.1428 1.6318 0.2561 0.0000 1.6467
1.1617 1.6392 0.2401 0.0000 1.6430
1.1601 1.6383 0.2406 0.0000 1.6439
1.1604 1.6402 0.2395 0.0000 1.6459
1.1593 1.6397 0.2409 0.0000 1.6466
1.1558 1.6387 0.2377 0.0001 1.6465
1.1552 1.6349 0.2441 0.0000 1.6450
1.1533 1.6346 0.2453 0.0000 1.6452
1.1631 1.6377 0.2420 0.0000 1.6481
1.1590 1.6350 0.2454 0.0000 1.6464
1.1591 1.6364 0.2440 0.0000 1.6480
1.1599 1.6360 0.2468 0.0000 1.6487
1.1623 1.6359 0.2489 0.0000 1.6485
1.1589 1.6346 0.2506 0.0000 1.6484
1.1581 1.6350 0.2508 0.0000 1.6494
1.1722 1.6429 0.2447 0.0000 1.6537
1.1685 1.6407 0.2463 0.0000 1.6529
1.1660 1.6420 0.2421 0.0000 1.6546
1.1699 1.6435 0.2421 0.0000 1.6541
1.1684 1.6430 0.2430 0.0000 1.6546
1.1697 1.6457 0.2397 0.0000 1.6563
1.1657 1.6419 0.2444 0.0000 1.6544
1.1642 1.6413 0.2459 0.0000 1.6535
1.1660 1.6457 0.2386 0.0001 1.6580
1.1732 1.6494 0.2354 0.0001 1.6578
1.1740 1.6378 0.2370 0.0001 1.6464
1.1789 1.6419 0.2331 0.0001 1.6477
1.1870 1.6486 0.2281 0.0001 1.6497
1.1974 1.6596 0.2200 0.0002 1.6538
1.1963 1.6594 0.2201 0.0002 1.6541
1.1990 1.6641 0.2176 0.0002 1.6564
1.1946 1.6588 0.2188 0.0002 1.6536
1.1923 1.6565 0.2199 0.0002 1.6535
1.1836 1.6461 0.2284 0.0001 1.6487
1.1820 1.6447 0.2300 0.0001 1.6480
1.1777 1.6363 0.2396 0.0000 1.6437
1.1760 1.6354 0.2406 0.0000 1.6434
1.1686 1.6287 0.2499 0.0000 1.6402
1.1669 1.6266 0.2533 0.0000 1.6391
1.1663 1.6269 0.2531 0.0000 1.6391
1.1716 1.6329 0.2453 0.0000 1.6424
1.1710 1.6331 0.2447 0.0000 1.6422
1.1692 1.6324 0.2458 0.0000 1.6422
1.1671 1.6285 0.2491 0.0000 1.6401
1.1695 1.6321 0.2431 0.0000 1.6422
1.1717 1.6355 0.2349 0.0001 1.6459
1.1716 1.6348 0.2366 0.0001 1.6449
1.1690 1.6327 0.2381 0.0001 1.6432
1.1667 1.6305 0.2415 0.0000 1.6423
1.1654 1.6284 0.2443 0.0000 1.6420
1.1700 1.6362 0.2286 0.0001 1.6466
1.1696 1.6366 0.2277 0.0001 1.6458
1.1643 1.6326 0.2354 0.0001 1.6453
1.1643 1.6317 0.2381 0.0001 1.6443
1.1664 1.6324 0.2389 0.0000 1.6439
1.1652 1.6326 0.2380 0.0001 1.6443
1.1660 1.6340 0.2369 0.0001 1.6450
1.1652 1.6345 0.2366 0.0001 1.6453
1.1648 1.6348 0.2373 0.0001 1.6454
1.1618 1.6340 0.2383 0.0001 1.6452
1.1619 1.6328 0.2401 0.0000 1.6429
1.1600 1.6316 0.2420 0.0000 1.6427
1.1611 1.6327 0.2387 0.0000 1.6443
1.1613 1.6326 0.2394 0.0000 1.6438
1.1606 1.6323 0.2407 0.0000 1.6435
1.1594 1.6323 0.2412 0.0000 1.6437
1.1599 1.6333 0.2400 0.0000 1.6440
1.1584 1.6336 0.2401 0.0000 1.6459
1.1583 1.6337 0.2375 0.0001 1.6454
1.1623 1.6370 0.2301 0.0001 1.6462
1.1628 1.6379 0.2281 0.0001 1.6460
1.1633 1.6364 0.2298 0.0001 1.6453
1.1636 1.6377 0.2282 0.0001 1.6461
1.1632 1.6378 0.2282 0.0001 1.6461
1.1623 1.6372 0.2293 0.0001 1.6454
1.1620 1.6377 0.2289 0.0001 1.6460
1.1626 1.6391 0.2271 0.0001 1.6470
1.1616 1.6389 0.2282 0.0001 1.6472
1.1610 1.6382 0.2288 0.0001 1.6469
1.1571 1.6358 0.2348 0.0001 1.6464
1.1531 1.6312 0.2423 0.0000 1.6434
1.1493 1.6248 0.2526 0.0000 1.6377
1.1488 1.6246 0.2534 0.0000 1.6373
1.1489 1.6243 0.2545 0.0000 1.6367
1.1533 1.6282 0.2459 0.0000 1.6401
1.1525 1.6286 0.2458 0.0000 1.6404
1.1501 1.6271 0.2488 0.0000 1.6405
1.1513 1.6268 0.2479 0.0000 1.6400
1.1508 1.6278 0.2471 0.0000 1.6410
1.1494 1.6268 0.2488 0.0000 1.6403
1.1492 1.6275 0.2485 0.0000 1.6407
1.1472 1.6254 0.2525 0.0000 1.6392
1.1468 1.6258 0.2526 0.0000 1.6395
1.1462 1.6256 0.2536 0.0000 1.6395
1.1458 1.6257 0.2538 0.0000 1.6397
1.1424 1.6232 0.2591 0.0000 1.6382
1.1408 1.6187 0.2655 0.0000 1.6349
1.1390 1.6160 0.2702 0.0000 1.6330
1.1377 1.6149 0.2724 0.0000 1.6320
1.1367 1.6131 0.2750 0.0000 1.6308
1.1363 1.6135 0.2750 0.0000 1.6311
1.1384 1.6173 0.2690 0.0000 1.6334
1.1407 1.6203 0.2638 0.0000 1.6357
1.1406 1.6212 0.2631 0.0000 1.6366
1.1397 1.6206 0.2641 0.0000 1.6358
1.1382 1.6195 0.2662 0.0000 1.6354
1.1374 1.6189 0.2675 0.0000 1.6349
1.1363 1.6167 0.2714 0.0000 1.6330
1.1358 1.6163 0.2723 0.0000 1.6327
1.1362 1.6180 0.2708 0.0000 1.6345
1.1357 1.6169 0.2727 0.0000 1.6340
1.1355 1.6176 0.2721 0.0000 1.6348
1.1362 1.6193 0.2699 0.0000 1.6359
1.1359 1.6203 0.2691 0.0000 1.6366
1.1339 1.6175 0.2736 0.0000 1.6344
1.1329 1.6161 0.2757 0.0000 1.6330
1.1311 1.6135 0.2800 0.0000 1.6311
1.1308 1.6137 0.2803 0.0000 1.6312
1.1303 1.6121 0.2827 0.0000 1.6299
1.1295 1.6091 0.2864 0.0000 1.6273
1.1288 1.6085 0.2878 0.0000 1.6269
1.1288 1.6080 0.2886 0.0000 1.6260
1.1273 1.6041 0.2941 0.0000 1.6232
1.1287 1.6062 0.2913 0.0000 1.6252
1.1283 1.6069 0.2908 0.0000 1.6259
1.1273 1.6051 0.2935 0.0000 1.6242
1.1265 1.6038 0.2955 0.0000 1.6231
1.1277 1.6066 0.2921 0.0000 1.6258
1.1273 1.6070 0.2923 0.0000 1.6262
1.1268 1.6057 0.2942 0.0000 1.6250
1.1292 1.6103 0.2880 0.0000 1.6293
1.1304 1.6108 0.2868 0.0000 1.6301
1.1301 1.6114 0.2867 0.0000 1.6307
1.1295 1.6106 0.2883 0.0000 1.6306
1.1304 1.6111 0.2872 0.0000 1.6309
1.1296 1.6118 0.2869 0.0000 1.6310
1.1292 1.6121 0.2872 0.0000 1.6315
1.1290 1.6129 0.2869 0.0000 1.6323
1.1294 1.6129 0.2866 0.0000 1.6311
1.1291 1.6132 0.2867 0.0000 1.6315
1.1295 1.6040 0.2946 0.0000 1.6225
1.1298 1.6009 0.2982 0.0000 1.6203
1.1296 1.6028 0.2962 0.0000 1.6218
1.1316 1.6038 0.2940 0.0000 1.6219
1.1318 1.6058 0.2913 0.0000 1.6237
1.1317 1.6076 0.2894 0.0000 1.6253
1.1360 1.6042 0.2886 0.0000 1.6210
1.1365 1.6040 0.2883 0.0000 1.6206
1.1361 1.6042 0.2883 0.0000 1.6209
1.1359 1.6044 0.2883 0.0000 1.6210
1.1367 1.6044 0.2875 0.0000 1.6208
1.1370 1.6071 0.2841 0.0000 1.6230
1.1399 1.6083 0.2811 0.0000 1.6241
1.1396 1.6090 0.2806 0.0000 1.6248
1.1406 1.6100 0.2789 0.0000 1.6256
1.1383 1.6047 0.2867 0.0000 1.6225
1.1386 1.6018 0.2901 0.0000 1.6197
1.1374 1.6026 0.2896 0.0000 1.6206
1.1368 1.6028 0.2897 0.0000 1.6208
1.1363 1.6018 0.2910 0.0000 1.6198
1.1363 1.6011 0.2919 0.0000 1.6192
1.1359 1.6015 0.2918 0.0000 1.6196
1.1379 1.6022 0.2902 0.0000 1.6202
1.1394 1.6017 0.2899 0.0000 1.6195
1.1391 1.6018 0.2900 0.0000 1.6196
1.1370 1.6004 0.2927 0.0000 1.6184
1.1363 1.6007 0.2926 0.0000 1.6187
1.1364 1.6004 0.2932 0.0000 1.6186
1.1360 1.6003 0.2936 0.0000 1.6188
1.1350 1.6002 0.2942 0.0000 1.6189
1.1343 1.5985 0.2968 0.0000 1.6177
1.1340 1.5985 0.2971 0.0000 1.6178
1.1366 1.6021 0.2906 0.0000 1.6211
1.1345 1.6010 0.2928 0.0000 1.6203
1.1342 1.6013 0.2928 0.0000 1.6207
1.1333 1.6006 0.2940 0.0000 1.6202
1.1339 1.6031 0.2907 0.0000 1.6222
1.1326 1.5998 0.2951 0.0000 1.6197
1.1358 1.6035 0.2891 0.0000 1.6222
1.1362 1.6048 0.2870 0.0000 1.6228
1.1344 1.6023 0.2919 0.0000 1.6219
1.1347 1.6028 0.2912 0.0000 1.6222
1.1341 1.6012 0.2936 0.0000 1.6210
1.1339 1.6014 0.2937 0.0000 1.6212
1.1335 1.6014 0.2938 0.0000 1.6209
1.1327 1.6000 0.2953 0.0000 1.6194
1.1317 1.5974 0.2983 0.0000 1.6167
1.1317 1.5969 0.2987 0.0000 1.6161
1.1311 1.5958 0.3002 0.0000 1.6150
1.1306 1.5952 0.3011 0.0000 1.6142
1.1303 1.5959 0.3004 0.0000 1.6149
1.1334 1.5945 0.3004 0.0000 1.6126
1.1312 1.5930 0.3035 0.0000 1.6124
1.1331 1.5962 0.2984 0.0000 1.6142
1.1332 1.5962 0.2985 0.0000 1.6139
1.1327 1.5963 0.2985 0.0000 1.6141
1.1321 1.5964 0.2989 0.0000 1.6143
1.1325 1.5979 0.2967 0.0000 1.6159
1.1325 1.5949 0.3002 0.0000 1.6133
1.1319 1.5937 0.3020 0.0000 1.6123
1.1341 1.5919 0.3036 0.0000 1.6105
1.1336 1.5882 0.3089 0.0000 1.6070
1.1365 1.5925 0.3019 0.0000 1.6110
1.1360 1.5926 0.3019 0.0000 1.6111
1.1355 1.5937 0.3005 0.0000 1.6121
1.1343 1.5916 0.3038 0.0000 1.6105
1.1327 1.5879 0.3097 0.0000 1.6087
1.1325 1.5882 0.3093 0.0000 1.6088
1.1351 1.5877 0.3095 0.0000 1.6087
1.1343 1.5884 0.3086 0.0000 1.6089
1.1331 1.5872 0.3107 0.0000 1.6083
1.1317 1.5830 0.3171 0.0000 1.6059
1.1326 1.5843 0.3153 0.0000 1.6062
1.1322 1.5839 0.3160 0.0000 1.6058
1.1322 1.5841 0.3158 0.0000 1.6058
1.1332 1.5842 0.3155 0.0000 1.6060
1.1327 1.5843 0.3156 0.0000 1.6060
1.1340 1.5843 0.3153 0.0000 1.6057
1.1327 1.5823 0.3181 0.0000 1.6041
1.1298 1.5809 0.3210 0.0000 1.6040
1.1292 1.5806 0.3216 0.0000 1.6036
1.1286 1.5804 0.3220 0.0000 1.6035
1.1281 1.5791 0.3240 0.0000 1.6029
1.1286 1.5784 0.3249 0.0000 1.6021
1.1278 1.5785 0.3250 0.0000 1.6022
1.1275 1.5791 0.3244 0.0000 1.6028
1.1270 1.5791 0.3246 0.0000 1.6028
1.1259 1.5748 0.3308 0.0000 1.6001
1.1256 1.5746 0.3312 0.0000 1.5999
1.1252 1.5742 0.3319 0.0000 1.5994
1.1258 1.5732 0.3331 0.0000 1.5986
1.1254 1.5731 0.3334 0.0000 1.5984
1.1248 1.5722 0.3347 0.0000 1.5977
1.1247 1.5720 0.3351 0.0000 1.5973
1.1244 1.5723 0.3347 0.0000 1.5975
1.1287 1.5723 0.3340 0.0000 1.5970
1.1281 1.5707 0.3364 0.0000 1.5958
1.1277 1.5707 0.3366 0.0000 1.5957
1.1288 1.5704 0.3368 0.0000 1.5951
1.1274 1.5705 0.3369 0.0000 1.5956
1.1275 1.5703 0.3371 0.0000 1.5951
1.1275 1.5697 0.3381 0.0000 1.5945
1.1266 1.5713 0.3358 0.0000 1.5957
1.1261 1.5713 0.3359 0.0000 1.5956
1.1257 1.5724 0.3343 0.0000 1.5967
1.1250 1.5721 0.3350 0.0000 1.5965
1.1254 1.5717 0.3353 0.0000 1.5959
1.1247 1.5720 0.3352 0.0000 1.5965
1.1242 1.5724 0.3348 0.0000 1.5967
1.1235 1.5727 0.3344 0.0000 1.5970
1.1240 1.5714 0.3362 0.0000 1.5967
1.1245 1.5697 0.3385 0.0000 1.5954
1.1258 1.5690 0.3394 0.0000 1.5950
1.1256 1.5688 0.3396 0.0000 1.5948
1.1251 1.5688 0.3397 0.0000 1.5948
1.1245 1.5690 0.3395 0.0000 1.5950
1.1221 1.5681 0.3411 0.0000 1.5948
1.1212 1.5674 0.3422 0.0000 1.5945
1.1201 1.5657 0.3449 0.0000 1.5936
1.1201 1.5644 0.3467 0.0000 1.5931
1.1198 1.5640 0.3474 0.0000 1.5928
1.1217 1.5691 0.3399 0.0000 1.5955
1.1205 1.5674 0.3425 0.0000 1.5944
1.1202 1.5655 0.3452 0.0000 1.5932
1.1188 1.5658 0.3448 0.0000 1.5933
1.1185 1.5659 0.3448 0.0000 1.5933
1.1181 1.5657 0.3451 0.0000 1.5932
1.1179 1.5655 0.3453 0.0000 1.5930
1.1175 1.5653 0.3458 0.0000 1.5929
1.1171 1.5629 0.3491 0.0000 1.5914
1.1165 1.5631 0.3490 0.0000 1.5914
1.1164 1.5635 0.3484 0.0000 1.5920
1.1150 1.5630 0.3495 0.0000 1.5918
1.1145 1.5632 0.3493 0.0000 1.5919
1.1158 1.5663 0.3448 0.0000 1.5935
1.1191 1.5646 0.3464 0.0000 1.5919
1.1197 1.5638 0.3475 0.0000 1.5913
1.1209 1.5642 0.3468 0.0000 1.5913
1.1195 1.5644 0.3466 0.0000 1.5914
1.1183 1.5640 0.3474 0.0000 1.5916
1.1190 1.5635 0.3481 0.0000 1.5911
1.1184 1.5635 0.3482 0.0000 1.5912
1.1201 1.5631 0.3485 0.0000 1.5907
1.1197 1.5631 0.3486 0.0000 1.5906
1.1186 1.5629 0.3490 0.0000 1.5906
1.1183 1.5628 0.3492 0.0000 1.5906
1.1163 1.5622 0.3504 0.0000 1.5905
1.1146 1.5619 0.3510 0.0000 1.5900
1.1143 1.5618 0.3511 0.0000 1.5900
1.1142 1.5617 0.3513 0.0000 1.5897
1.1135 1.5608 0.3527 0.0000 1.5892
1.1145 1.5602 0.3532 0.0000 1.5882
1.1156 1.5595 0.3541 0.0000 1.5879
1.1144 1.5600 0.3536 0.0000 1.5887
1.1141 1.5598 0.3539 0.0000 1.5885
1.1132 1.5584 0.3561 0.0000 1.5879
1.1120 1.5587 0.3558 0.0000 1.5879
1.1117 1.5587 0.3559 0.0000 1.5878
1.1115 1.5586 0.3560 0.0000 1.5877
1.1134 1.5584 0.3562 0.0000 1.5875
1.1133 1.5577 0.3572 0.0000 1.5871
1.1132 1.5577 0.3572 0.0000 1.5871
1.1153 1.5574 0.3574 0.0000 1.5864
1.1144 1.5575 0.3574 0.0000 1.5866
1.1146 1.5577 0.3570 0.0000 1.5868
1.1132 1.5580 0.3568 0.0000 1.5872
1.1129 1.5580 0.3569 0.0000 1.5871
1.1181 1.5579 0.3564 0.0000 1.5869
1.1174 1.5580 0.3564 0.0000 1.5870
1.1135 1.5554 0.3605 0.0000 1.5861
1.1128 1.5556 0.3602 0.0000 1.5863
1.1134 1.5548 0.3613 0.0000 1.5861
1.1118 1.5551 0.3611 0.0000 1.5862
1.1117 1.5562 0.3596 0.0000 1.5871
1.1110 1.5564 0.3595 0.0000 1.5873
1.1092 1.5557 0.3608 0.0000 1.5873
1.1106 1.5562 0.3599 0.0000 1.5875
1.1112 1.5550 0.3615 0.0000 1.5869
1.1113 1.5546 0.3621 0.0000 1.5867
1.1106 1.5547 0.3620 0.0000 1.5868
1.1115 1.5548 0.3619 0.0000 1.5869
1.1111 1.5558 0.3605 0.0000 1.5876
1.1114 1.5556 0.3607 0.0000 1.5875
1.1102 1.5556 0.3609 0.0000 1.5875
1.1105 1.5560 0.3604 0.0000 1.5877
1.1109 1.5558 0.3607 0.0000 1.5874
1.1116 1.5557 0.3606 0.0000 1.5873
1.1105 1.5562 0.3602 0.0000 1.5876
1.1177 1.5574 0.3574 0.0000 1.5880
1.1166 1.5575 0.3575 0.0000 1.5882
1.1153 1.5574 0.3577 0.0000 1.5884
1.1161 1.5575 0.3575 0.0000 1.5883
1.1155 1.5579 0.3570 0.0000 1.5886
1.1133 1.5572 0.3583 0.0000 1.5883
1.1148 1.5579 0.3569 0.0000 1.5884
1.1147 1.5578 0.3570 0.0000 1.5884
1.1146 1.5575 0.3576 0.0000 1.5880
1.1141 1.5576 0.3574 0.0000 1.5883
1.1133 1.5568 0.3588 0.0000 1.5879
1.1130 1.5565 0.3593 0.0000 1.5877
1.1121 1.5569 0.3588 0.0000 1.5879
1.1122 1.5570 0.3587 0.0000 1.5880
1.1123 1.5569 0.3588 0.0000 1.5877
1.1122 1.5578 0.3577 0.0000 1.5885
1.1127 1.5582 0.3570 0.0000 1.5888
1.1095 1.5557 0.3612 0.0000 1.5874
1.1082 1.5557 0.3614 0.0000 1.5872
1.1082 1.5558 0.3613 0.0000 1.5872
1.1106 1.5567 0.3596 0.0000 1.5878
1.1139 1.5578 0.3574 0.0000 1.5883
1.1181 1.5534 0.3631 0.0000 1.5887
1.1170 1.5536 0.3629 0.0000 1.5887
1.1162 1.5539 0.3625 0.0000 1.5889
1.1153 1.5543 0.3619 0.0000 1.5894
1.1151 1.5543 0.3620 0.0000 1.5893
1.1151 1.5542 0.3622 0.0000 1.5892
1.1147 1.5540 0.3625 0.0000 1.5890
1.1148 1.5541 0.3623 0.0000 1.5891
1.1152 1.5531 0.3636 0.0000 1.5882
1.1139 1.5539 0.3625 0.0000 1.5889
1.1163 1.5520 0.3653 0.0000 1.5879
1.1157 1.5521 0.3652 0.0000 1.5879
1.1161 1.5501 0.3682 0.0000 1.5868
1.1158 1.5498 0.3687 0.0000 1.5866
1.1150 1.5505 0.3676 0.0000 1.5878
1.1157 1.5506 0.3674 0.0000 1.5877
1.1175 1.5494 0.3694 0.0000 1.5868
1.1167 1.5498 0.3688 0.0000 1.5874
1.1162 1.5497 0.3688 0.0000 1.5873
1.1155 1.5496 0.3690 0.0000 1.5872
1.1144 1.5495 0.3692 0.0000 1.5869
1.1135 1.5494 0.3693 0.0000 1.5869
1.1123 1.5506 0.3675 0.0000 1.5877
1.1132 1.5501 0.3682 0.0000 1.5872
1.1124 1.5500 0.3683 0.0000 1.5871
1.1138 1.5489 0.3700 0.0000 1.5861
1.1118 1.5494 0.3693 0.0000 1.5869
1.1116 1.5505 0.3677 0.0000 1.5879
1.1126 1.5509 0.3670 0.0000 1.5879
1.1129 1.5509 0.3669 0.0000 1.5878
1.1125 1.5509 0.3670 0.0000 1.5876
1.1107 1.5498 0.3688 0.0000 1.5872
1.1104 1.5469 0.3731 0.0000 1.5865
1.1087 1.5467 0.3735 0.0000 1.5864
1.1094 1.5452 0.3757 0.0000 1.5857
1.1092 1.5477 0.3720 0.0000 1.5872
1.1085 1.5484 0.3710 0.0000 1.5879
1.1079 1.5485 0.3710 0.0000 1.5879
1.1073 1.5485 0.3711 0.0000 1.5878
1.1078 1.5485 0.3710 0.0000 1.5877
1.1085 1.5487 0.3706 0.0000 1.5877
1.1085 1.5486 0.3707 0.0000 1.5876
1.1100 1.5486 0.3705 0.0000 1.5876
1.1111 1.5485 0.3707 0.0000 1.5875
1.1112 1.5485 0.3707 0.0000 1.5874
1.1092 1.5475 0.3723 0.0000 1.5874
1.1090 1.5486 0.3707 0.0000 1.5880
1.1095 1.5487 0.3705 0.0000 1.5880
1.1148 1.5484 0.3708 0.0000 1.5884
1.1167 1.5481 0.3714 0.0000 1.5883
1.1163 1.5485 0.3708 0.0000 1.5883
1.1159 1.5484 0.3708 0.0000 1.5882
1.1171 1.5488 0.3702 0.0000 1.5884
1.1167 1.5487 0.3703 0.0000 1.5883
1.1191 1.5489 0.3702 0.0000 1.5886
1.1185 1.5489 0.3700 0.0000 1.5885
1.1182 1.5487 0.3704 0.0000 1.5883
1.1158 1.5483 0.3710 0.0000 1.5879
1.1156 1.5481 0.3712 0.0000 1.5877
1.1173 1.5485 0.3707 0.0000 1.5876
1.1186 1.5489 0.3702 0.0000 1.5877
1.1197 1.5491 0.3700 0.0000 1.5877
1.1194 1.5489 0.3703 0.0000 1.5875
1.1197 1.5491 0.3700 0.0000 1.5875
1.1194 1.5490 0.3700 0.0000 1.5875
1.1189 1.5490 0.3700 0.0000 1.5874
1.1187 1.5491 0.3699 0.0000 1.5873
1.1173 1.5487 0.3703 0.0000 1.5872
1.1162 1.5486 0.3706 0.0000 1.5871
1.1156 1.5496 0.3690 0.0000 1.5877
1.1154 1.5497 0.3689 0.0000 1.5876
1.1203 1.5504 0.3679 0.0000 1.5881
1.1204 1.5503 0.3679 0.0000 1.5880
1.1199 1.5512 0.3665 0.0000 1.5886
1.1207 1.5508 0.3672 0.0000 1.5884
1.1204 1.5507 0.3673 0.0000 1.5883
1.1199 1.5509 0.3670 0.0000 1.5884
1.1194 1.5509 0.3671 0.0000 1.5884
