0.5269 0.7155 0.2601 0.0000 0.9992
0.5256 0.7165 0.2644 0.0000 0.9875
0.5247 0.7149 0.2658 0.0000 0.9769
0.5282 0.7244 0.2668 0.0000 0.9641
0.5301 0.7277 0.2634 0.0000 0.9630
0.5316 0.7271 0.2579 0.0000 0.9745
0.5339 0.7289 0.2670 0.0000 0.9657
0.5370 0.7347 0.2628 0.0000 0.9690
0.5361 0.7340 0.2628 0.0000 0.9666
0.5360 0.7336 0.2637 0.0000 0.9675
0.5357 0.7372 0.2655 0.0000 0.9541
0.5361 0.7397 0.2696 0.0000 0.9527
0.5358 0.7376 0.2569 0.0000 0.9559
0.5328 0.7362 0.2664 0.0000 0.9402
0.5328 0.7362 0.2668 0.0000 0.9382
0.5315 0.7353 0.2613 0.0000 0.9338
0.5306 0.7336 0.2582 0.0000 0.9328
0.5281 0.7300 0.2672 0.0000 0.9313
0.5280 0.7276 0.2607 0.0000 0.9299
0.5313 0.7330 0.2595 0.0000 0.9253
0.5314 0.7334 0.2609 0.0000 0.9246
0.5319 0.7371 0.2737 0.0000 0.9330
0.5288 0.7340 0.2873 0.0000 0.9177
0.5288 0.7339 0.2857 0.0000 0.9175
0.5283 0.7329 0.2805 0.0000 0.9199
0.5283 0.7329 0.2800 0.0000 0.9191
0.5252 0.7284 0.2910 0.0000 0.9121
0.5249 0.7280 0.2895 0.0000 0.9118
0.5265 0.7306 0.2853 0.0000 0.9119
0.5271 0.7322 0.2796 0.0000 0.9185
0.5268 0.7315 0.2872 0.0000 0.9046
0.5294 0.7358 0.2955 0.0000 0.9142
0.5285 0.7348 0.2946 0.0000 0.9144
0.5262 0.7318 0.2976 0.0000 0.9116
0.5282 0.7351 0.3015 0.0000 0.9184
0.5226 0.7261 0.3170 0.0000 0.9040
0.5246 0.7292 0.3142 0.0000 0.9128
0.5242 0.7284 0.3142 0.0000 0.9132
0.5235 0.7273 0.3130 0.0000 0.9111
0.5260 0.7305 0.3110 0.0000 0.9124
0.5254 0.7286 0.3157 0.0000 0.9127
0.5257 0.7288 0.3158 0.0000 0.9123
0.5211 0.7226 0.3272 0.0000 0.9014
0.5263 0.7325 0.3035 0.0000 0.9088
0.5255 0.7310 0.3011 0.0000 0.9061
0.5254 0.7308 0.2982 0.0000 0.9061
0.5251 0.7303 0.2974 0.0000 0.9058
0.5267 0.7326 0.2947 0.0000 0.9102
0.5274 0.7341 0.2929 0.0000 0.9104
0.5206 0.7248 0.3074 0.0000 0.9012
0.5210 0.7253 0.3091 0.0000 0.9000
0.5205 0.7245 0.3048 0.0000 0.8992
0.5199 0.7236 0.3059 0.0000 0.8976
0.5197 0.7232 0.3068 0.0000 0.8951
0.5176 0.7206 0.3074 0.0000 0.8927
0.5175 0.7204 0.3066 0.0000 0.8917
0.5192 0.7224 0.3102 0.0000 0.8936
0.5176 0.7204 0.3104 0.0000 0.8912
0.5175 0.7201 0.3101 0.0000 0.8909
0.5168 0.7188 0.3139 0.0000 0.8855
0.5174 0.7199 0.3127 0.0000 0.8853
0.5197 0.7256 0.2969 0.0000 0.8904
0.5189 0.7238 0.3013 0.0000 0.8889
0.5209 0.7269 0.3029 0.0000 0.8939
0.5204 0.7264 0.3002 0.0000 0.8922
0.5209 0.7257 0.2937 0.0000 0.8912
0.5204 0.7244 0.2949 0.0000 0.8910
0.5199 0.7236 0.2936 0.0000 0.8904
0.5211 0.7258 0.3026 0.0000 0.8911
0.5233 0.7284 0.2959 0.0000 0.8941
0.5230 0.7280 0.2895 0.0000 0.8914
0.5214 0.7258 0.2915 0.0000 0.8887
0.5234 0.7283 0.2867 0.0000 0.8932
0.5283 0.7344 0.2769 0.0000 0.9023
0.5272 0.7333 0.2752 0.0000 0.9001
0.5273 0.7344 0.2786 0.0000 0.9001
0.5289 0.7367 0.2863 0.0000 0.9029
0.5231 0.7303 0.2929 0.0000 0.8902
0.5230 0.7302 0.2921 0.0000 0.8893
0.5222 0.7284 0.2932 0.0000 0.8866
0.5219 0.7276 0.2925 0.0000 0.8847
0.5222 0.7280 0.2919 0.0000 0.8843
0.5230 0.7290 0.2906 0.0000 0.8842
0.5224 0.7274 0.2885 0.0000 0.8827
0.5225 0.7275 0.2884 0.0000 0.8818
0.5216 0.7255 0.2902 0.0000 0.8802
0.5212 0.7246 0.2910 0.0000 0.8794
0.5215 0.7244 0.2844 0.0000 0.8790
0.5226 0.7287 0.2785 0.0000 0.8855
0.5215 0.7273 0.2769 0.0000 0.8848
0.5215 0.7268 0.2751 0.0000 0.8841
0.5199 0.7244 0.2778 0.0000 0.8821
0.5197 0.7239 0.2774 0.0000 0.8807
0.5211 0.7261 0.2789 0.0000 0.8814
0.5219 0.7278 0.2786 0.0000 0.8846
0.5214 0.7266 0.2765 0.0000 0.8840
0.5213 0.7263 0.2760 0.0000 0.8832
0.5212 0.7261 0.2759 0.0000 0.8824
0.5200 0.7244 0.2790 0.0000 0.8808
0.5194 0.7238 0.2730 0.0000 0.8809
0.5214 0.7266 0.2693 0.0000 0.8848
0.5226 0.7294 0.2725 0.0000 0.8862
0.5225 0.7294 0.2724 0.0000 0.8856
0.5237 0.7308 0.2724 0.0000 0.8873
0.5241 0.7317 0.2723 0.0000 0.8878
0.5260 0.7339 0.2672 0.0000 0.8902
0.5248 0.7316 0.2725 0.0000 0.8880
0.5254 0.7327 0.2737 0.0000 0.8905
0.5256 0.7329 0.2739 0.0000 0.8900
0.5263 0.7342 0.2724 0.0000 0.8915
0.5263 0.7342 0.2723 0.0000 0.8911
0.5266 0.7348 0.2711 0.0000 0.8911
0.5259 0.7337 0.2717 0.0000 0.8906
0.5229 0.7302 0.2776 0.0000 0.8859
0.5219 0.7283 0.2820 0.0000 0.8841
0.5232 0.7297 0.2858 0.0000 0.8892
0.5248 0.7311 0.2853 0.0000 0.8921
0.5246 0.7309 0.2828 0.0000 0.8913
0.5230 0.7284 0.2888 0.0000 0.8902
0.5232 0.7287 0.2889 0.0000 0.8899
0.5243 0.7309 0.2902 0.0000 0.8923
0.5252 0.7330 0.2970 0.0000 0.8958
0.5265 0.7350 0.2978 0.0000 0.9000
0.5272 0.7358 0.3029 0.0000 0.9018
0.5270 0.7356 0.3031 0.0000 0.9010
0.5248 0.7325 0.3076 0.0000 0.8986
0.5265 0.7364 0.3066 0.0000 0.9014
0.5268 0.7370 0.3102 0.0000 0.9024
0.5266 0.7367 0.3098 0.0000 0.9019
0.5259 0.7354 0.3078 0.0000 0.8984
0.5272 0.7373 0.3056 0.0000 0.9021
0.5264 0.7358 0.3069 0.0000 0.9002
0.5258 0.7347 0.3062 0.0000 0.8996
0.5272 0.7367 0.3032 0.0000 0.9023
0.5272 0.7363 0.2988 0.0000 0.9026
0.5271 0.7361 0.2986 0.0000 0.9021
0.5275 0.7367 0.2991 0.0000 0.9030
0.5278 0.7371 0.3026 0.0000 0.9041
0.5274 0.7365 0.3011 0.0000 0.9031
0.5269 0.7354 0.3016 0.0000 0.9023
0.5263 0.7340 0.3033 0.0000 0.9008
0.5264 0.7352 0.3100 0.0000 0.9016
0.5261 0.7348 0.3109 0.0000 0.9009
0.5261 0.7347 0.3106 0.0000 0.9004
0.5260 0.7343 0.3101 0.0000 0.8996
0.5258 0.7341 0.3098 0.0000 0.8990
0.5255 0.7335 0.3087 0.0000 0.8977
0.5264 0.7350 0.3099 0.0000 0.9009
0.5255 0.7334 0.3120 0.0000 0.9001
0.5257 0.7337 0.3120 0.0000 0.8995
0.5263 0.7345 0.3115 0.0000 0.9000
0.5264 0.7346 0.3115 0.0000 0.8997
0.5267 0.7349 0.3114 0.0000 0.9001
0.5275 0.7366 0.3114 0.0000 0.9025
0.5279 0.7379 0.3115 0.0000 0.9065
0.5295 0.7403 0.3107 0.0000 0.9113
0.5328 0.7451 0.2966 0.0000 0.9179
0.5323 0.7444 0.2965 0.0000 0.9151
0.5318 0.7437 0.2937 0.0000 0.9147
0.5320 0.7438 0.2945 0.0000 0.9145
0.5314 0.7427 0.2975 0.0000 0.9132
0.5307 0.7413 0.2979 0.0000 0.9122
0.5322 0.7444 0.2925 0.0000 0.9148
0.5322 0.7440 0.2918 0.0000 0.9144
0.5321 0.7434 0.2900 0.0000 0.9135
0.5321 0.7434 0.2898 0.0000 0.9133
0.5328 0.7443 0.2909 0.0000 0.9132
0.5324 0.7436 0.2904 0.0000 0.9121
0.5334 0.7452 0.2897 0.0000 0.9128
0.5331 0.7448 0.2902 0.0000 0.9115
0.5329 0.7443 0.2906 0.0000 0.9112
0.5335 0.7453 0.2890 0.0000 0.9126
0.5332 0.7445 0.2908 0.0000 0.9119
0.5326 0.7432 0.2905 0.0000 0.9127
0.5332 0.7442 0.2981 0.0000 0.9160
0.5324 0.7437 0.2966 0.0000 0.9138
0.5331 0.7446 0.2974 0.0000 0.9155
0.5329 0.7446 0.2925 0.0000 0.9144
0.5324 0.7438 0.2940 0.0000 0.9132
0.5321 0.7431 0.2953 0.0000 0.9130
0.5354 0.7479 0.2798 0.0000 0.9206
0.5358 0.7484 0.2789 0.0000 0.9208
0.5347 0.7484 0.2904 0.0000 0.9178
0.5352 0.7491 0.2886 0.0000 0.9185
0.5349 0.7486 0.2879 0.0000 0.9178
0.5339 0.7469 0.2924 0.0000 0.9173
0.5339 0.7468 0.2922 0.0000 0.9171
0.5341 0.7469 0.2934 0.0000 0.9168
0.5337 0.7463 0.2942 0.0000 0.9148
0.5337 0.7463 0.2940 0.0000 0.9146
0.5343 0.7473 0.2949 0.0000 0.9150
0.5339 0.7471 0.2938 0.0000 0.9142
0.5341 0.7473 0.2938 0.0000 0.9145
0.5336 0.7469 0.2938 0.0000 0.9129
0.5335 0.7467 0.2911 0.0000 0.9128
0.5328 0.7451 0.2914 0.0000 0.9114
0.5330 0.7457 0.2912 0.0000 0.9126
0.5332 0.7461 0.2904 0.0000 0.9135
0.5332 0.7460 0.2899 0.0000 0.9128
0.5334 0.7461 0.2875 0.0000 0.9121
0.5336 0.7465 0.2870 0.0000 0.9124
0.5338 0.7468 0.2867 0.0000 0.9128
0.5336 0.7466 0.2865 0.0000 0.9125
0.5335 0.7464 0.2865 0.0000 0.9124
0.5342 0.7472 0.2927 0.0000 0.9136
0.5339 0.7468 0.2927 0.0000 0.9123
0.5339 0.7467 0.2913 0.0000 0.9117
0.5340 0.7465 0.2867 0.0000 0.9120
0.5351 0.7482 0.2805 0.0000 0.9154
0.5351 0.7482 0.2803 0.0000 0.9153
0.5342 0.7469 0.2828 0.0000 0.9138
0.5353 0.7485 0.2788 0.0000 0.9159
0.5362 0.7496 0.2764 0.0000 0.9174
0.5346 0.7474 0.2812 0.0000 0.9148
0.5340 0.7466 0.2813 0.0000 0.9112
0.5337 0.7461 0.2785 0.0000 0.9107
0.5339 0.7456 0.2795 0.0000 0.9091
0.5353 0.7470 0.2835 0.0000 0.9123
0.5352 0.7470 0.2822 0.0000 0.9124
0.5355 0.7474 0.2841 0.0000 0.9121
0.5356 0.7480 0.2838 0.0000 0.9116
0.5349 0.7468 0.2845 0.0000 0.9104
0.5350 0.7469 0.2854 0.0000 0.9102
0.5355 0.7480 0.2847 0.0000 0.9130
0.5344 0.7467 0.2872 0.0000 0.9104
0.5341 0.7466 0.2909 0.0000 0.9116
0.5353 0.7485 0.2878 0.0000 0.9140
0.5343 0.7470 0.2901 0.0000 0.9125
0.5346 0.7475 0.2891 0.0000 0.9129
0.5349 0.7482 0.2894 0.0000 0.9123
0.5345 0.7474 0.2897 0.0000 0.9120
0.5348 0.7478 0.2891 0.0000 0.9128
0.5343 0.7472 0.2906 0.0000 0.9121
0.5345 0.7481 0.2882 0.0000 0.9137
0.5346 0.7482 0.2868 0.0000 0.9134
0.5340 0.7471 0.2873 0.0000 0.9113
0.5338 0.7469 0.2862 0.0000 0.9109
0.5325 0.7452 0.2892 0.0000 0.9082
0.5330 0.7457 0.2900 0.0000 0.9101
0.5339 0.7473 0.2875 0.0000 0.9125
0.5337 0.7471 0.2868 0.0000 0.9111
0.5334 0.7469 0.2828 0.0000 0.9113
0.5333 0.7471 0.2884 0.0000 0.9149
0.5333 0.7467 0.2872 0.0000 0.9151
0.5333 0.7469 0.2918 0.0000 0.9146
0.5325 0.7461 0.2913 0.0000 0.9139
0.5321 0.7456 0.2915 0.0000 0.9114
0.5325 0.7463 0.2920 0.0000 0.9140
0.5325 0.7462 0.2920 0.0000 0.9139
0.5347 0.7489 0.2879 0.0000 0.9170
0.5349 0.7489 0.2870 0.0000 0.9165
0.5349 0.7488 0.2868 0.0000 0.9161
0.5343 0.7481 0.2880 0.0000 0.9151
0.5347 0.7486 0.2877 0.0000 0.9151
0.5347 0.7487 0.2878 0.0000 0.9151
0.5350 0.7493 0.2880 0.0000 0.9169
0.5352 0.7501 0.2901 0.0000 0.9160
0.5345 0.7493 0.2908 0.0000 0.9135
0.5344 0.7491 0.2898 0.0000 0.9126
0.5337 0.7482 0.2890 0.0000 0.9120
0.5331 0.7471 0.2906 0.0000 0.9111
0.5338 0.7480 0.2879 0.0000 0.9119
0.5342 0.7479 0.2846 0.0000 0.9120
0.5341 0.7477 0.2846 0.0000 0.9118
0.5340 0.7477 0.2844 0.0000 0.9117
0.5342 0.7474 0.2824 0.0000 0.9112
0.5349 0.7480 0.2843 0.0000 0.9116
0.5348 0.7478 0.2842 0.0000 0.9112
0.5358 0.7493 0.2799 0.0000 0.9142
0.5356 0.7487 0.2797 0.0000 0.9131
0.5356 0.7488 0.2796 0.0000 0.9130
0.5350 0.7486 0.2740 0.0000 0.9124
0.5350 0.7486 0.2734 0.0000 0.9124
0.5344 0.7478 0.2744 0.0000 0.9120
0.5338 0.7471 0.2746 0.0000 0.9118
0.5337 0.7471 0.2729 0.0000 0.9109
0.5333 0.7463 0.2677 0.0000 0.9109
0.5328 0.7457 0.2667 0.0000 0.9104
0.5318 0.7442 0.2692 0.0000 0.9080
0.5316 0.7439 0.2697 0.0000 0.9070
0.5308 0.7430 0.2680 0.0000 0.9038
0.5310 0.7432 0.2727 0.0000 0.9048
0.5309 0.7429 0.2730 0.0000 0.9047
0.5310 0.7430 0.2733 0.0000 0.9044
0.5320 0.7443 0.2737 0.0000 0.9051
0.5326 0.7456 0.2734 0.0000 0.9069
0.5357 0.7498 0.2734 0.0000 0.9095
0.5360 0.7501 0.2740 0.0000 0.9097
0.5354 0.7496 0.2733 0.0000 0.9078
0.5355 0.7495 0.2725 0.0000 0.9076
0.5350 0.7489 0.2733 0.0000 0.9065
0.5349 0.7484 0.2716 0.0000 0.9061
0.5348 0.7482 0.2717 0.0000 0.9057
0.5343 0.7471 0.2722 0.0000 0.9060
0.5343 0.7470 0.2718 0.0000 0.9057
0.5342 0.7468 0.2716 0.0000 0.9054
0.5327 0.7449 0.2755 0.0000 0.9033
0.5323 0.7444 0.2758 0.0000 0.9023
0.5321 0.7442 0.2749 0.0000 0.9015
0.5313 0.7432 0.2760 0.0000 0.9004
0.5316 0.7436 0.2760 0.0000 0.9010
0.5318 0.7439 0.2759 0.0000 0.9008
0.5336 0.7476 0.2710 0.0000 0.9027
0.5330 0.7468 0.2723 0.0000 0.9020
0.5323 0.7455 0.2745 0.0000 0.9009
0.5321 0.7451 0.2748 0.0000 0.9006
0.5316 0.7445 0.2760 0.0000 0.8993
0.5314 0.7440 0.2749 0.0000 0.8988
0.5323 0.7451 0.2706 0.0000 0.9009
0.5324 0.7451 0.2695 0.0000 0.9007
0.5320 0.7444 0.2696 0.0000 0.9003
0.5320 0.7442 0.2690 0.0000 0.9001
0.5323 0.7447 0.2680 0.0000 0.9003
0.5321 0.7445 0.2681 0.0000 0.8999
0.5320 0.7440 0.2683 0.0000 0.8994
0.5321 0.7442 0.2684 0.0000 0.8994
0.5331 0.7462 0.2692 0.0000 0.9022
0.5333 0.7464 0.2705 0.0000 0.9028
0.5332 0.7464 0.2688 0.0000 0.9027
0.5331 0.7463 0.2687 0.0000 0.9024
0.5327 0.7456 0.2705 0.0000 0.9020
0.5328 0.7456 0.2683 0.0000 0.9015
0.5323 0.7451 0.2691 0.0000 0.9005
0.5315 0.7442 0.2692 0.0000 0.9001
0.5311 0.7442 0.2719 0.0000 0.8996
0.5309 0.7439 0.2731 0.0000 0.8989
0.5297 0.7423 0.2746 0.0000 0.8989
0.5297 0.7422 0.2730 0.0000 0.8985
0.5298 0.7419 0.2719 0.0000 0.8977
0.5301 0.7427 0.2730 0.0000 0.8982
0.5299 0.7425 0.2709 0.0000 0.8981
0.5299 0.7426 0.2714 0.0000 0.8978
0.5309 0.7436 0.2763 0.0000 0.9002
0.5307 0.7432 0.2758 0.0000 0.8995
0.5307 0.7432 0.2758 0.0000 0.8993
0.5307 0.7430 0.2755 0.0000 0.8991
0.5306 0.7429 0.2754 0.0000 0.8988
0.5298 0.7419 0.2756 0.0000 0.8983
0.5293 0.7409 0.2744 0.0000 0.8991
0.5292 0.7407 0.2740 0.0000 0.8987
0.5293 0.7406 0.2740 0.0000 0.8984
0.5297 0.7408 0.2695 0.0000 0.8977
0.5289 0.7396 0.2725 0.0000 0.8966
0.5288 0.7392 0.2707 0.0000 0.8965
0.5285 0.7387 0.2713 0.0000 0.8961
0.5298 0.7405 0.2674 0.0000 0.9003
0.5295 0.7400 0.2682 0.0000 0.8992
0.5296 0.7400 0.2682 0.0000 0.8989
0.5293 0.7397 0.2664 0.0000 0.8988
0.5290 0.7393 0.2660 0.0000 0.8978
0.5295 0.7402 0.2657 0.0000 0.8985
0.5290 0.7393 0.2666 0.0000 0.8980
0.5294 0.7394 0.2627 0.0000 0.8979
0.5291 0.7389 0.2634 0.0000 0.8974
0.5292 0.7391 0.2636 0.0000 0.8970
0.5292 0.7391 0.2634 0.0000 0.8968
0.5293 0.7395 0.2628 0.0000 0.8966
0.5293 0.7394 0.2623 0.0000 0.8964
0.5290 0.7390 0.2629 0.0000 0.8957
0.5299 0.7408 0.2607 0.0000 0.8969
0.5295 0.7401 0.2631 0.0000 0.8959
0.5295 0.7403 0.2640 0.0000 0.8957
0.5296 0.7403 0.2626 0.0000 0.8954
0.5296 0.7403 0.2613 0.0000 0.8952
0.5296 0.7402 0.2603 0.0000 0.8948
0.5295 0.7401 0.2602 0.0000 0.8942
0.5297 0.7403 0.2605 0.0000 0.8942
0.5292 0.7394 0.2623 0.0000 0.8938
0.5289 0.7388 0.2627 0.0000 0.8937
0.5285 0.7379 0.2617 0.0000 0.8933
0.5288 0.7383 0.2635 0.0000 0.8945
0.5286 0.7380 0.2634 0.0000 0.8940
0.5286 0.7379 0.2625 0.0000 0.8939
0.5280 0.7364 0.2648 0.0000 0.8936
0.5278 0.7361 0.2632 0.0000 0.8927
0.5277 0.7358 0.2636 0.0000 0.8924
0.5276 0.7356 0.2635 0.0000 0.8923
0.5266 0.7340 0.2678 0.0000 0.8911
0.5266 0.7340 0.2677 0.0000 0.8907
0.5265 0.7339 0.2676 0.0000 0.8904
0.5265 0.7338 0.2679 0.0000 0.8900
0.5265 0.7338 0.2680 0.0000 0.8898
0.5258 0.7329 0.2708 0.0000 0.8887
0.5265 0.7346 0.2707 0.0000 0.8905
0.5263 0.7342 0.2704 0.0000 0.8901
0.5260 0.7336 0.2714 0.0000 0.8897
0.5254 0.7326 0.2740 0.0000 0.8887
0.5251 0.7320 0.2752 0.0000 0.8879
0.5250 0.7319 0.2732 0.0000 0.8876
0.5252 0.7321 0.2716 0.0000 0.8875
0.5279 0.7364 0.2624 0.0000 0.8932
0.5282 0.7369 0.2618 0.0000 0.8932
0.5280 0.7366 0.2617 0.0000 0.8928
0.5279 0.7365 0.2632 0.0000 0.8923
0.5279 0.7365 0.2633 0.0000 0.8921
0.5280 0.7366 0.2628 0.0000 0.8920
0.5278 0.7366 0.2657 0.0000 0.8925
0.5280 0.7372 0.2653 0.0000 0.8927
0.5277 0.7368 0.2653 0.0000 0.8925
0.5272 0.7362 0.2657 0.0000 0.8916
0.5272 0.7358 0.2647 0.0000 0.8916
0.5268 0.7352 0.2659 0.0000 0.8909
0.5269 0.7354 0.2661 0.0000 0.8907
0.5267 0.7352 0.2662 0.0000 0.8901
0.5266 0.7349 0.2660 0.0000 0.8897
0.5261 0.7341 0.2674 0.0000 0.8885
0.5257 0.7334 0.2679 0.0000 0.8881
0.5257 0.7333 0.2679 0.0000 0.8879
0.5251 0.7323 0.2699 0.0000 0.8872
0.5252 0.7326 0.2694 0.0000 0.8871
0.5251 0.7323 0.2699 0.0000 0.8866
0.5248 0.7319 0.2706 0.0000 0.8862
0.5247 0.7316 0.2703 0.0000 0.8859
0.5248 0.7319 0.2699 0.0000 0.8861
0.5253 0.7326 0.2684 0.0000 0.8867
0.5257 0.7331 0.2680 0.0000 0.8877
0.5258 0.7331 0.2685 0.0000 0.8876
0.5257 0.7330 0.2679 0.0000 0.8872
0.5254 0.7325 0.2688 0.0000 0.8864
0.5246 0.7312 0.2723 0.0000 0.8856
0.5246 0.7312 0.2723 0.0000 0.8854
0.5245 0.7311 0.2703 0.0000 0.8850
0.5241 0.7300 0.2718 0.0000 0.8843
0.5236 0.7294 0.2727 0.0000 0.8833
0.5234 0.7292 0.2728 0.0000 0.8826
0.5234 0.7291 0.2721 0.0000 0.8823
0.5232 0.7287 0.2728 0.0000 0.8819
0.5233 0.7291 0.2737 0.0000 0.8817
0.5239 0.7300 0.2705 0.0000 0.8827
0.5243 0.7307 0.2686 0.0000 0.8828
0.5243 0.7308 0.2685 0.0000 0.8827
0.5242 0.7305 0.2691 0.0000 0.8823
0.5244 0.7309 0.2690 0.0000 0.8823
0.5243 0.7314 0.2692 0.0000 0.8831
0.5243 0.7315 0.2694 0.0000 0.8829
0.5243 0.7314 0.2688 0.0000 0.8827
0.5239 0.7308 0.2716 0.0000 0.8819
0.5237 0.7305 0.2717 0.0000 0.8814
0.5237 0.7306 0.2718 0.0000 0.8812
0.5241 0.7313 0.2721 0.0000 0.8820
0.5241 0.7313 0.2731 0.0000 0.8817
0.5241 0.7312 0.2724 0.0000 0.8813
0.5241 0.7312 0.2724 0.0000 0.8810
0.5243 0.7317 0.2731 0.0000 0.8810
0.5243 0.7315 0.2725 0.0000 0.8809
0.5246 0.7316 0.2696 0.0000 0.8807
0.5245 0.7313 0.2696 0.0000 0.8805
0.5240 0.7305 0.2702 0.0000 0.8796
0.5234 0.7295 0.2719 0.0000 0.8788
0.5233 0.7295 0.2717 0.0000 0.8786
0.5227 0.7284 0.2752 0.0000 0.8780
