0.8629 1.1984 0.3754 0.0004 1.5932
0.8508 1.1944 0.3658 0.0005 1.5813
0.8469 1.1989 0.3515 0.0009 1.5896
0.8486 1.1920 0.3775 0.0003 1.5758
0.8477 1.1943 0.3759 0.0004 1.5756
0.8360 1.1828 0.3849 0.0003 1.5657
0.8263 1.1624 0.4375 0.0000 1.5480
0.8213 1.1503 0.4471 0.0000 1.5361
0.8203 1.1504 0.4458 0.0000 1.5387
0.8152 1.1488 0.4455 0.0000 1.5380
0.8092 1.1449 0.4483 0.0000 1.5353
0.7895 1.1346 0.4462 0.0000 1.5262
0.7803 1.1323 0.4542 0.0000 1.5268
0.8098 1.1525 0.4113 0.0001 1.5580
0.8098 1.1525 0.4114 0.0001 1.5565
0.8116 1.1556 0.4056 0.0001 1.5585
0.8116 1.1557 0.4054 0.0001 1.5571
0.8156 1.1591 0.3989 0.0001 1.5596
0.8150 1.1595 0.3983 0.0001 1.5591
0.8271 1.1589 0.3973 0.0002 1.5606
0.8343 1.1714 0.3735 0.0004 1.5733
0.8293 1.1721 0.3735 0.0004 1.5777
0.8277 1.1736 0.3713 0.0004 1.5792
0.8279 1.1737 0.3716 0.0004 1.5780
0.8261 1.1742 0.3727 0.0004 1.5777
0.8249 1.1758 0.3703 0.0004 1.5782
0.8410 1.1742 0.3694 0.0005 1.5961
0.8402 1.1749 0.3686 0.0005 1.5945
0.8386 1.1767 0.3654 0.0005 1.5958
0.8380 1.1762 0.3662 0.0005 1.5936
0.8380 1.1761 0.3663 0.0005 1.5917
0.8379 1.1760 0.3666 0.0005 1.5899
0.8399 1.1737 0.3700 0.0005 1.5883
0.8367 1.1737 0.3708 0.0004 1.5873
0.8366 1.1737 0.3710 0.0004 1.5857
0.8481 1.1834 0.3544 0.0008 1.5916
0.8443 1.1793 0.3611 0.0006 1.5897
0.8440 1.1786 0.3623 0.0006 1.5878
0.8427 1.1764 0.3653 0.0005 1.5856
0.8431 1.1768 0.3645 0.0006 1.5844
0.8371 1.1749 0.3686 0.0005 1.5825
0.8367 1.1748 0.3687 0.0005 1.5815
0.8367 1.1748 0.3685 0.0005 1.5803
0.8366 1.1745 0.3691 0.0005 1.5791
0.8369 1.1751 0.3683 0.0005 1.5783
0.8359 1.1745 0.3697 0.0005 1.5768
0.8378 1.1822 0.3558 0.0008 1.5834
0.8393 1.1834 0.3525 0.0009 1.5837
0.8430 1.1742 0.3710 0.0004 1.5902
0.8433 1.1745 0.3706 0.0004 1.5889
0.8404 1.1719 0.3753 0.0004 1.5868
0.8632 1.1875 0.3511 0.0009 1.6048
0.8633 1.1876 0.3508 0.0009 1.6034
0.8645 1.1925 0.3418 0.0013 1.6059
0.8616 1.1900 0.3465 0.0011 1.6031
0.8607 1.1892 0.3481 0.0010 1.6013
0.8604 1.1894 0.3485 0.0010 1.6001
0.8626 1.1917 0.3435 0.0012 1.6011
0.8628 1.1945 0.3392 0.0014 1.6022
0.8744 1.1942 0.3441 0.0012 1.6058
0.8739 1.1941 0.3448 0.0012 1.6043
0.8709 1.1914 0.3487 0.0010 1.6015
0.8730 1.1927 0.3484 0.0010 1.6010
0.8694 1.1844 0.3578 0.0007 1.6099
0.8719 1.1868 0.3552 0.0008 1.6096
0.8648 1.1839 0.3553 0.0008 1.6150
0.8639 1.1840 0.3555 0.0008 1.6133
0.8639 1.1837 0.3560 0.0008 1.6116
0.8651 1.1848 0.3545 0.0008 1.6108
0.8662 1.1888 0.3451 0.0011 1.6149
0.8653 1.1900 0.3421 0.0013 1.6148
0.8649 1.1894 0.3430 0.0012 1.6131
0.8649 1.1894 0.3431 0.0012 1.6117
0.8563 1.1831 0.3520 0.0009 1.6123
0.8564 1.1834 0.3515 0.0009 1.6111
0.8530 1.1810 0.3556 0.0008 1.6089
0.8525 1.1820 0.3538 0.0008 1.6086
0.8523 1.1797 0.3580 0.0007 1.6078
0.8534 1.1812 0.3553 0.0008 1.6075
0.8533 1.1812 0.3553 0.0008 1.6062
0.8528 1.1810 0.3556 0.0008 1.6049
0.8530 1.1818 0.3540 0.0008 1.6043
0.8523 1.1810 0.3556 0.0008 1.6027
0.8522 1.1802 0.3569 0.0007 1.6013
0.8506 1.1817 0.3538 0.0008 1.6017
0.8513 1.1822 0.3535 0.0008 1.6011
0.8512 1.1825 0.3530 0.0009 1.6002
0.8513 1.1832 0.3515 0.0009 1.6000
0.8487 1.1818 0.3542 0.0008 1.5985
0.8490 1.1821 0.3538 0.0008 1.5980
0.8486 1.1816 0.3548 0.0008 1.5967
0.8486 1.1818 0.3548 0.0008 1.5958
0.8485 1.1820 0.3546 0.0008 1.5950
0.8461 1.1790 0.3600 0.0007 1.5925
0.8459 1.1789 0.3603 0.0007 1.5915
0.8473 1.1804 0.3579 0.0007 1.5920
0.8470 1.1800 0.3591 0.0007 1.5911
0.8468 1.1806 0.3580 0.0007 1.5910
0.8472 1.1827 0.3548 0.0008 1.5918
0.8430 1.1807 0.3589 0.0007 1.5903
0.8408 1.1784 0.3636 0.0006 1.5883
0.8408 1.1784 0.3636 0.0006 1.5876
0.8405 1.1774 0.3650 0.0005 1.5864
0.8431 1.1613 0.3943 0.0002 1.6022
0.8442 1.1622 0.3925 0.0002 1.6019
0.8448 1.1619 0.3931 0.0002 1.6006
0.8438 1.1612 0.3945 0.0002 1.5991
0.8438 1.1610 0.3948 0.0002 1.5979
0.8402 1.1580 0.3996 0.0001 1.5964
0.8405 1.1582 0.3993 0.0001 1.5954
0.8398 1.1574 0.4006 0.0001 1.5940
0.8389 1.1573 0.4005 0.0001 1.5948
0.8388 1.1571 0.4008 0.0001 1.5936
0.8386 1.1568 0.4011 0.0001 1.5925
0.8382 1.1568 0.4012 0.0001 1.5915
0.8381 1.1567 0.4014 0.0001 1.5903
0.8377 1.1568 0.4014 0.0001 1.5894
0.8378 1.1568 0.4013 0.0001 1.5884
0.8380 1.1570 0.4010 0.0001 1.5876
0.8374 1.1573 0.4005 0.0001 1.5869
0.8375 1.1573 0.4005 0.0001 1.5859
0.8352 1.1567 0.4017 0.0001 1.5855
0.8345 1.1565 0.4021 0.0001 1.5845
0.8345 1.1563 0.4023 0.0001 1.5835
0.8340 1.1566 0.4020 0.0001 1.5829
0.8304 1.1534 0.4079 0.0001 1.5812
0.8302 1.1535 0.4079 0.0001 1.5803
0.8302 1.1535 0.4079 0.0001 1.5794
0.8395 1.1555 0.4037 0.0001 1.5942
0.8395 1.1555 0.4037 0.0001 1.5932
0.8399 1.1552 0.4042 0.0001 1.5921
0.8382 1.1528 0.4085 0.0001 1.5914
0.8380 1.1533 0.4076 0.0001 1.5907
0.8369 1.1522 0.4095 0.0001 1.5891
0.8367 1.1522 0.4095 0.0001 1.5882
0.8370 1.1541 0.4062 0.0001 1.5886
0.8379 1.1542 0.4059 0.0001 1.5881
0.8361 1.1524 0.4089 0.0001 1.5871
0.8373 1.1525 0.4089 0.0001 1.5864
0.8369 1.1526 0.4086 0.0001 1.5856
0.8367 1.1530 0.4082 0.0001 1.5851
0.8345 1.1510 0.4116 0.0001 1.5835
0.8347 1.1512 0.4112 0.0001 1.5828
0.8346 1.1513 0.4111 0.0001 1.5820
0.8322 1.1509 0.4119 0.0001 1.5815
0.8333 1.1520 0.4100 0.0001 1.5816
0.8327 1.1541 0.4064 0.0001 1.5829
0.8323 1.1537 0.4068 0.0001 1.5828
0.8315 1.1535 0.4073 0.0001 1.5819
0.8327 1.1550 0.4045 0.0001 1.5833
0.8328 1.1550 0.4046 0.0001 1.5826
0.8330 1.1538 0.4066 0.0001 1.5816
0.8331 1.1539 0.4064 0.0001 1.5809
0.8331 1.1538 0.4065 0.0001 1.5801
0.8327 1.1539 0.4062 0.0001 1.5798
0.8324 1.1546 0.4051 0.0001 1.5794
0.8303 1.1530 0.4081 0.0001 1.5781
0.8300 1.1527 0.4086 0.0001 1.5772
0.8300 1.1530 0.4082 0.0001 1.5767
0.8294 1.1516 0.4107 0.0001 1.5755
0.8296 1.1517 0.4104 0.0001 1.5749
0.8295 1.1516 0.4107 0.0001 1.5741
0.8307 1.1529 0.4085 0.0001 1.5743
0.8327 1.1525 0.4088 0.0001 1.5744
0.8326 1.1526 0.4086 0.0001 1.5739
0.8327 1.1530 0.4079 0.0001 1.5735
0.8318 1.1542 0.4060 0.0001 1.5739
0.8334 1.1559 0.4029 0.0001 1.5750
0.8334 1.1559 0.4028 0.0001 1.5744
0.8332 1.1553 0.4039 0.0001 1.5747
0.8325 1.1562 0.4026 0.0001 1.5749
0.8347 1.1569 0.4011 0.0001 1.5755
0.8348 1.1568 0.4013 0.0001 1.5749
0.8349 1.1580 0.3992 0.0001 1.5752
0.8347 1.1599 0.3962 0.0002 1.5768
0.8344 1.1597 0.3967 0.0002 1.5760
0.8398 1.1571 0.4008 0.0001 1.5805
0.8405 1.1563 0.4022 0.0001 1.5799
0.8404 1.1563 0.4023 0.0001 1.5793
0.8372 1.1533 0.4074 0.0001 1.5770
0.8362 1.1525 0.4088 0.0001 1.5761
0.8357 1.1530 0.4080 0.0001 1.5758
0.8365 1.1535 0.4070 0.0001 1.5758
0.8387 1.1487 0.4157 0.0001 1.5743
0.8380 1.1489 0.4153 0.0001 1.5740
0.8380 1.1475 0.4178 0.0001 1.5735
0.8372 1.1474 0.4179 0.0001 1.5729
0.8373 1.1482 0.4164 0.0001 1.5730
0.8367 1.1479 0.4169 0.0001 1.5723
0.8369 1.1470 0.4185 0.0001 1.5713
0.8375 1.1478 0.4172 0.0001 1.5713
0.8357 1.1481 0.4165 0.0001 1.5723
0.8356 1.1480 0.4167 0.0001 1.5717
0.8354 1.1477 0.4171 0.0001 1.5709
0.8362 1.1481 0.4166 0.0001 1.5709
0.8354 1.1475 0.4177 0.0001 1.5700
0.8366 1.1488 0.4155 0.0001 1.5722
0.8363 1.1492 0.4147 0.0001 1.5719
0.8358 1.1487 0.4156 0.0001 1.5711
0.8358 1.1484 0.4159 0.0001 1.5712
0.8356 1.1483 0.4161 0.0001 1.5705
0.8373 1.1497 0.4140 0.0001 1.5714
0.8366 1.1490 0.4151 0.0001 1.5703
0.8368 1.1487 0.4157 0.0001 1.5696
0.8352 1.1470 0.4185 0.0001 1.5680
0.8352 1.1474 0.4177 0.0001 1.5679
0.8351 1.1473 0.4179 0.0001 1.5673
0.8348 1.1470 0.4184 0.0001 1.5666
0.8346 1.1470 0.4185 0.0001 1.5661
0.8345 1.1469 0.4186 0.0001 1.5655
0.8331 1.1455 0.4209 0.0001 1.5650
0.8326 1.1452 0.4215 0.0001 1.5645
0.8299 1.1428 0.4255 0.0000 1.5634
0.8285 1.1417 0.4274 0.0000 1.5622
0.8282 1.1420 0.4269 0.0000 1.5620
0.8261 1.1406 0.4293 0.0000 1.5608
0.8258 1.1404 0.4298 0.0000 1.5601
0.8247 1.1410 0.4290 0.0000 1.5605
0.8236 1.1407 0.4296 0.0000 1.5601
0.8234 1.1405 0.4300 0.0000 1.5594
0.8244 1.1404 0.4299 0.0000 1.5593
0.8243 1.1407 0.4296 0.0000 1.5591
0.8241 1.1405 0.4300 0.0000 1.5584
0.8205 1.1379 0.4347 0.0000 1.5567
0.8196 1.1372 0.4361 0.0000 1.5558
0.8191 1.1360 0.4381 0.0000 1.5544
0.8185 1.1329 0.4426 0.0000 1.5539
0.8189 1.1341 0.4407 0.0000 1.5544
0.8162 1.1300 0.4474 0.0000 1.5518
0.8175 1.1311 0.4456 0.0000 1.5522
0.8212 1.1335 0.4412 0.0000 1.5539
0.8212 1.1336 0.4411 0.0000 1.5535
0.8219 1.1340 0.4403 0.0000 1.5536
0.8201 1.1318 0.4440 0.0000 1.5523
0.8192 1.1308 0.4457 0.0000 1.5512
0.8191 1.1306 0.4461 0.0000 1.5505
0.8183 1.1319 0.4442 0.0000 1.5517
0.8185 1.1320 0.4441 0.0000 1.5513
0.8170 1.1312 0.4455 0.0000 1.5503
0.8167 1.1309 0.4460 0.0000 1.5498
0.8149 1.1294 0.4487 0.0000 1.5482
0.8147 1.1292 0.4490 0.0000 1.5477
0.8164 1.1313 0.4452 0.0000 1.5494
0.8161 1.1311 0.4455 0.0000 1.5489
0.8165 1.1307 0.4462 0.0000 1.5485
0.8164 1.1315 0.4451 0.0000 1.5490
0.8166 1.1323 0.4440 0.0000 1.5501
0.8141 1.1313 0.4459 0.0000 1.5491
0.8124 1.1300 0.4482 0.0000 1.5478
0.8123 1.1297 0.4486 0.0000 1.5473
0.8116 1.1241 0.4563 0.0000 1.5493
0.8112 1.1242 0.4563 0.0000 1.5491
0.8107 1.1238 0.4569 0.0000 1.5484
0.8105 1.1236 0.4572 0.0000 1.5478
0.8104 1.1235 0.4574 0.0000 1.5472
0.8200 1.1338 0.4405 0.0000 1.5594
0.8203 1.1343 0.4398 0.0000 1.5596
0.8202 1.1342 0.4399 0.0000 1.5591
0.8202 1.1338 0.4406 0.0000 1.5585
0.8202 1.1333 0.4414 0.0000 1.5578
0.8201 1.1332 0.4416 0.0000 1.5573
0.8198 1.1335 0.4410 0.0000 1.5570
0.8193 1.1327 0.4424 0.0000 1.5564
0.8188 1.1321 0.4434 0.0000 1.5555
0.8176 1.1312 0.4448 0.0000 1.5544
0.8182 1.1319 0.4437 0.0000 1.5546
0.8177 1.1310 0.4452 0.0000 1.5537
0.8177 1.1310 0.4451 0.0000 1.5532
0.8174 1.1316 0.4442 0.0000 1.5533
0.8174 1.1315 0.4443 0.0000 1.5531
0.8173 1.1318 0.4439 0.0000 1.5533
0.8173 1.1319 0.4437 0.0000 1.5529
0.8192 1.1342 0.4400 0.0000 1.5549
0.8189 1.1358 0.4372 0.0000 1.5559
0.8184 1.1357 0.4373 0.0000 1.5555
0.8183 1.1356 0.4375 0.0000 1.5550
0.8185 1.1359 0.4370 0.0000 1.5549
0.8181 1.1357 0.4374 0.0000 1.5544
0.8175 1.1322 0.4431 0.0000 1.5526
0.8172 1.1323 0.4429 0.0000 1.5523
0.8164 1.1313 0.4445 0.0000 1.5513
0.8150 1.1304 0.4461 0.0000 1.5505
0.8143 1.1278 0.4504 0.0000 1.5493
0.8147 1.1287 0.4493 0.0000 1.5501
0.8159 1.1294 0.4483 0.0000 1.5505
0.8162 1.1318 0.4441 0.0000 1.5522
0.8152 1.1307 0.4463 0.0000 1.5512
0.8169 1.1313 0.4451 0.0000 1.5517
0.8167 1.1312 0.4454 0.0000 1.5512
0.8157 1.1304 0.4466 0.0000 1.5503
0.8187 1.1324 0.4437 0.0000 1.5539
0.8187 1.1328 0.4432 0.0000 1.5539
0.8183 1.1324 0.4437 0.0000 1.5532
0.8181 1.1326 0.4432 0.0000 1.5530
0.8180 1.1325 0.4433 0.0000 1.5525
0.8178 1.1324 0.4434 0.0000 1.5521
0.8176 1.1324 0.4436 0.0000 1.5520
0.8163 1.1312 0.4456 0.0000 1.5507
0.8172 1.1315 0.4452 0.0000 1.5508
0.8171 1.1313 0.4454 0.0000 1.5504
0.8166 1.1306 0.4467 0.0000 1.5497
0.8164 1.1304 0.4471 0.0000 1.5492
0.8139 1.1277 0.4515 0.0000 1.5472
0.8135 1.1273 0.4520 0.0000 1.5466
0.8134 1.1276 0.4517 0.0000 1.5465
0.8135 1.1278 0.4515 0.0000 1.5465
0.8136 1.1278 0.4514 0.0000 1.5462
0.8123 1.1275 0.4518 0.0000 1.5457
0.8122 1.1268 0.4531 0.0000 1.5451
0.8115 1.1263 0.4539 0.0000 1.5444
0.8110 1.1256 0.4554 0.0000 1.5438
0.8120 1.1256 0.4557 0.0000 1.5437
0.8120 1.1274 0.4525 0.0000 1.5451
0.8146 1.1310 0.4468 0.0000 1.5487
0.8144 1.1310 0.4468 0.0000 1.5484
0.8155 1.1328 0.4435 0.0000 1.5496
0.8147 1.1320 0.4447 0.0000 1.5487
0.8145 1.1319 0.4449 0.0000 1.5483
0.8141 1.1314 0.4456 0.0000 1.5477
0.8137 1.1311 0.4462 0.0000 1.5471
0.8133 1.1310 0.4462 0.0000 1.5468
0.8138 1.1314 0.4454 0.0000 1.5468
0.8160 1.1327 0.4433 0.0000 1.5483
0.8163 1.1322 0.4444 0.0000 1.5480
0.8172 1.1337 0.4422 0.0000 1.5489
0.8179 1.1349 0.4400 0.0000 1.5497
0.8179 1.1349 0.4398 0.0000 1.5497
0.8163 1.1338 0.4415 0.0000 1.5488
0.8163 1.1341 0.4413 0.0000 1.5489
0.8164 1.1341 0.4413 0.0000 1.5486
0.8171 1.1351 0.4398 0.0000 1.5492
0.8171 1.1344 0.4412 0.0000 1.5486
0.8172 1.1337 0.4420 0.0000 1.5481
0.8165 1.1331 0.4430 0.0000 1.5475
0.8155 1.1328 0.4434 0.0000 1.5470
0.8152 1.1325 0.4439 0.0000 1.5465
0.8134 1.1313 0.4457 0.0000 1.5454
0.8134 1.1315 0.4453 0.0000 1.5454
0.8133 1.1315 0.4454 0.0000 1.5451
0.8132 1.1314 0.4455 0.0000 1.5448
0.8116 1.1296 0.4486 0.0000 1.5436
0.8117 1.1299 0.4481 0.0000 1.5436
0.8116 1.1297 0.4483 0.0000 1.5432
0.8106 1.1292 0.4492 0.0000 1.5426
0.8111 1.1297 0.4484 0.0000 1.5429
0.8088 1.1277 0.4517 0.0000 1.5414
0.8086 1.1274 0.4522 0.0000 1.5409
0.8174 1.1324 0.4459 0.0000 1.5618
0.8175 1.1318 0.4469 0.0000 1.5611
0.8169 1.1315 0.4472 0.0000 1.5609
0.8169 1.1312 0.4476 0.0000 1.5603
0.8168 1.1312 0.4476 0.0000 1.5600
0.8166 1.1310 0.4479 0.0000 1.5595
0.8166 1.1308 0.4484 0.0000 1.5592
0.8155 1.1305 0.4488 0.0000 1.5588
0.8150 1.1301 0.4493 0.0000 1.5582
0.8149 1.1301 0.4493 0.0000 1.5579
0.8151 1.1306 0.4481 0.0000 1.5579
0.8150 1.1305 0.4483 0.0000 1.5574
0.8147 1.1303 0.4485 0.0000 1.5570
0.8143 1.1303 0.4485 0.0000 1.5566
0.8127 1.1287 0.4508 0.0000 1.5554
0.8126 1.1287 0.4509 0.0000 1.5550
0.8128 1.1287 0.4508 0.0000 1.5548
0.8127 1.1285 0.4514 0.0000 1.5545
0.8130 1.1280 0.4525 0.0000 1.5539
0.8131 1.1280 0.4523 0.0000 1.5537
0.8128 1.1281 0.4523 0.0000 1.5534
0.8131 1.1281 0.4523 0.0000 1.5532
0.8125 1.1274 0.4535 0.0000 1.5524
0.8123 1.1272 0.4537 0.0000 1.5519
0.8117 1.1267 0.4544 0.0000 1.5513
0.8116 1.1267 0.4545 0.0000 1.5510
0.8119 1.1275 0.4532 0.0000 1.5517
0.8121 1.1276 0.4535 0.0000 1.5517
0.8137 1.1288 0.4517 0.0000 1.5526
0.8136 1.1287 0.4519 0.0000 1.5523
0.8134 1.1288 0.4515 0.0000 1.5521
0.8124 1.1278 0.4530 0.0000 1.5512
0.8122 1.1277 0.4532 0.0000 1.5508
0.8116 1.1270 0.4542 0.0000 1.5500
0.8112 1.1265 0.4549 0.0000 1.5494
0.8106 1.1267 0.4543 0.0000 1.5495
0.8099 1.1259 0.4554 0.0000 1.5487
0.8097 1.1258 0.4555 0.0000 1.5483
0.8085 1.1253 0.4562 0.0000 1.5477
0.8099 1.1269 0.4536 0.0000 1.5487
0.8094 1.1270 0.4533 0.0000 1.5485
0.8099 1.1273 0.4527 0.0000 1.5485
0.8098 1.1274 0.4526 0.0000 1.5483
0.8100 1.1278 0.4519 0.0000 1.5485
0.8106 1.1285 0.4510 0.0000 1.5489
0.8112 1.1290 0.4504 0.0000 1.5491
0.8112 1.1290 0.4504 0.0000 1.5488
0.8114 1.1292 0.4501 0.0000 1.5488
0.8114 1.1291 0.4501 0.0000 1.5485
0.8105 1.1282 0.4516 0.0000 1.5475
0.8100 1.1278 0.4520 0.0000 1.5471
0.8092 1.1251 0.4576 0.0000 1.5458
0.8088 1.1265 0.4553 0.0000 1.5472
0.8088 1.1264 0.4556 0.0000 1.5469
0.8086 1.1261 0.4559 0.0000 1.5465
0.8085 1.1261 0.4560 0.0000 1.5462
0.8087 1.1263 0.4557 0.0000 1.5461
0.8083 1.1260 0.4560 0.0000 1.5456
0.8083 1.1260 0.4560 0.0000 1.5454
0.8077 1.1258 0.4560 0.0000 1.5450
0.8085 1.1270 0.4543 0.0000 1.5458
0.8082 1.1271 0.4539 0.0000 1.5457
0.8081 1.1278 0.4525 0.0000 1.5460
0.8088 1.1287 0.4511 0.0000 1.5465
0.8075 1.1280 0.4522 0.0000 1.5459
0.8079 1.1282 0.4517 0.0000 1.5460
0.8071 1.1280 0.4521 0.0000 1.5457
0.8068 1.1272 0.4533 0.0000 1.5450
0.8057 1.1269 0.4542 0.0000 1.5458
0.8053 1.1270 0.4538 0.0000 1.5459
0.8043 1.1261 0.4553 0.0000 1.5450
0.8038 1.1256 0.4560 0.0000 1.5445
0.8021 1.1234 0.4594 0.0000 1.5428
0.8023 1.1238 0.4587 0.0000 1.5429
0.8021 1.1236 0.4590 0.0000 1.5426
0.8018 1.1231 0.4596 0.0000 1.5421
0.8024 1.1227 0.4610 0.0000 1.5426
0.8022 1.1226 0.4612 0.0000 1.5423
0.8020 1.1215 0.4628 0.0000 1.5414
0.8040 1.1228 0.4609 0.0000 1.5427
0.8038 1.1224 0.4615 0.0000 1.5422
0.8039 1.1221 0.4618 0.0000 1.5420
0.8040 1.1233 0.4599 0.0000 1.5428
0.8041 1.1233 0.4598 0.0000 1.5426
0.8032 1.1224 0.4613 0.0000 1.5417
0.8032 1.1225 0.4610 0.0000 1.5416
0.8020 1.1211 0.4632 0.0000 1.5406
0.8017 1.1206 0.4640 0.0000 1.5401
0.8042 1.1230 0.4601 0.0000 1.5419
0.8033 1.1236 0.4595 0.0000 1.5431
0.8033 1.1241 0.4585 0.0000 1.5432
0.8029 1.1238 0.4591 0.0000 1.5429
0.8030 1.1239 0.4590 0.0000 1.5427
0.8037 1.1246 0.4579 0.0000 1.5431
0.8033 1.1242 0.4585 0.0000 1.5426
0.8032 1.1245 0.4579 0.0000 1.5426
0.8034 1.1251 0.4570 0.0000 1.5429
0.8044 1.1256 0.4562 0.0000 1.5433
0.8042 1.1257 0.4559 0.0000 1.5432
0.8036 1.1253 0.4565 0.0000 1.5427
0.8035 1.1253 0.4565 0.0000 1.5425
0.8037 1.1254 0.4565 0.0000 1.5426
0.8029 1.1252 0.4566 0.0000 1.5423
0.8030 1.1254 0.4564 0.0000 1.5423
