0.7092 0.8914 0.2298 0.0002 0.9992
0.7323 0.9295 0.2280 0.0003 1.0159
0.7205 0.9157 0.2287 0.0003 1.0149
0.7315 0.9326 0.2277 0.0003 1.0440
0.7304 0.9291 0.2199 0.0005 1.0287
0.7305 0.9273 0.2150 0.0006 1.0193
0.7222 0.9157 0.2133 0.0007 1.0182
0.7213 0.9126 0.2121 0.0007 1.0065
0.7145 0.9034 0.2121 0.0007 1.0062
0.6988 0.8920 0.2021 0.0013 0.9986
0.6692 0.8527 0.1994 0.0015 0.9819
0.6822 0.8712 0.1965 0.0018 0.9964
0.6733 0.8520 0.2148 0.0006 0.9810
0.6686 0.8459 0.2174 0.0005 0.9790
0.6631 0.8382 0.2155 0.0006 0.9792
0.6627 0.8382 0.2132 0.0007 0.9849
0.6632 0.8399 0.2149 0.0006 0.9873
0.6583 0.8356 0.2050 0.0011 0.9863
0.6587 0.8338 0.2173 0.0005 0.9896
0.6517 0.8249 0.2153 0.0006 0.9871
0.6407 0.8145 0.2236 0.0004 0.9797
0.6450 0.8204 0.2215 0.0004 0.9852
0.6338 0.8066 0.2250 0.0003 0.9758
0.6346 0.8087 0.2231 0.0004 0.9819
0.6284 0.8009 0.2208 0.0004 0.9834
0.6299 0.8040 0.2179 0.0005 0.9940
0.6284 0.8028 0.2177 0.0005 0.9980
0.6340 0.8080 0.2161 0.0006 0.9964
0.6280 0.7990 0.2178 0.0005 0.9895
0.6311 0.7976 0.2218 0.0004 0.9843
0.6334 0.8014 0.2209 0.0004 0.9992
0.6242 0.7900 0.2283 0.0003 0.9910
0.6227 0.7847 0.2326 0.0002 0.9798
0.6456 0.8125 0.2301 0.0002 1.0046
0.6430 0.8103 0.2296 0.0003 1.0069
0.6456 0.8127 0.2319 0.0002 1.0151
0.6388 0.7980 0.2409 0.0001 0.9866
0.6317 0.7848 0.2430 0.0001 0.9644
0.6555 0.8142 0.2321 0.0002 0.9979
0.6644 0.8239 0.2269 0.0003 1.0005
0.6284 0.7790 0.2395 0.0001 0.9383
0.6306 0.7824 0.2487 0.0001 0.9390
0.6365 0.7898 0.2541 0.0000 0.9417
0.6464 0.8016 0.2490 0.0001 0.9464
0.6395 0.7959 0.2575 0.0000 0.9438
0.6392 0.7955 0.2681 0.0000 0.9384
0.6551 0.8163 0.2594 0.0000 0.9653
0.6508 0.8125 0.2573 0.0000 0.9662
0.6589 0.8200 0.2537 0.0000 0.9648
0.6607 0.8189 0.2599 0.0000 0.9649
0.6574 0.8149 0.2609 0.0000 0.9653
0.6340 0.7805 0.2717 0.0000 0.9221
0.6323 0.7786 0.2713 0.0000 0.9214
0.6270 0.7722 0.2733 0.0000 0.9195
0.6198 0.7610 0.2823 0.0000 0.9096
0.6135 0.7533 0.2829 0.0000 0.9069
0.6116 0.7508 0.2828 0.0000 0.9050
0.6153 0.7559 0.2818 0.0000 0.9026
0.6148 0.7556 0.2834 0.0000 0.9007
0.6186 0.7627 0.2793 0.0000 0.9070
0.6278 0.7728 0.2734 0.0000 0.9110
0.6047 0.7467 0.2963 0.0000 0.9011
0.6168 0.7582 0.2840 0.0000 0.9061
0.6169 0.7581 0.2818 0.0000 0.9066
0.6100 0.7489 0.2895 0.0000 0.8991
0.6073 0.7468 0.2890 0.0000 0.8998
0.6195 0.7626 0.2809 0.0000 0.9044
0.6128 0.7559 0.2792 0.0000 0.9024
0.6118 0.7551 0.2776 0.0000 0.9026
0.6034 0.7440 0.2789 0.0000 0.9018
0.6069 0.7479 0.2745 0.0000 0.9046
0.6031 0.7437 0.2758 0.0000 0.9032
0.5956 0.7341 0.2790 0.0000 0.9013
0.5971 0.7344 0.2829 0.0000 0.8996
0.6010 0.7361 0.2833 0.0000 0.8947
0.5985 0.7331 0.2846 0.0000 0.8928
0.5969 0.7312 0.2858 0.0000 0.8922
0.5936 0.7261 0.2839 0.0000 0.8915
0.5928 0.7256 0.2837 0.0000 0.8916
0.5937 0.7257 0.2836 0.0000 0.8913
0.6038 0.7382 0.2754 0.0000 0.8969
0.5866 0.7146 0.2878 0.0000 0.8776
0.5885 0.7163 0.2889 0.0000 0.8774
0.5871 0.7132 0.2932 0.0000 0.8744
0.5981 0.7289 0.2866 0.0000 0.8839
0.5960 0.7267 0.2876 0.0000 0.8830
0.5919 0.7208 0.2910 0.0000 0.8796
0.5958 0.7259 0.2853 0.0000 0.8808
0.5904 0.7200 0.2808 0.0000 0.8798
0.5898 0.7203 0.2796 0.0000 0.8806
0.5777 0.7057 0.2939 0.0000 0.8771
0.5752 0.7033 0.2916 0.0000 0.8767
0.5711 0.6988 0.2945 0.0000 0.8761
0.5669 0.6941 0.3007 0.0000 0.8746
0.5694 0.6980 0.2981 0.0000 0.8757
0.5650 0.6915 0.3014 0.0000 0.8741
0.5600 0.6858 0.3051 0.0000 0.8737
0.5613 0.6868 0.3044 0.0000 0.8736
0.5611 0.6838 0.3111 0.0000 0.8688
0.5596 0.6826 0.3107 0.0000 0.8685
0.5570 0.6793 0.3122 0.0000 0.8663
0.5544 0.6768 0.3137 0.0000 0.8656
0.5519 0.6747 0.3140 0.0000 0.8651
0.5516 0.6742 0.3157 0.0000 0.8644
0.5482 0.6703 0.3190 0.0000 0.8634
0.5494 0.6725 0.3169 0.0000 0.8628
0.5509 0.6736 0.3155 0.0000 0.8625
0.5539 0.6733 0.3146 0.0000 0.8598
0.5566 0.6772 0.3143 0.0000 0.8603
0.5578 0.6784 0.3136 0.0000 0.8598
0.5567 0.6762 0.3178 0.0000 0.8615
0.5584 0.6789 0.3173 0.0000 0.8611
0.5581 0.6787 0.3167 0.0000 0.8607
0.5576 0.6786 0.3159 0.0000 0.8608
0.5569 0.6757 0.3234 0.0000 0.8592
0.5564 0.6741 0.3240 0.0000 0.8579
0.5580 0.6752 0.3279 0.0000 0.8577
0.5588 0.6746 0.3308 0.0000 0.8562
0.5619 0.6779 0.3273 0.0000 0.8571
0.5617 0.6788 0.3276 0.0000 0.8575
0.5562 0.6730 0.3305 0.0000 0.8567
0.5537 0.6712 0.3331 0.0000 0.8560
0.5517 0.6693 0.3341 0.0000 0.8556
0.5520 0.6710 0.3356 0.0000 0.8576
0.5508 0.6701 0.3358 0.0000 0.8571
0.5521 0.6722 0.3363 0.0000 0.8568
0.5540 0.6734 0.3371 0.0000 0.8564
0.5536 0.6731 0.3373 0.0000 0.8556
0.5524 0.6722 0.3373 0.0000 0.8553
0.5530 0.6721 0.3400 0.0000 0.8529
0.5538 0.6717 0.3385 0.0000 0.8527
0.5510 0.6707 0.3414 0.0000 0.8526
0.5512 0.6707 0.3398 0.0000 0.8526
0.5516 0.6702 0.3399 0.0000 0.8519
0.5476 0.6665 0.3387 0.0000 0.8534
0.5482 0.6665 0.3416 0.0000 0.8529
0.5512 0.6700 0.3388 0.0000 0.8531
0.5516 0.6705 0.3417 0.0000 0.8527
0.5498 0.6699 0.3358 0.0000 0.8557
0.5491 0.6693 0.3359 0.0000 0.8551
0.5486 0.6704 0.3318 0.0000 0.8559
0.5502 0.6721 0.3308 0.0000 0.8552
0.5520 0.6734 0.3309 0.0000 0.8544
0.5523 0.6738 0.3304 0.0000 0.8539
0.5555 0.6765 0.3293 0.0000 0.8537
0.5546 0.6756 0.3298 0.0000 0.8530
0.5529 0.6739 0.3300 0.0000 0.8523
0.5518 0.6733 0.3303 0.0000 0.8522
0.5508 0.6719 0.3316 0.0000 0.8514
0.5531 0.6721 0.3324 0.0000 0.8510
0.5500 0.6709 0.3327 0.0000 0.8512
0.5496 0.6707 0.3336 0.0000 0.8506
0.5485 0.6698 0.3335 0.0000 0.8502
0.5493 0.6696 0.3336 0.0000 0.8496
0.5485 0.6689 0.3336 0.0000 0.8491
0.5477 0.6683 0.3338 0.0000 0.8487
0.5429 0.6625 0.3368 0.0000 0.8496
0.5415 0.6611 0.3373 0.0000 0.8494
0.5404 0.6610 0.3375 0.0000 0.8486
0.5401 0.6604 0.3372 0.0000 0.8479
0.5402 0.6616 0.3369 0.0000 0.8494
0.5393 0.6609 0.3368 0.0000 0.8490
0.5382 0.6597 0.3359 0.0000 0.8487
0.5374 0.6590 0.3357 0.0000 0.8483
0.5367 0.6585 0.3356 0.0000 0.8479
0.5361 0.6580 0.3354 0.0000 0.8475
0.5410 0.6623 0.3353 0.0000 0.8479
0.5442 0.6637 0.3358 0.0000 0.8478
0.5453 0.6634 0.3367 0.0000 0.8465
0.5464 0.6646 0.3359 0.0000 0.8462
0.5524 0.6683 0.3340 0.0000 0.8481
0.5514 0.6674 0.3340 0.0000 0.8477
0.5507 0.6658 0.3298 0.0000 0.8494
0.5508 0.6658 0.3299 0.0000 0.8490
0.5500 0.6650 0.3299 0.0000 0.8485
0.5463 0.6623 0.3379 0.0000 0.8476
0.5462 0.6620 0.3380 0.0000 0.8471
0.5468 0.6643 0.3325 0.0000 0.8509
0.5453 0.6622 0.3322 0.0000 0.8527
0.5455 0.6624 0.3320 0.0000 0.8521
0.5447 0.6617 0.3318 0.0000 0.8517
0.5449 0.6619 0.3312 0.0000 0.8513
0.5442 0.6612 0.3319 0.0000 0.8507
0.5435 0.6628 0.3289 0.0000 0.8514
0.5434 0.6634 0.3315 0.0000 0.8532
0.5438 0.6651 0.3312 0.0000 0.8552
0.5440 0.6648 0.3322 0.0000 0.8544
0.5462 0.6708 0.3231 0.0000 0.8549
0.5457 0.6704 0.3231 0.0000 0.8544
0.5450 0.6697 0.3226 0.0000 0.8540
0.5441 0.6691 0.3224 0.0000 0.8537
0.5468 0.6732 0.3183 0.0000 0.8539
0.5485 0.6770 0.3187 0.0000 0.8558
0.5483 0.6772 0.3188 0.0000 0.8554
0.5484 0.6771 0.3173 0.0000 0.8545
0.5494 0.6780 0.3163 0.0000 0.8541
0.5485 0.6773 0.3161 0.0000 0.8538
0.5495 0.6781 0.3162 0.0000 0.8537
0.5493 0.6766 0.3186 0.0000 0.8532
0.5495 0.6774 0.3176 0.0000 0.8525
0.5471 0.6763 0.3139 0.0000 0.8545
0.5507 0.6792 0.3164 0.0000 0.8547
0.5503 0.6789 0.3163 0.0000 0.8542
0.5506 0.6789 0.3175 0.0000 0.8537
0.5503 0.6786 0.3177 0.0000 0.8531
0.5489 0.6771 0.3180 0.0000 0.8527
0.5478 0.6765 0.3183 0.0000 0.8528
0.5467 0.6753 0.3181 0.0000 0.8525
0.5463 0.6748 0.3182 0.0000 0.8521
0.5470 0.6785 0.3153 0.0000 0.8539
0.5470 0.6784 0.3151 0.0000 0.8537
0.5479 0.6797 0.3151 0.0000 0.8532
0.5484 0.6800 0.3148 0.0000 0.8531
0.5483 0.6799 0.3136 0.0000 0.8537
0.5498 0.6825 0.3119 0.0000 0.8534
0.5495 0.6829 0.3099 0.0000 0.8535
0.5493 0.6827 0.3096 0.0000 0.8532
0.5504 0.6847 0.3103 0.0000 0.8522
0.5477 0.6812 0.3078 0.0000 0.8543
0.5455 0.6755 0.3115 0.0000 0.8537
0.5454 0.6770 0.3110 0.0000 0.8544
0.5457 0.6769 0.3115 0.0000 0.8540
0.5452 0.6760 0.3117 0.0000 0.8535
0.5440 0.6749 0.3114 0.0000 0.8533
0.5443 0.6759 0.3112 0.0000 0.8545
0.5453 0.6773 0.3111 0.0000 0.8544
0.5448 0.6768 0.3114 0.0000 0.8540
0.5445 0.6762 0.3125 0.0000 0.8536
0.5431 0.6740 0.3104 0.0000 0.8539
0.5430 0.6737 0.3108 0.0000 0.8534
0.5424 0.6728 0.3127 0.0000 0.8535
0.5416 0.6721 0.3124 0.0000 0.8534
0.5414 0.6723 0.3132 0.0000 0.8528
0.5417 0.6730 0.3120 0.0000 0.8526
0.5386 0.6704 0.3155 0.0000 0.8520
0.5389 0.6709 0.3166 0.0000 0.8516
0.5358 0.6651 0.3225 0.0000 0.8512
0.5358 0.6651 0.3225 0.0000 0.8506
0.5353 0.6647 0.3225 0.0000 0.8503
0.5350 0.6653 0.3205 0.0000 0.8505
0.5347 0.6648 0.3210 0.0000 0.8500
0.5347 0.6645 0.3206 0.0000 0.8496
0.5342 0.6640 0.3206 0.0000 0.8493
0.5332 0.6630 0.3242 0.0000 0.8485
0.5327 0.6626 0.3243 0.0000 0.8483
0.5322 0.6640 0.3244 0.0000 0.8505
0.5320 0.6637 0.3242 0.0000 0.8501
0.5329 0.6637 0.3260 0.0000 0.8499
0.5319 0.6639 0.3250 0.0000 0.8510
0.5315 0.6637 0.3249 0.0000 0.8508
0.5307 0.6627 0.3255 0.0000 0.8506
0.5304 0.6626 0.3248 0.0000 0.8503
0.5295 0.6616 0.3252 0.0000 0.8501
0.5288 0.6612 0.3251 0.0000 0.8500
0.5290 0.6613 0.3254 0.0000 0.8498
0.5287 0.6612 0.3255 0.0000 0.8495
0.5289 0.6616 0.3249 0.0000 0.8493
0.5286 0.6613 0.3246 0.0000 0.8492
0.5286 0.6613 0.3244 0.0000 0.8484
0.5290 0.6612 0.3248 0.0000 0.8481
0.5290 0.6606 0.3255 0.0000 0.8476
0.5297 0.6629 0.3244 0.0000 0.8478
0.5316 0.6656 0.3228 0.0000 0.8478
0.5302 0.6631 0.3244 0.0000 0.8478
0.5307 0.6633 0.3233 0.0000 0.8474
0.5303 0.6630 0.3233 0.0000 0.8472
0.5311 0.6634 0.3241 0.0000 0.8481
0.5302 0.6622 0.3242 0.0000 0.8480
0.5297 0.6607 0.3250 0.0000 0.8466
0.5302 0.6612 0.3258 0.0000 0.8462
0.5304 0.6610 0.3291 0.0000 0.8455
0.5300 0.6607 0.3289 0.0000 0.8454
0.5314 0.6635 0.3267 0.0000 0.8468
0.5312 0.6632 0.3270 0.0000 0.8465
0.5314 0.6640 0.3286 0.0000 0.8468
0.5312 0.6632 0.3287 0.0000 0.8463
0.5307 0.6639 0.3272 0.0000 0.8466
0.5304 0.6639 0.3268 0.0000 0.8465
0.5299 0.6636 0.3266 0.0000 0.8463
0.5299 0.6635 0.3263 0.0000 0.8459
0.5295 0.6628 0.3259 0.0000 0.8454
0.5305 0.6641 0.3265 0.0000 0.8453
0.5299 0.6620 0.3240 0.0000 0.8475
0.5310 0.6641 0.3246 0.0000 0.8489
0.5313 0.6653 0.3253 0.0000 0.8507
0.5271 0.6592 0.3308 0.0000 0.8504
0.5272 0.6593 0.3312 0.0000 0.8503
0.5272 0.6597 0.3293 0.0000 0.8508
0.5274 0.6593 0.3339 0.0000 0.8502
0.5259 0.6579 0.3369 0.0000 0.8503
0.5249 0.6566 0.3376 0.0000 0.8500
0.5243 0.6563 0.3381 0.0000 0.8499
0.5241 0.6563 0.3378 0.0000 0.8496
0.5252 0.6573 0.3382 0.0000 0.8494
0.5256 0.6594 0.3329 0.0000 0.8515
0.5261 0.6597 0.3341 0.0000 0.8512
0.5256 0.6593 0.3341 0.0000 0.8509
0.5259 0.6592 0.3336 0.0000 0.8507
0.5257 0.6591 0.3335 0.0000 0.8504
0.5261 0.6596 0.3337 0.0000 0.8502
0.5274 0.6614 0.3333 0.0000 0.8499
0.5261 0.6599 0.3337 0.0000 0.8497
0.5257 0.6596 0.3338 0.0000 0.8496
0.5251 0.6587 0.3340 0.0000 0.8490
0.5243 0.6579 0.3346 0.0000 0.8488
0.5241 0.6577 0.3347 0.0000 0.8486
0.5256 0.6600 0.3341 0.0000 0.8500
0.5259 0.6602 0.3340 0.0000 0.8498
0.5258 0.6601 0.3342 0.0000 0.8493
0.5280 0.6632 0.3297 0.0000 0.8496
0.5291 0.6662 0.3287 0.0000 0.8512
0.5296 0.6652 0.3309 0.0000 0.8505
0.5307 0.6668 0.3294 0.0000 0.8503
0.5287 0.6641 0.3306 0.0000 0.8499
0.5278 0.6622 0.3328 0.0000 0.8488
0.5289 0.6632 0.3345 0.0000 0.8506
0.5297 0.6642 0.3345 0.0000 0.8503
0.5303 0.6658 0.3377 0.0000 0.8525
0.5300 0.6657 0.3378 0.0000 0.8522
0.5304 0.6662 0.3375 0.0000 0.8520
0.5296 0.6654 0.3364 0.0000 0.8519
0.5292 0.6652 0.3353 0.0000 0.8520
0.5290 0.6651 0.3352 0.0000 0.8518
0.5292 0.6647 0.3364 0.0000 0.8528
0.5291 0.6644 0.3361 0.0000 0.8524
0.5294 0.6644 0.3364 0.0000 0.8520
0.5290 0.6642 0.3363 0.0000 0.8520
0.5300 0.6655 0.3367 0.0000 0.8517
0.5296 0.6651 0.3368 0.0000 0.8514
0.5289 0.6643 0.3368 0.0000 0.8513
0.5284 0.6637 0.3369 0.0000 0.8509
0.5277 0.6629 0.3371 0.0000 0.8509
0.5283 0.6620 0.3396 0.0000 0.8504
0.5291 0.6643 0.3396 0.0000 0.8500
0.5291 0.6634 0.3389 0.0000 0.8499
0.5301 0.6648 0.3375 0.0000 0.8501
0.5297 0.6649 0.3366 0.0000 0.8502
0.5295 0.6646 0.3372 0.0000 0.8499
0.5299 0.6642 0.3378 0.0000 0.8497
0.5297 0.6633 0.3389 0.0000 0.8490
0.5306 0.6646 0.3380 0.0000 0.8487
0.5308 0.6648 0.3373 0.0000 0.8486
0.5303 0.6645 0.3375 0.0000 0.8486
0.5303 0.6644 0.3379 0.0000 0.8483
0.5295 0.6630 0.3387 0.0000 0.8477
0.5296 0.6626 0.3396 0.0000 0.8473
0.5295 0.6622 0.3403 0.0000 0.8471
0.5295 0.6621 0.3402 0.0000 0.8470
0.5297 0.6621 0.3411 0.0000 0.8465
0.5299 0.6621 0.3409 0.0000 0.8462
0.5307 0.6637 0.3403 0.0000 0.8475
0.5317 0.6665 0.3382 0.0000 0.8470
0.5318 0.6669 0.3376 0.0000 0.8470
0.5314 0.6666 0.3376 0.0000 0.8469
0.5317 0.6665 0.3373 0.0000 0.8466
0.5325 0.6678 0.3374 0.0000 0.8464
0.5325 0.6672 0.3378 0.0000 0.8456
0.5323 0.6673 0.3371 0.0000 0.8457
0.5305 0.6651 0.3366 0.0000 0.8459
0.5301 0.6648 0.3366 0.0000 0.8458
0.5295 0.6645 0.3357 0.0000 0.8460
0.5291 0.6641 0.3359 0.0000 0.8458
0.5280 0.6611 0.3345 0.0000 0.8467
0.5266 0.6595 0.3351 0.0000 0.8465
0.5267 0.6604 0.3306 0.0000 0.8472
0.5266 0.6602 0.3304 0.0000 0.8469
0.5269 0.6609 0.3298 0.0000 0.8467
0.5265 0.6607 0.3297 0.0000 0.8466
0.5265 0.6611 0.3290 0.0000 0.8468
0.5264 0.6618 0.3276 0.0000 0.8472
0.5266 0.6615 0.3291 0.0000 0.8465
0.5267 0.6614 0.3298 0.0000 0.8461
0.5266 0.6610 0.3306 0.0000 0.8459
0.5268 0.6611 0.3303 0.0000 0.8458
0.5275 0.6621 0.3296 0.0000 0.8457
0.5278 0.6614 0.3292 0.0000 0.8453
0.5274 0.6601 0.3296 0.0000 0.8449
0.5271 0.6597 0.3306 0.0000 0.8446
0.5282 0.6602 0.3301 0.0000 0.8443
0.5278 0.6598 0.3300 0.0000 0.8443
0.5289 0.6613 0.3286 0.0000 0.8440
0.5286 0.6611 0.3286 0.0000 0.8438
0.5291 0.6612 0.3309 0.0000 0.8436
0.5306 0.6650 0.3262 0.0000 0.8458
0.5310 0.6658 0.3259 0.0000 0.8455
0.5309 0.6658 0.3257 0.0000 0.8453
0.5317 0.6674 0.3223 0.0000 0.8466
0.5317 0.6671 0.3222 0.0000 0.8464
0.5293 0.6616 0.3232 0.0000 0.8474
0.5290 0.6613 0.3232 0.0000 0.8472
0.5281 0.6610 0.3246 0.0000 0.8474
0.5278 0.6607 0.3245 0.0000 0.8473
0.5276 0.6607 0.3243 0.0000 0.8473
0.5285 0.6614 0.3233 0.0000 0.8472
0.5279 0.6608 0.3234 0.0000 0.8472
0.5277 0.6591 0.3253 0.0000 0.8464
0.5273 0.6590 0.3252 0.0000 0.8464
0.5273 0.6587 0.3247 0.0000 0.8460
0.5276 0.6584 0.3244 0.0000 0.8464
0.5277 0.6582 0.3249 0.0000 0.8460
0.5286 0.6595 0.3208 0.0000 0.8476
0.5285 0.6593 0.3208 0.0000 0.8474
0.5310 0.6614 0.3192 0.0000 0.8473
0.5307 0.6612 0.3192 0.0000 0.8471
0.5313 0.6607 0.3199 0.0000 0.8466
0.5309 0.6604 0.3199 0.0000 0.8464
0.5294 0.6581 0.3219 0.0000 0.8462
0.5293 0.6580 0.3221 0.0000 0.8459
0.5290 0.6578 0.3220 0.0000 0.8457
0.5291 0.6575 0.3223 0.0000 0.8454
0.5293 0.6577 0.3224 0.0000 0.8451
0.5297 0.6578 0.3222 0.0000 0.8450
0.5306 0.6588 0.3236 0.0000 0.8449
0.5302 0.6583 0.3231 0.0000 0.8449
0.5305 0.6595 0.3222 0.0000 0.8460
0.5302 0.6592 0.3222 0.0000 0.8458
0.5300 0.6592 0.3222 0.0000 0.8457
0.5304 0.6591 0.3229 0.0000 0.8453
0.5297 0.6580 0.3238 0.0000 0.8452
0.5293 0.6575 0.3242 0.0000 0.8451
0.5273 0.6544 0.3277 0.0000 0.8454
0.5276 0.6557 0.3282 0.0000 0.8455
0.5270 0.6550 0.3289 0.0000 0.8456
0.5282 0.6567 0.3290 0.0000 0.8462
0.5271 0.6556 0.3297 0.0000 0.8461
0.5263 0.6542 0.3311 0.0000 0.8460
0.5272 0.6551 0.3320 0.0000 0.8466
0.5269 0.6549 0.3319 0.0000 0.8464
0.5270 0.6546 0.3313 0.0000 0.8461
0.5266 0.6543 0.3314 0.0000 0.8459
0.5262 0.6539 0.3315 0.0000 0.8457
0.5265 0.6540 0.3308 0.0000 0.8456
0.5268 0.6543 0.3307 0.0000 0.8454
0.5266 0.6545 0.3297 0.0000 0.8455
0.5260 0.6541 0.3295 0.0000 0.8455
0.5258 0.6541 0.3304 0.0000 0.8459
0.5269 0.6550 0.3301 0.0000 0.8457
0.5266 0.6544 0.3305 0.0000 0.8454
0.5254 0.6530 0.3311 0.0000 0.8453
0.5252 0.6528 0.3313 0.0000 0.8451
0.5250 0.6528 0.3311 0.0000 0.8449
0.5256 0.6542 0.3295 0.0000 0.8462
0.5258 0.6552 0.3285 0.0000 0.8473
0.5231 0.6512 0.3332 0.0000 0.8481
0.5242 0.6518 0.3312 0.0000 0.8478
0.5239 0.6515 0.3317 0.0000 0.8473
0.5235 0.6512 0.3298 0.0000 0.8484
0.5231 0.6508 0.3298 0.0000 0.8482
0.5230 0.6505 0.3300 0.0000 0.8480
0.5238 0.6514 0.3296 0.0000 0.8480
0.5238 0.6514 0.3297 0.0000 0.8477
