0.7942 1.1683 0.4066 0.0001 1.3318
0.7941 1.1704 0.3890 0.0002 1.3357
0.7951 1.1708 0.3884 0.0002 1.3314
0.7970 1.1740 0.3844 0.0003 1.3324
0.7956 1.1726 0.3900 0.0002 1.3294
0.8009 1.1819 0.3757 0.0004 1.3350
0.7956 1.1751 0.3999 0.0001 1.3272
0.7953 1.1752 0.4002 0.0001 1.3269
0.7954 1.1759 0.3982 0.0001 1.3277
0.7834 1.1575 0.4134 0.0001 1.3155
0.7875 1.1579 0.4102 0.0001 1.3158
0.7879 1.1584 0.4137 0.0001 1.3158
0.7961 1.1526 0.4157 0.0001 1.3124
0.7963 1.1523 0.4169 0.0001 1.3124
0.7888 1.1504 0.4227 0.0001 1.3105
0.7914 1.1495 0.4221 0.0001 1.3108
0.7904 1.1487 0.4239 0.0000 1.3108
0.7820 1.1503 0.4242 0.0000 1.3123
0.7845 1.1534 0.4245 0.0000 1.3118
0.7846 1.1505 0.4286 0.0000 1.3106
0.7927 1.1572 0.4115 0.0001 1.3136
0.7936 1.1563 0.4129 0.0001 1.3135
0.7930 1.1583 0.4101 0.0001 1.3143
0.7921 1.1580 0.4115 0.0001 1.3145
0.7949 1.1578 0.4083 0.0001 1.3147
0.7888 1.1546 0.4225 0.0001 1.3113
0.7889 1.1536 0.4243 0.0000 1.3105
0.7854 1.1552 0.4265 0.0000 1.3114
0.7832 1.1557 0.4284 0.0000 1.3117
0.7818 1.1544 0.4312 0.0000 1.3112
0.7934 1.1643 0.4134 0.0001 1.3152
0.7952 1.1435 0.4407 0.0000 1.3041
0.7962 1.1478 0.4337 0.0000 1.3060
0.8022 1.1481 0.4288 0.0000 1.3068
0.8013 1.1504 0.4265 0.0000 1.3118
0.8058 1.1470 0.4286 0.0000 1.3123
0.8033 1.1479 0.4291 0.0000 1.3129
0.8074 1.1424 0.4305 0.0000 1.3127
0.8042 1.1405 0.4355 0.0000 1.3105
0.8192 1.1492 0.4157 0.0001 1.3151
0.8235 1.1530 0.4081 0.0001 1.3161
0.8237 1.1531 0.4078 0.0001 1.3153
0.8251 1.1548 0.4047 0.0001 1.3160
0.8244 1.1560 0.4025 0.0001 1.3160
0.8233 1.1557 0.4030 0.0001 1.3153
0.8179 1.1537 0.4070 0.0001 1.3138
0.8302 1.1551 0.4045 0.0001 1.3152
0.8270 1.1530 0.4080 0.0001 1.3137
0.8277 1.1505 0.4126 0.0001 1.3120
0.8269 1.1506 0.4123 0.0001 1.3114
0.8265 1.1487 0.4157 0.0001 1.3096
0.8283 1.1487 0.4156 0.0001 1.3093
0.8289 1.1466 0.4196 0.0001 1.3089
0.8317 1.1469 0.4194 0.0001 1.3093
0.8361 1.1409 0.4315 0.0000 1.3064
0.8319 1.1377 0.4361 0.0000 1.3060
0.8319 1.1382 0.4352 0.0000 1.3058
0.8305 1.1380 0.4353 0.0000 1.3051
0.8318 1.1405 0.4313 0.0000 1.3071
0.8304 1.1407 0.4306 0.0000 1.3067
0.8259 1.1353 0.4394 0.0000 1.3033
0.8267 1.1376 0.4352 0.0000 1.3044
0.8258 1.1373 0.4357 0.0000 1.3037
0.8256 1.1342 0.4411 0.0000 1.3020
0.8226 1.1336 0.4419 0.0000 1.3015
0.8218 1.1331 0.4428 0.0000 1.3009
0.8252 1.1350 0.4397 0.0000 1.3011
0.8204 1.1309 0.4465 0.0000 1.2986
0.8182 1.1310 0.4465 0.0000 1.2984
0.8175 1.1307 0.4471 0.0000 1.2978
0.8174 1.1305 0.4473 0.0000 1.2979
0.8163 1.1304 0.4475 0.0000 1.2974
0.8136 1.1287 0.4508 0.0000 1.2965
0.8116 1.1244 0.4573 0.0000 1.2958
0.8131 1.1264 0.4532 0.0000 1.2970
0.8105 1.1261 0.4542 0.0000 1.2966
0.8119 1.1280 0.4508 0.0000 1.2974
0.8133 1.1289 0.4491 0.0000 1.2985
0.8127 1.1294 0.4482 0.0000 1.2984
0.8135 1.1284 0.4500 0.0000 1.2976
0.8140 1.1287 0.4494 0.0000 1.2971
0.8137 1.1286 0.4496 0.0000 1.2963
0.8151 1.1281 0.4502 0.0000 1.2959
0.8097 1.1224 0.4599 0.0000 1.2936
0.8101 1.1263 0.4535 0.0000 1.2973
0.8078 1.1245 0.4565 0.0000 1.2969
0.8047 1.1230 0.4592 0.0000 1.2960
0.8046 1.1238 0.4576 0.0000 1.2968
0.8062 1.1247 0.4561 0.0000 1.2964
0.8057 1.1245 0.4565 0.0000 1.2958
0.8046 1.1240 0.4575 0.0000 1.2951
0.8045 1.1213 0.4618 0.0000 1.2935
0.8032 1.1184 0.4665 0.0000 1.2917
0.8014 1.1151 0.4718 0.0000 1.2898
0.8009 1.1146 0.4726 0.0000 1.2892
0.8000 1.1094 0.4810 0.0000 1.2877
0.7970 1.1096 0.4809 0.0000 1.2878
0.7988 1.1157 0.4714 0.0000 1.2913
0.7964 1.1141 0.4739 0.0000 1.2933
0.7965 1.1141 0.4738 0.0000 1.2930
0.7982 1.1144 0.4730 0.0000 1.2920
0.7969 1.1138 0.4742 0.0000 1.2916
0.8002 1.1165 0.4693 0.0000 1.2935
0.8044 1.1201 0.4631 0.0000 1.2953
0.8023 1.1181 0.4662 0.0000 1.2942
0.8022 1.1196 0.4644 0.0000 1.2954
0.8009 1.1188 0.4658 0.0000 1.2946
0.8004 1.1188 0.4660 0.0000 1.2942
0.7987 1.1185 0.4668 0.0000 1.2942
0.7984 1.1185 0.4669 0.0000 1.2939
0.7966 1.1169 0.4696 0.0000 1.2920
0.7970 1.1160 0.4705 0.0000 1.2913
0.7966 1.1162 0.4707 0.0000 1.2912
0.7985 1.1171 0.4686 0.0000 1.2924
0.8005 1.1193 0.4647 0.0000 1.2939
0.8002 1.1194 0.4647 0.0000 1.2936
0.8012 1.1206 0.4629 0.0000 1.2945
0.8001 1.1195 0.4641 0.0000 1.2946
0.7999 1.1197 0.4641 0.0000 1.2944
0.8012 1.1209 0.4618 0.0000 1.2955
0.7948 1.1122 0.4767 0.0000 1.2901
0.7941 1.1113 0.4784 0.0000 1.2890
0.7939 1.1114 0.4783 0.0000 1.2889
0.7937 1.1104 0.4795 0.0000 1.2889
0.7934 1.1104 0.4795 0.0000 1.2887
0.7928 1.1101 0.4801 0.0000 1.2883
0.7955 1.1116 0.4771 0.0000 1.2879
0.7946 1.1119 0.4769 0.0000 1.2878
0.7956 1.1156 0.4715 0.0000 1.2914
0.7964 1.1170 0.4692 0.0000 1.2919
0.7975 1.1187 0.4663 0.0000 1.2926
0.7971 1.1180 0.4675 0.0000 1.2917
0.7990 1.1179 0.4671 0.0000 1.2920
0.7978 1.1152 0.4716 0.0000 1.2905
0.7982 1.1153 0.4714 0.0000 1.2901
0.7993 1.1167 0.4692 0.0000 1.2907
0.8027 1.1202 0.4635 0.0000 1.2925
0.8030 1.1230 0.4589 0.0000 1.2939
0.8023 1.1224 0.4599 0.0000 1.2934
0.8014 1.1215 0.4614 0.0000 1.2930
0.8020 1.1225 0.4597 0.0000 1.2934
0.8001 1.1178 0.4664 0.0000 1.2942
0.7982 1.1161 0.4693 0.0000 1.2928
0.7981 1.1152 0.4702 0.0000 1.2926
0.7981 1.1150 0.4706 0.0000 1.2921
0.7978 1.1151 0.4705 0.0000 1.2919
0.7964 1.1138 0.4728 0.0000 1.2907
0.7939 1.1061 0.4848 0.0000 1.2888
0.7935 1.1056 0.4856 0.0000 1.2880
0.7937 1.1079 0.4820 0.0000 1.2893
0.7937 1.1077 0.4824 0.0000 1.2887
0.7927 1.1068 0.4836 0.0000 1.2879
0.7921 1.1065 0.4841 0.0000 1.2876
0.7914 1.1082 0.4815 0.0000 1.2900
0.7906 1.1077 0.4824 0.0000 1.2896
0.7904 1.1078 0.4823 0.0000 1.2894
0.7908 1.1081 0.4818 0.0000 1.2890
0.7860 1.1047 0.4882 0.0000 1.2870
0.7861 1.1053 0.4873 0.0000 1.2865
0.7861 1.1067 0.4854 0.0000 1.2886
0.7854 1.1063 0.4864 0.0000 1.2885
0.7850 1.1051 0.4883 0.0000 1.2875
0.7846 1.1050 0.4886 0.0000 1.2873
0.7848 1.1055 0.4880 0.0000 1.2871
0.7856 1.1061 0.4871 0.0000 1.2869
0.7882 1.1041 0.4890 0.0000 1.2865
0.7888 1.1049 0.4878 0.0000 1.2866
0.7883 1.1035 0.4899 0.0000 1.2855
0.7892 1.0981 0.4979 0.0000 1.2826
0.7889 1.0976 0.4987 0.0000 1.2823
0.7886 1.0983 0.4977 0.0000 1.2825
0.7884 1.1010 0.4937 0.0000 1.2845
0.7877 1.0999 0.4954 0.0000 1.2838
0.7874 1.0998 0.4955 0.0000 1.2835
0.7870 1.0997 0.4957 0.0000 1.2832
0.7862 1.0988 0.4970 0.0000 1.2825
0.7889 1.1009 0.4938 0.0000 1.2833
0.7878 1.0999 0.4953 0.0000 1.2826
0.7877 1.1002 0.4948 0.0000 1.2832
0.7895 1.1018 0.4922 0.0000 1.2841
0.7893 1.1018 0.4921 0.0000 1.2840
0.7901 1.1020 0.4920 0.0000 1.2838
0.7928 1.1043 0.4888 0.0000 1.2843
0.7943 1.1054 0.4873 0.0000 1.2844
0.7937 1.1055 0.4871 0.0000 1.2843
0.7949 1.1059 0.4866 0.0000 1.2836
0.7945 1.1059 0.4865 0.0000 1.2835
0.7949 1.1062 0.4861 0.0000 1.2834
0.7962 1.1074 0.4843 0.0000 1.2842
0.7957 1.1071 0.4846 0.0000 1.2840
0.7930 1.1044 0.4888 0.0000 1.2817
0.7927 1.1044 0.4888 0.0000 1.2814
0.7926 1.1051 0.4876 0.0000 1.2819
0.7947 1.1077 0.4837 0.0000 1.2833
0.7945 1.1076 0.4838 0.0000 1.2832
0.7950 1.1083 0.4828 0.0000 1.2835
0.7943 1.1078 0.4836 0.0000 1.2831
0.7960 1.1095 0.4811 0.0000 1.2835
0.7948 1.1090 0.4818 0.0000 1.2835
0.7919 1.1056 0.4879 0.0000 1.2814
0.7908 1.1057 0.4876 0.0000 1.2811
0.7907 1.1058 0.4876 0.0000 1.2809
0.7902 1.1056 0.4880 0.0000 1.2806
0.7899 1.1055 0.4882 0.0000 1.2805
0.7905 1.1069 0.4861 0.0000 1.2811
0.7890 1.1052 0.4888 0.0000 1.2800
0.7896 1.1010 0.4947 0.0000 1.2774
0.7894 1.1008 0.4950 0.0000 1.2772
0.7891 1.1002 0.4961 0.0000 1.2767
0.7884 1.0992 0.4977 0.0000 1.2763
0.7872 1.0992 0.4979 0.0000 1.2762
0.7870 1.0996 0.4974 0.0000 1.2760
0.7895 1.1049 0.4896 0.0000 1.2810
0.7873 1.1029 0.4927 0.0000 1.2797
0.7872 1.1031 0.4925 0.0000 1.2798
0.7870 1.1030 0.4927 0.0000 1.2796
0.7846 1.1010 0.4962 0.0000 1.2789
0.7865 1.1025 0.4937 0.0000 1.2792
0.7855 1.1018 0.4949 0.0000 1.2790
0.7860 1.1016 0.4952 0.0000 1.2783
0.7861 1.1016 0.4951 0.0000 1.2781
0.7854 1.1020 0.4945 0.0000 1.2778
0.7845 1.1013 0.4957 0.0000 1.2774
0.7860 1.1026 0.4935 0.0000 1.2778
0.7859 1.1026 0.4935 0.0000 1.2777
0.7855 1.1028 0.4932 0.0000 1.2780
0.7888 1.1059 0.4875 0.0000 1.2799
0.7889 1.1062 0.4870 0.0000 1.2800
0.7888 1.1062 0.4870 0.0000 1.2800
0.7914 1.1077 0.4838 0.0000 1.2813
0.7913 1.1077 0.4838 0.0000 1.2813
0.7910 1.1078 0.4838 0.0000 1.2815
0.7907 1.1080 0.4837 0.0000 1.2817
0.7905 1.1080 0.4838 0.0000 1.2816
0.7927 1.1087 0.4822 0.0000 1.2814
0.7915 1.1080 0.4833 0.0000 1.2810
0.7943 1.1114 0.4779 0.0000 1.2835
0.7938 1.1111 0.4783 0.0000 1.2834
0.7936 1.1110 0.4786 0.0000 1.2832
0.7949 1.1119 0.4769 0.0000 1.2840
0.7955 1.1128 0.4756 0.0000 1.2846
0.7944 1.1124 0.4761 0.0000 1.2842
0.7937 1.1117 0.4772 0.0000 1.2838
0.7929 1.1112 0.4780 0.0000 1.2833
0.7937 1.1126 0.4758 0.0000 1.2835
0.7965 1.1158 0.4708 0.0000 1.2858
0.7970 1.1154 0.4716 0.0000 1.2849
0.7970 1.1162 0.4700 0.0000 1.2857
0.7981 1.1174 0.4683 0.0000 1.2860
0.7945 1.1146 0.4727 0.0000 1.2852
0.7945 1.1146 0.4726 0.0000 1.2853
0.7943 1.1141 0.4733 0.0000 1.2851
0.7940 1.1136 0.4742 0.0000 1.2846
0.7950 1.1153 0.4714 0.0000 1.2855
0.7944 1.1148 0.4722 0.0000 1.2849
0.7942 1.1148 0.4723 0.0000 1.2850
0.7941 1.1145 0.4727 0.0000 1.2843
0.7960 1.1160 0.4703 0.0000 1.2851
0.7967 1.1164 0.4697 0.0000 1.2847
0.7979 1.1181 0.4671 0.0000 1.2853
0.7976 1.1184 0.4665 0.0000 1.2853
0.7975 1.1183 0.4667 0.0000 1.2853
0.7974 1.1183 0.4668 0.0000 1.2853
0.7952 1.1146 0.4733 0.0000 1.2819
0.7951 1.1145 0.4734 0.0000 1.2819
0.7946 1.1140 0.4742 0.0000 1.2815
0.7991 1.1161 0.4710 0.0000 1.2766
0.7960 1.1147 0.4730 0.0000 1.2790
0.7970 1.1152 0.4724 0.0000 1.2782
0.7953 1.1136 0.4746 0.0000 1.2774
0.7943 1.1119 0.4776 0.0000 1.2763
0.7942 1.1119 0.4776 0.0000 1.2763
0.7931 1.1114 0.4782 0.0000 1.2759
0.7916 1.1098 0.4807 0.0000 1.2747
0.7914 1.1097 0.4810 0.0000 1.2746
0.7913 1.1098 0.4807 0.0000 1.2749
0.7910 1.1096 0.4810 0.0000 1.2747
0.7894 1.1087 0.4823 0.0000 1.2734
0.7914 1.1105 0.4796 0.0000 1.2734
0.7929 1.1126 0.4764 0.0000 1.2739
0.7927 1.1125 0.4766 0.0000 1.2739
0.7915 1.1118 0.4776 0.0000 1.2735
0.7908 1.1110 0.4787 0.0000 1.2733
0.7908 1.1112 0.4785 0.0000 1.2735
0.7918 1.1118 0.4777 0.0000 1.2737
0.7917 1.1118 0.4780 0.0000 1.2740
0.7897 1.1112 0.4786 0.0000 1.2736
0.7892 1.1112 0.4786 0.0000 1.2735
0.7935 1.1143 0.4743 0.0000 1.2755
0.7940 1.1148 0.4738 0.0000 1.2758
0.7932 1.1145 0.4740 0.0000 1.2755
0.7906 1.1137 0.4748 0.0000 1.2751
0.7904 1.1137 0.4749 0.0000 1.2750
0.7904 1.1138 0.4748 0.0000 1.2752
0.7900 1.1133 0.4758 0.0000 1.2749
0.7900 1.1133 0.4759 0.0000 1.2749
0.7900 1.1140 0.4743 0.0000 1.2760
0.7914 1.1158 0.4715 0.0000 1.2771
0.7908 1.1158 0.4712 0.0000 1.2771
0.7915 1.1166 0.4699 0.0000 1.2777
0.7918 1.1169 0.4694 0.0000 1.2780
0.7915 1.1163 0.4705 0.0000 1.2775
0.7912 1.1164 0.4706 0.0000 1.2773
0.7908 1.1165 0.4702 0.0000 1.2775
0.7902 1.1159 0.4710 0.0000 1.2771
0.7901 1.1164 0.4706 0.0000 1.2768
0.7896 1.1152 0.4738 0.0000 1.2760
0.7895 1.1152 0.4738 0.0000 1.2760
0.7895 1.1156 0.4725 0.0000 1.2753
0.7901 1.1171 0.4698 0.0000 1.2763
0.7905 1.1173 0.4699 0.0000 1.2758
0.7901 1.1170 0.4701 0.0000 1.2756
0.7895 1.1158 0.4722 0.0000 1.2748
0.7894 1.1158 0.4723 0.0000 1.2748
0.7896 1.1157 0.4726 0.0000 1.2746
0.7895 1.1157 0.4726 0.0000 1.2745
0.7896 1.1159 0.4722 0.0000 1.2748
0.7895 1.1150 0.4737 0.0000 1.2744
0.7898 1.1160 0.4724 0.0000 1.2748
0.7891 1.1160 0.4732 0.0000 1.2740
0.7894 1.1163 0.4728 0.0000 1.2741
0.7892 1.1162 0.4729 0.0000 1.2742
0.7891 1.1163 0.4726 0.0000 1.2743
0.7919 1.1214 0.4654 0.0000 1.2783
0.7919 1.1216 0.4651 0.0000 1.2785
0.7922 1.1223 0.4642 0.0000 1.2789
0.7925 1.1230 0.4636 0.0000 1.2795
0.7924 1.1229 0.4633 0.0000 1.2791
0.7919 1.1225 0.4636 0.0000 1.2789
0.7931 1.1243 0.4612 0.0000 1.2803
0.7931 1.1237 0.4609 0.0000 1.2798
0.7929 1.1237 0.4609 0.0000 1.2798
0.7927 1.1234 0.4612 0.0000 1.2797
0.7917 1.1235 0.4604 0.0000 1.2796
0.7916 1.1236 0.4602 0.0000 1.2796
0.7910 1.1227 0.4620 0.0000 1.2793
0.7911 1.1228 0.4619 0.0000 1.2795
0.7912 1.1229 0.4618 0.0000 1.2797
0.7897 1.1217 0.4634 0.0000 1.2786
0.7899 1.1219 0.4630 0.0000 1.2789
0.7900 1.1222 0.4625 0.0000 1.2791
0.7899 1.1222 0.4625 0.0000 1.2791
0.7897 1.1219 0.4629 0.0000 1.2789
0.7890 1.1213 0.4637 0.0000 1.2785
0.7882 1.1200 0.4653 0.0000 1.2774
0.7881 1.1195 0.4661 0.0000 1.2771
0.7889 1.1210 0.4634 0.0000 1.2778
0.7902 1.1222 0.4619 0.0000 1.2789
0.7894 1.1215 0.4628 0.0000 1.2783
0.7888 1.1212 0.4631 0.0000 1.2781
0.7883 1.1215 0.4623 0.0000 1.2783
0.7883 1.1202 0.4648 0.0000 1.2778
0.7894 1.1218 0.4617 0.0000 1.2788
0.7866 1.1170 0.4686 0.0000 1.2742
0.7872 1.1130 0.4760 0.0000 1.2722
0.7877 1.1144 0.4735 0.0000 1.2731
0.7881 1.1147 0.4732 0.0000 1.2737
0.7880 1.1146 0.4733 0.0000 1.2736
0.7899 1.1175 0.4695 0.0000 1.2752
0.7901 1.1174 0.4692 0.0000 1.2750
0.7924 1.1179 0.4711 0.0000 1.2759
0.7934 1.1182 0.4694 0.0000 1.2756
0.7933 1.1180 0.4700 0.0000 1.2754
0.7935 1.1188 0.4683 0.0000 1.2756
0.7930 1.1183 0.4688 0.0000 1.2752
0.7945 1.1190 0.4693 0.0000 1.2750
0.7943 1.1188 0.4696 0.0000 1.2749
0.7941 1.1190 0.4695 0.0000 1.2747
0.7946 1.1200 0.4680 0.0000 1.2753
0.7964 1.1218 0.4656 0.0000 1.2766
0.7950 1.1193 0.4708 0.0000 1.2754
0.7950 1.1176 0.4757 0.0000 1.2753
0.7949 1.1176 0.4756 0.0000 1.2752
0.7951 1.1182 0.4741 0.0000 1.2754
0.7950 1.1183 0.4745 0.0000 1.2758
0.7949 1.1181 0.4745 0.0000 1.2756
0.7948 1.1183 0.4737 0.0000 1.2757
0.7945 1.1182 0.4737 0.0000 1.2756
0.7936 1.1179 0.4737 0.0000 1.2751
0.7934 1.1187 0.4731 0.0000 1.2751
0.7928 1.1184 0.4738 0.0000 1.2749
0.7926 1.1183 0.4740 0.0000 1.2748
0.7949 1.1192 0.4716 0.0000 1.2758
0.7937 1.1190 0.4710 0.0000 1.2764
0.7932 1.1179 0.4717 0.0000 1.2751
0.7930 1.1179 0.4710 0.0000 1.2745
0.7885 1.1156 0.4738 0.0000 1.2731
0.7904 1.1185 0.4683 0.0000 1.2749
0.7903 1.1182 0.4687 0.0000 1.2745
0.7910 1.1190 0.4674 0.0000 1.2751
0.7912 1.1196 0.4667 0.0000 1.2755
0.7906 1.1189 0.4676 0.0000 1.2749
0.7905 1.1186 0.4679 0.0000 1.2747
0.7903 1.1187 0.4679 0.0000 1.2747
0.7892 1.1166 0.4709 0.0000 1.2734
0.7891 1.1166 0.4709 0.0000 1.2734
0.7887 1.1165 0.4709 0.0000 1.2727
0.7888 1.1167 0.4702 0.0000 1.2730
0.7885 1.1164 0.4706 0.0000 1.2728
0.7916 1.1209 0.4628 0.0000 1.2750
0.7925 1.1216 0.4618 0.0000 1.2754
0.7924 1.1216 0.4618 0.0000 1.2754
0.7929 1.1217 0.4618 0.0000 1.2753
0.7926 1.1216 0.4618 0.0000 1.2751
0.7931 1.1218 0.4616 0.0000 1.2753
0.7927 1.1212 0.4624 0.0000 1.2747
0.7926 1.1210 0.4626 0.0000 1.2747
0.7926 1.1213 0.4621 0.0000 1.2749
0.7920 1.1211 0.4616 0.0000 1.2743
0.7920 1.1211 0.4615 0.0000 1.2743
0.7920 1.1213 0.4613 0.0000 1.2744
0.7935 1.1225 0.4596 0.0000 1.2763
0.7968 1.1257 0.4549 0.0000 1.2786
0.7971 1.1262 0.4541 0.0000 1.2790
0.7977 1.1267 0.4536 0.0000 1.2793
0.7979 1.1267 0.4536 0.0000 1.2795
0.7977 1.1273 0.4523 0.0000 1.2797
0.7977 1.1274 0.4522 0.0000 1.2796
0.7978 1.1277 0.4518 0.0000 1.2797
0.7991 1.1286 0.4509 0.0000 1.2805
0.7989 1.1285 0.4509 0.0000 1.2804
0.7990 1.1286 0.4509 0.0000 1.2804
0.7985 1.1281 0.4514 0.0000 1.2802
0.7981 1.1277 0.4520 0.0000 1.2798
0.7978 1.1274 0.4523 0.0000 1.2798
0.7999 1.1295 0.4497 0.0000 1.2808
0.7991 1.1291 0.4500 0.0000 1.2803
0.7987 1.1292 0.4508 0.0000 1.2797
0.7985 1.1291 0.4509 0.0000 1.2797
0.7982 1.1283 0.4525 0.0000 1.2794
0.7989 1.1288 0.4520 0.0000 1.2796
0.7985 1.1285 0.4523 0.0000 1.2792
0.7981 1.1284 0.4529 0.0000 1.2793
0.7981 1.1284 0.4529 0.0000 1.2793
0.7980 1.1283 0.4530 0.0000 1.2792
0.7976 1.1282 0.4528 0.0000 1.2790
0.7977 1.1283 0.4528 0.0000 1.2791
0.7980 1.1285 0.4522 0.0000 1.2793
0.7977 1.1282 0.4526 0.0000 1.2790
0.7977 1.1282 0.4526 0.0000 1.2790
0.7974 1.1279 0.4528 0.0000 1.2787
0.7970 1.1280 0.4528 0.0000 1.2786
0.7960 1.1272 0.4537 0.0000 1.2780
0.7958 1.1263 0.4544 0.0000 1.2767
0.7956 1.1265 0.4541 0.0000 1.2768
0.7954 1.1264 0.4541 0.0000 1.2767
0.7953 1.1264 0.4541 0.0000 1.2767
0.7959 1.1253 0.4565 0.0000 1.2760
0.7953 1.1244 0.4575 0.0000 1.2750
0.7952 1.1245 0.4573 0.0000 1.2751
0.7958 1.1254 0.4563 0.0000 1.2758
0.7954 1.1254 0.4561 0.0000 1.2757
0.7947 1.1247 0.4570 0.0000 1.2751
0.7973 1.1263 0.4551 0.0000 1.2759
0.7974 1.1267 0.4550 0.0000 1.2758
0.7972 1.1264 0.4558 0.0000 1.2756
0.7973 1.1268 0.4549 0.0000 1.2758
0.7972 1.1267 0.4549 0.0000 1.2758
0.7978 1.1273 0.4542 0.0000 1.2763
0.7966 1.1270 0.4543 0.0000 1.2760
0.7969 1.1277 0.4526 0.0000 1.2761
0.7967 1.1278 0.4523 0.0000 1.2760
0.7957 1.1268 0.4535 0.0000 1.2752
0.7957 1.1269 0.4536 0.0000 1.2754
0.7964 1.1273 0.4522 0.0000 1.2764
0.7962 1.1271 0.4527 0.0000 1.2762
0.7968 1.1287 0.4497 0.0000 1.2765
0.7971 1.1289 0.4494 0.0000 1.2769
0.7972 1.1290 0.4492 0.0000 1.2771
0.7944 1.1280 0.4505 0.0000 1.2751
0.7944 1.1279 0.4503 0.0000 1.2756
0.7937 1.1272 0.4519 0.0000 1.2752
0.7931 1.1259 0.4537 0.0000 1.2742
0.7930 1.1260 0.4536 0.0000 1.2743
0.7932 1.1267 0.4523 0.0000 1.2747
0.7927 1.1255 0.4540 0.0000 1.2734
0.7920 1.1248 0.4551 0.0000 1.2729
0.7919 1.1244 0.4556 0.0000 1.2722
0.7920 1.1239 0.4564 0.0000 1.2719
0.7920 1.1234 0.4572 0.0000 1.2718
0.7932 1.1241 0.4564 0.0000 1.2722
0.7927 1.1239 0.4566 0.0000 1.2722
0.7924 1.1237 0.4569 0.0000 1.2720
0.7923 1.1235 0.4571 0.0000 1.2719
0.7919 1.1230 0.4580 0.0000 1.2716
0.7915 1.1226 0.4585 0.0000 1.2707
0.7929 1.1245 0.4553 0.0000 1.2717
0.7928 1.1245 0.4553 0.0000 1.2716
0.7912 1.1238 0.4563 0.0000 1.2707
0.7915 1.1241 0.4558 0.0000 1.2712
0.7918 1.1245 0.4552 0.0000 1.2717
0.7916 1.1247 0.4549 0.0000 1.2720
0.7918 1.1249 0.4545 0.0000 1.2721
0.7919 1.1237 0.4564 0.0000 1.2715
0.7930 1.1244 0.4555 0.0000 1.2721
0.7922 1.1235 0.4567 0.0000 1.2713
0.7922 1.1241 0.4559 0.0000 1.2714
0.7916 1.1242 0.4556 0.0000 1.2715
0.7915 1.1242 0.4556 0.0000 1.2715
0.7914 1.1247 0.4547 0.0000 1.2705
0.7919 1.1243 0.4554 0.0000 1.2703
0.7920 1.1245 0.4550 0.0000 1.2708
0.7918 1.1245 0.4550 0.0000 1.2707
0.7923 1.1250 0.4543 0.0000 1.2710
0.7926 1.1249 0.4544 0.0000 1.2709
0.7931 1.1270 0.4512 0.0000 1.2720
0.7944 1.1278 0.4499 0.0000 1.2727
0.7923 1.1259 0.4529 0.0000 1.2717
0.7921 1.1258 0.4530 0.0000 1.2716
0.7924 1.1263 0.4523 0.0000 1.2718
0.7922 1.1264 0.4520 0.0000 1.2717
0.7922 1.1258 0.4531 0.0000 1.2710
0.7921 1.1258 0.4531 0.0000 1.2710
0.7919 1.1257 0.4533 0.0000 1.2712
0.7933 1.1266 0.4519 0.0000 1.2723
0.7944 1.1272 0.4510 0.0000 1.2733
0.7945 1.1271 0.4510 0.0000 1.2731
0.7941 1.1268 0.4514 0.0000 1.2727
0.7940 1.1269 0.4513 0.0000 1.2728
0.7951 1.1284 0.4491 0.0000 1.2739
0.7950 1.1282 0.4493 0.0000 1.2737
0.7948 1.1279 0.4499 0.0000 1.2733
0.7949 1.1275 0.4506 0.0000 1.2740
0.7953 1.1284 0.4491 0.0000 1.2740
0.7952 1.1284 0.4492 0.0000 1.2740
0.7965 1.1285 0.4490 0.0000 1.2746
0.7963 1.1285 0.4491 0.0000 1.2747
0.7988 1.1291 0.4483 0.0000 1.2753
0.7990 1.1293 0.4480 0.0000 1.2754
0.7979 1.1293 0.4479 0.0000 1.2753
0.7952 1.1260 0.4530 0.0000 1.2727
0.7949 1.1258 0.4533 0.0000 1.2724
0.7948 1.1258 0.4534 0.0000 1.2723
0.7944 1.1260 0.4529 0.0000 1.2726
0.7942 1.1259 0.4530 0.0000 1.2725
0.7941 1.1247 0.4551 0.0000 1.2720
0.7948 1.1254 0.4540 0.0000 1.2729
0.7942 1.1249 0.4548 0.0000 1.2724
0.7943 1.1251 0.4544 0.0000 1.2726
0.7951 1.1270 0.4513 0.0000 1.2732
0.7962 1.1277 0.4503 0.0000 1.2733
0.7962 1.1277 0.4503 0.0000 1.2731
0.7961 1.1278 0.4502 0.0000 1.2732
0.7961 1.1277 0.4503 0.0000 1.2732
0.7960 1.1278 0.4502 0.0000 1.2732
0.7961 1.1270 0.4515 0.0000 1.2730
0.7950 1.1263 0.4526 0.0000 1.2725
0.7950 1.1265 0.4523 0.0000 1.2727
0.7954 1.1266 0.4521 0.0000 1.2727
0.7949 1.1266 0.4521 0.0000 1.2725
0.7949 1.1266 0.4521 0.0000 1.2725
0.7956 1.1268 0.4517 0.0000 1.2726
0.7952 1.1267 0.4519 0.0000 1.2727
0.7956 1.1276 0.4504 0.0000 1.2732
0.7962 1.1284 0.4491 0.0000 1.2737
0.7961 1.1283 0.4493 0.0000 1.2736
0.7963 1.1288 0.4484 0.0000 1.2740
0.7963 1.1289 0.4485 0.0000 1.2739
0.7959 1.1287 0.4488 0.0000 1.2739
0.7960 1.1293 0.4480 0.0000 1.2741
0.7960 1.1291 0.4484 0.0000 1.2740
0.7955 1.1289 0.4486 0.0000 1.2738
0.7952 1.1284 0.4494 0.0000 1.2732
0.7948 1.1276 0.4510 0.0000 1.2728
0.7925 1.1238 0.4574 0.0000 1.2704
0.7921 1.1231 0.4587 0.0000 1.2702
0.7922 1.1230 0.4590 0.0000 1.2705
0.7918 1.1226 0.4595 0.0000 1.2699
0.7917 1.1232 0.4583 0.0000 1.2698
0.7898 1.1215 0.4614 0.0000 1.2692
0.7897 1.1215 0.4614 0.0000 1.2692
0.7893 1.1212 0.4617 0.0000 1.2690
0.7893 1.1213 0.4617 0.0000 1.2691
0.7887 1.1213 0.4619 0.0000 1.2687
0.7901 1.1236 0.4580 0.0000 1.2702
0.7899 1.1235 0.4583 0.0000 1.2703
0.7895 1.1229 0.4593 0.0000 1.2701
0.7911 1.1238 0.4582 0.0000 1.2717
0.7854 1.1182 0.4664 0.0000 1.2674
0.7845 1.1174 0.4675 0.0000 1.2664
0.7844 1.1174 0.4675 0.0000 1.2664
0.7843 1.1173 0.4677 0.0000 1.2663
0.7845 1.1173 0.4676 0.0000 1.2664
0.7844 1.1172 0.4679 0.0000 1.2663
0.7855 1.1178 0.4673 0.0000 1.2671
0.7855 1.1179 0.4672 0.0000 1.2671
0.7861 1.1185 0.4665 0.0000 1.2678
0.7864 1.1191 0.4652 0.0000 1.2685
0.7863 1.1193 0.4647 0.0000 1.2687
0.7869 1.1197 0.4642 0.0000 1.2689
0.7881 1.1213 0.4618 0.0000 1.2702
0.7862 1.1186 0.4667 0.0000 1.2691
0.7855 1.1179 0.4682 0.0000 1.2687
0.7846 1.1172 0.4694 0.0000 1.2683
0.7844 1.1171 0.4696 0.0000 1.2680
0.7842 1.1170 0.4696 0.0000 1.2679
0.7836 1.1161 0.4714 0.0000 1.2675
0.7836 1.1162 0.4712 0.0000 1.2676
0.7846 1.1173 0.4698 0.0000 1.2691
0.7844 1.1171 0.4705 0.0000 1.2696
0.7838 1.1154 0.4728 0.0000 1.2681
0.7839 1.1158 0.4718 0.0000 1.2684
0.7843 1.1161 0.4714 0.0000 1.2688
0.7851 1.1169 0.4707 0.0000 1.2694
0.7858 1.1174 0.4702 0.0000 1.2696
0.7888 1.1205 0.4660 0.0000 1.2717
0.7885 1.1206 0.4657 0.0000 1.2718
0.7881 1.1202 0.4667 0.0000 1.2714
0.7894 1.1216 0.4647 0.0000 1.2724
0.7893 1.1211 0.4662 0.0000 1.2723
0.7894 1.1211 0.4660 0.0000 1.2723
0.7885 1.1214 0.4650 0.0000 1.2725
0.7883 1.1213 0.4653 0.0000 1.2725
0.7878 1.1207 0.4664 0.0000 1.2721
0.7877 1.1205 0.4666 0.0000 1.2719
0.7878 1.1206 0.4664 0.0000 1.2719
0.7873 1.1200 0.4671 0.0000 1.2713
0.7872 1.1198 0.4676 0.0000 1.2712
0.7881 1.1210 0.4650 0.0000 1.2725
0.7882 1.1211 0.4647 0.0000 1.2725
0.7881 1.1210 0.4649 0.0000 1.2726
0.7881 1.1211 0.4649 0.0000 1.2726
0.7883 1.1214 0.4643 0.0000 1.2728
0.7886 1.1210 0.4645 0.0000 1.2726
0.7868 1.1197 0.4662 0.0000 1.2714
0.7865 1.1199 0.4653 0.0000 1.2712
0.7873 1.1204 0.4652 0.0000 1.2717
0.7871 1.1201 0.4654 0.0000 1.2714
0.7864 1.1192 0.4665 0.0000 1.2705
0.7860 1.1190 0.4664 0.0000 1.2698
0.7860 1.1190 0.4665 0.0000 1.2698
0.7861 1.1196 0.4653 0.0000 1.2701
0.7860 1.1194 0.4657 0.0000 1.2701
0.7861 1.1196 0.4653 0.0000 1.2702
0.7859 1.1196 0.4651 0.0000 1.2696
0.7865 1.1209 0.4628 0.0000 1.2702
0.7869 1.1215 0.4620 0.0000 1.2707
0.7884 1.1233 0.4596 0.0000 1.2720
0.7881 1.1233 0.4595 0.0000 1.2719
0.7875 1.1225 0.4605 0.0000 1.2713
0.7875 1.1224 0.4607 0.0000 1.2712
0.7871 1.1219 0.4616 0.0000 1.2710
0.7870 1.1218 0.4618 0.0000 1.2711
0.7863 1.1213 0.4624 0.0000 1.2702
0.7868 1.1220 0.4615 0.0000 1.2710
0.7867 1.1220 0.4615 0.0000 1.2710
0.7861 1.1216 0.4625 0.0000 1.2711
0.7862 1.1217 0.4622 0.0000 1.2711
0.7865 1.1215 0.4623 0.0000 1.2712
0.7864 1.1215 0.4623 0.0000 1.2712
0.7866 1.1219 0.4614 0.0000 1.2714
0.7865 1.1219 0.4613 0.0000 1.2714
0.7863 1.1219 0.4612 0.0000 1.2712
0.7852 1.1205 0.4638 0.0000 1.2704
0.7852 1.1207 0.4639 0.0000 1.2708
0.7861 1.1220 0.4620 0.0000 1.2718
0.7864 1.1222 0.4618 0.0000 1.2723
0.7863 1.1222 0.4618 0.0000 1.2723
0.7861 1.1221 0.4619 0.0000 1.2721
0.7860 1.1220 0.4620 0.0000 1.2718
0.7863 1.1221 0.4620 0.0000 1.2719
0.7854 1.1206 0.4653 0.0000 1.2715
0.7854 1.1206 0.4653 0.0000 1.2715
0.7862 1.1211 0.4654 0.0000 1.2721
0.7864 1.1208 0.4662 0.0000 1.2725
0.7861 1.1206 0.4665 0.0000 1.2722
0.7855 1.1192 0.4711 0.0000 1.2725
0.7859 1.1198 0.4698 0.0000 1.2728
0.7855 1.1194 0.4697 0.0000 1.2724
0.7856 1.1197 0.4687 0.0000 1.2724
0.7855 1.1197 0.4686 0.0000 1.2725
0.7854 1.1198 0.4686 0.0000 1.2726
0.7856 1.1200 0.4680 0.0000 1.2726
0.7856 1.1206 0.4666 0.0000 1.2727
0.7852 1.1201 0.4680 0.0000 1.2728
0.7845 1.1185 0.4702 0.0000 1.2717
0.7856 1.1201 0.4671 0.0000 1.2726
0.7856 1.1202 0.4670 0.0000 1.2726
0.7861 1.1206 0.4659 0.0000 1.2728
0.7859 1.1201 0.4673 0.0000 1.2727
0.7870 1.1217 0.4642 0.0000 1.2737
0.7870 1.1216 0.4644 0.0000 1.2737
0.7869 1.1215 0.4644 0.0000 1.2735
0.7874 1.1221 0.4632 0.0000 1.2739
0.7874 1.1223 0.4629 0.0000 1.2740
0.7873 1.1221 0.4629 0.0000 1.2738
0.7871 1.1221 0.4628 0.0000 1.2736
0.7873 1.1221 0.4631 0.0000 1.2736
0.7875 1.1231 0.4611 0.0000 1.2739
0.7874 1.1234 0.4609 0.0000 1.2740
0.7877 1.1235 0.4605 0.0000 1.2741
0.7879 1.1238 0.4601 0.0000 1.2745
0.7878 1.1238 0.4602 0.0000 1.2745
0.7886 1.1247 0.4590 0.0000 1.2750
0.7886 1.1246 0.4591 0.0000 1.2749
0.7882 1.1247 0.4588 0.0000 1.2744
0.7882 1.1247 0.4588 0.0000 1.2744
0.7887 1.1250 0.4584 0.0000 1.2751
0.7876 1.1237 0.4604 0.0000 1.2740
0.7876 1.1237 0.4602 0.0000 1.2740
0.7876 1.1238 0.4602 0.0000 1.2740
0.7877 1.1240 0.4598 0.0000 1.2742
0.7882 1.1246 0.4586 0.0000 1.2746
0.7891 1.1255 0.4573 0.0000 1.2755
0.7891 1.1255 0.4573 0.0000 1.2755
0.7892 1.1255 0.4572 0.0000 1.2756
0.7892 1.1257 0.4569 0.0000 1.2757
0.7885 1.1246 0.4593 0.0000 1.2751
0.7882 1.1242 0.4602 0.0000 1.2749
0.7878 1.1241 0.4601 0.0000 1.2744
0.7873 1.1237 0.4611 0.0000 1.2742
0.7873 1.1237 0.4610 0.0000 1.2743
0.7876 1.1244 0.4595 0.0000 1.2746
0.7875 1.1243 0.4595 0.0000 1.2745
0.7867 1.1226 0.4629 0.0000 1.2738
0.7863 1.1225 0.4635 0.0000 1.2738
0.7861 1.1225 0.4638 0.0000 1.2737
0.7859 1.1201 0.4686 0.0000 1.2722
0.7863 1.1209 0.4680 0.0000 1.2725
0.7870 1.1212 0.4678 0.0000 1.2730
0.7870 1.1213 0.4674 0.0000 1.2730
0.7869 1.1213 0.4673 0.0000 1.2730
0.7869 1.1213 0.4672 0.0000 1.2729
