1.2127 1.7318 0.2349 0.0001 1.7650
1.2747 1.8167 0.2159 0.0003 1.8742
1.2034 1.7097 0.2497 0.0000 1.7474
1.2052 1.7134 0.2479 0.0000 1.7510
1.1981 1.7064 0.2506 0.0000 1.7465
1.1997 1.7153 0.2446 0.0000 1.7450
1.2008 1.7196 0.2473 0.0000 1.7508
1.1976 1.7080 0.2574 0.0000 1.7404
1.1952 1.6990 0.2605 0.0000 1.7442
1.1728 1.6718 0.2746 0.0000 1.7035
1.1732 1.6696 0.2763 0.0000 1.7096
1.1717 1.6631 0.2801 0.0000 1.7133
1.1602 1.6528 0.2853 0.0000 1.7051
1.1644 1.6496 0.2933 0.0000 1.7075
1.1739 1.6517 0.3048 0.0000 1.7080
1.1788 1.6851 0.2821 0.0000 298.5110
1.1633 1.6403 0.3087 0.0000 1.6983
1.1500 1.6353 0.3087 0.0000 1.6795
1.1545 1.6428 0.3041 0.0000 1.6882
1.1508 1.6397 0.3039 0.0000 1.6890
1.1751 1.6671 0.2945 0.0000 1.7260
1.1626 1.6406 0.3069 0.0000 1.6968
1.1617 1.6344 0.3057 0.0000 1.6988
1.1738 1.6433 0.3032 0.0000 1.7099
1.1680 1.6347 0.3076 0.0000 1.7074
1.1471 1.6186 0.3251 0.0000 1.6961
1.1462 1.6216 0.3178 0.0000 1.6942
1.1619 1.6389 0.3122 0.0000 1.7354
1.1559 1.6392 0.3100 0.0000 1.7231
1.1534 1.6337 0.3124 0.0000 1.7295
1.1735 1.6533 0.3070 0.0000 1.7382
1.1706 1.6504 0.3080 0.0000 1.7440
1.1850 1.6621 0.3055 0.0000 1.7542
1.1801 1.6612 0.3061 0.0000 1.7486
1.1763 1.6578 0.3044 0.0000 1.7401
1.1735 1.6577 0.3017 0.0000 1.7407
1.1622 1.6389 0.3043 0.0000 1.7240
1.1645 1.6419 0.3074 0.0000 1.7285
1.1678 1.6417 0.3075 0.0000 1.7333
1.1550 1.6294 0.3126 0.0000 1.7241
1.1582 1.6373 0.3064 0.0000 1.7316
1.1684 1.6433 0.3052 0.0000 1.7408
1.1724 1.6439 0.3049 0.0000 1.7441
1.1731 1.6421 0.3044 0.0000 1.7432
1.1728 1.6375 0.3052 0.0000 1.7219
1.1707 1.6314 0.3162 0.0000 1.7302
1.1685 1.6279 0.3180 0.0000 1.7355
1.1422 1.6118 0.3221 0.0000 1.7117
1.1396 1.6196 0.3119 0.0000 1.7157
1.1428 1.6223 0.3089 0.0000 1.7186
1.1417 1.6225 0.3072 0.0000 1.7126
1.1397 1.6196 0.3088 0.0000 1.7138
1.1393 1.6194 0.3085 0.0000 1.7086
1.1443 1.6238 0.3093 0.0000 1.7071
1.1466 1.6273 0.3069 0.0000 1.7047
1.1315 1.6199 0.3137 0.0000 1.6847
1.1279 1.6226 0.3123 0.0000 1.6834
1.1192 1.6051 0.3247 0.0000 1.6713
1.1197 1.6003 0.3317 0.0000 1.6690
1.1206 1.6027 0.3330 0.0000 1.6714
1.1196 1.6021 0.3333 0.0000 1.6691
1.1173 1.6015 0.3363 0.0000 1.6626
1.1185 1.5986 0.3376 0.0000 1.6610
1.1176 1.5917 0.3396 0.0000 1.6345
1.1143 1.5930 0.3389 0.0000 1.6320
1.1010 1.6072 0.3213 0.0000 10.1083
1.1156 1.5969 0.3352 0.0000 1.6619
1.1156 1.6009 0.3315 0.0000 1.6575
1.1210 1.5991 0.3292 0.0000 1.6385
1.1226 1.6019 0.3282 0.0000 1.6430
1.1215 1.6010 0.3288 0.0000 1.6426
1.1086 1.5858 0.3414 0.0000 1.6497
1.1022 1.5934 0.3275 0.0000 27.8436
1.1068 1.5827 0.3433 0.0000 1.6555
1.1064 1.5837 0.3432 0.0000 1.6544
1.1044 1.5842 0.3433 0.0000 1.6561
1.1046 1.5858 0.3446 0.0000 1.6584
1.1039 1.5849 0.3453 0.0000 1.6550
1.1042 1.5842 0.3452 0.0000 1.6547
1.1043 1.5825 0.3464 0.0000 1.6576
1.1039 1.5820 0.3431 0.0000 1.6572
1.1054 1.5843 0.3426 0.0000 1.6588
1.1053 1.5861 0.3415 0.0000 1.6557
1.1031 1.5833 0.3426 0.0000 1.6572
1.1009 1.5851 0.3429 0.0000 1.6512
1.1011 1.5879 0.3407 0.0000 1.6485
1.0970 1.5902 0.3414 0.0000 1.6461
1.0967 1.5919 0.3391 0.0000 1.6478
1.1033 1.5946 0.3419 0.0000 1.6709
1.0982 1.5965 0.3377 0.0000 1.6529
1.0987 1.5955 0.3383 0.0000 1.6538
1.0980 1.5945 0.3390 0.0000 1.6507
1.0972 1.5955 0.3396 0.0000 1.6499
1.0994 1.5935 0.3400 0.0000 1.6510
1.1002 1.5956 0.3392 0.0000 1.6538
1.0991 1.5974 0.3399 0.0000 1.6553
1.0978 1.5960 0.3404 0.0000 1.6541
1.0980 1.5968 0.3398 0.0000 1.6515
1.0964 1.5967 0.3439 0.0000 1.6495
1.0956 1.5950 0.3448 0.0000 1.6504
1.0968 1.5960 0.3460 0.0000 1.6529
1.0989 1.5993 0.3431 0.0000 1.6517
1.0989 1.6003 0.3433 0.0000 1.6488
1.0999 1.5992 0.3425 0.0000 1.6497
1.0988 1.5923 0.3458 0.0000 1.6274
1.1003 1.5967 0.3420 0.0000 1.6355
1.1002 1.5935 0.3447 0.0000 1.6330
1.1007 1.5941 0.3450 0.0000 1.6380
1.1000 1.5948 0.3451 0.0000 1.6341
1.0997 1.5944 0.3457 0.0000 1.6334
1.0993 1.5940 0.3463 0.0000 1.6328
1.0983 1.5964 0.3485 0.0000 1.6188
1.0982 1.5946 0.3493 0.0000 1.6200
1.0995 1.5967 0.3487 0.0000 1.6236
1.0996 1.5969 0.3481 0.0000 1.6252
1.0991 1.5971 0.3485 0.0000 1.6234
1.1035 1.5992 0.3413 0.0000 1.6236
1.1024 1.5995 0.3420 0.0000 1.6229
1.1012 1.5944 0.3457 0.0000 1.6193
1.0966 1.5972 0.3482 0.0000 1.6097
1.0963 1.5945 0.3486 0.0000 1.6085
1.0955 1.5965 0.3491 0.0000 1.6073
1.0963 1.5994 0.3471 0.0000 1.6080
1.0972 1.6006 0.3469 0.0000 1.6077
1.0970 1.5989 0.3478 0.0000 1.6086
1.0941 1.6013 0.3492 0.0000 1.6045
1.0942 1.6014 0.3496 0.0000 1.6050
1.0940 1.6037 0.3487 0.0000 1.6048
1.0938 1.6006 0.3495 0.0000 1.6044
1.0940 1.6027 0.3489 0.0000 1.6057
1.0942 1.6011 0.3475 0.0000 1.6066
1.0933 1.5979 0.3498 0.0000 1.6048
1.0956 1.6008 0.3456 0.0000 1.6039
1.0953 1.6023 0.3455 0.0000 1.6025
1.0949 1.6030 0.3458 0.0000 1.6016
1.0933 1.6049 0.3480 0.0000 1.6019
1.0919 1.6013 0.3504 0.0000 1.6017
1.0916 1.6011 0.3503 0.0000 1.6011
1.0920 1.6005 0.3496 0.0000 1.6019
1.0929 1.6002 0.3454 0.0000 1.6035
1.0926 1.5999 0.3458 0.0000 1.6025
1.0926 1.6004 0.3461 0.0000 1.6029
1.0926 1.5981 0.3456 0.0000 1.6031
1.0940 1.6018 0.3429 0.0000 1.6039
1.1066 1.6320 0.3025 0.0000 4.6013
1.1049 1.6104 0.3231 0.0000 1.6094
1.1049 1.6082 0.3245 0.0000 1.6100
1.1050 1.6099 0.3241 0.0000 1.6093
1.1046 1.6093 0.3246 0.0000 1.6088
1.1067 1.6111 0.3225 0.0000 1.6090
1.1059 1.6109 0.3227 0.0000 1.6077
1.1063 1.6098 0.3229 0.0000 1.6081
1.1070 1.6091 0.3220 0.0000 1.6081
1.1042 1.6074 0.3244 0.0000 1.6056
1.1029 1.6105 0.3213 0.0000 1.6053
1.1004 1.6057 0.3271 0.0000 1.6040
1.0998 1.6044 0.3278 0.0000 1.6047
1.0994 1.6048 0.3281 0.0000 1.6034
1.0997 1.6072 0.3275 0.0000 1.6036
1.1001 1.6090 0.3266 0.0000 1.6036
1.1006 1.6078 0.3248 0.0000 1.6048
1.0955 1.6067 0.3372 0.0000 1.6018
1.0952 1.6051 0.3387 0.0000 1.6023
1.0953 1.6037 0.3379 0.0000 1.6021
1.0953 1.6010 0.3414 0.0000 1.6010
1.0957 1.6032 0.3407 0.0000 1.6017
1.0956 1.6026 0.3412 0.0000 1.6019
1.0958 1.6029 0.3408 0.0000 1.6012
1.0961 1.6031 0.3411 0.0000 1.6008
1.0959 1.6011 0.3420 0.0000 1.6033
1.0947 1.5981 0.3441 0.0000 1.6054
1.0941 1.5988 0.3448 0.0000 1.6026
1.0942 1.5968 0.3454 0.0000 1.6017
1.0942 1.5969 0.3456 0.0000 1.6015
1.0945 1.5978 0.3454 0.0000 1.6002
1.0932 1.5973 0.3466 0.0000 1.5989
1.0935 1.5967 0.3462 0.0000 1.5997
1.0929 1.5944 0.3485 0.0000 1.6003
1.0931 1.5940 0.3490 0.0000 1.6028
1.0927 1.5944 0.3490 0.0000 1.6001
1.0933 1.5957 0.3480 0.0000 1.6001
1.0936 1.5948 0.3473 0.0000 1.6001
1.0943 1.5936 0.3472 0.0000 1.5998
1.0940 1.5940 0.3474 0.0000 1.5983
1.0931 1.5926 0.3497 0.0000 1.5969
1.0938 1.5917 0.3491 0.0000 1.5975
1.0927 1.5925 0.3511 0.0000 1.5955
1.0928 1.5913 0.3516 0.0000 1.5961
1.0922 1.5900 0.3560 0.0000 1.5936
1.0925 1.5899 0.3562 0.0000 1.5935
1.0931 1.5883 0.3559 0.0000 1.5939
1.0928 1.5873 0.3562 0.0000 1.5946
1.0910 1.5886 0.3596 0.0000 1.5936
1.0907 1.5870 0.3603 0.0000 1.5940
1.0910 1.5874 0.3600 0.0000 1.5949
1.0884 1.5828 0.3659 0.0000 1.5916
1.0882 1.5833 0.3661 0.0000 1.5902
1.0874 1.5805 0.3684 0.0000 1.5886
1.0878 1.5817 0.3679 0.0000 1.5887
1.0875 1.5798 0.3672 0.0000 1.5882
1.0879 1.5791 0.3668 0.0000 1.5893
1.0909 1.5842 0.3603 0.0000 1.5927
1.0921 1.5872 0.3584 0.0000 1.5933
1.0928 1.5858 0.3579 0.0000 1.5942
1.0935 1.5863 0.3580 0.0000 1.5957
1.0923 1.5862 0.3585 0.0000 1.5927
1.0939 1.5873 0.3569 0.0000 1.5938
1.0928 1.5858 0.3579 0.0000 1.5917
1.0929 1.5854 0.3584 0.0000 1.5927
1.0960 1.5899 0.3527 0.0000 1.5970
1.0958 1.5874 0.3540 0.0000 1.5968
1.0950 1.5857 0.3554 0.0000 1.5964
1.0957 1.5853 0.3535 0.0000 1.5979
1.0958 1.5841 0.3533 0.0000 1.5995
1.0967 1.5842 0.3528 0.0000 1.6003
1.0963 1.5859 0.3503 0.0000 1.6008
1.0973 1.5859 0.3505 0.0000 1.6026
1.0957 1.5836 0.3511 0.0000 1.6027
1.0967 1.5820 0.3506 0.0000 1.6034
1.0978 1.5852 0.3483 0.0000 1.6007
1.0978 1.5834 0.3478 0.0000 1.6012
1.0977 1.5827 0.3483 0.0000 1.6005
1.0986 1.5841 0.3456 0.0000 1.6011
1.0985 1.5851 0.3443 0.0000 1.6004
1.0989 1.5857 0.3452 0.0000 1.6018
1.0978 1.5879 0.3447 0.0000 1.5987
1.0977 1.5871 0.3451 0.0000 1.5988
1.0981 1.5863 0.3454 0.0000 1.6002
1.0981 1.5853 0.3460 0.0000 1.5997
1.0994 1.5844 0.3462 0.0000 1.6018
1.1001 1.5833 0.3467 0.0000 1.6019
1.0996 1.5808 0.3479 0.0000 1.6001
1.0993 1.5809 0.3485 0.0000 1.5993
1.0990 1.5831 0.3465 0.0000 1.6001
1.0995 1.5831 0.3465 0.0000 1.6009
1.1006 1.5825 0.3457 0.0000 1.6022
1.1004 1.5842 0.3444 0.0000 1.6012
1.1003 1.5846 0.3445 0.0000 1.6007
1.1006 1.5840 0.3444 0.0000 1.6018
1.1013 1.5884 0.3408 0.0000 1.6021
1.1010 1.5884 0.3417 0.0000 1.6019
1.1023 1.5892 0.3403 0.0000 1.6035
1.1024 1.5900 0.3394 0.0000 1.6035
1.0990 1.5880 0.3453 0.0000 1.6013
1.0985 1.5887 0.3450 0.0000 1.6008
1.0980 1.5889 0.3455 0.0000 1.5993
1.0978 1.5889 0.3458 0.0000 1.5985
1.0979 1.5886 0.3468 0.0000 1.5984
1.0976 1.5869 0.3473 0.0000 1.5992
1.0980 1.5881 0.3469 0.0000 1.5983
1.0986 1.5901 0.3457 0.0000 1.5979
1.0983 1.5907 0.3474 0.0000 1.5979
1.0983 1.5906 0.3476 0.0000 1.5982
1.0975 1.5910 0.3495 0.0000 1.5968
1.0988 1.5907 0.3496 0.0000 1.5987
1.0978 1.5883 0.3501 0.0000 1.5992
1.0972 1.5870 0.3511 0.0000 1.5973
1.0970 1.5859 0.3512 0.0000 1.5979
1.0987 1.5868 0.3481 0.0000 1.5997
1.0992 1.5866 0.3463 0.0000 1.5994
1.0986 1.5871 0.3473 0.0000 1.5973
1.0985 1.5874 0.3479 0.0000 1.5993
1.0979 1.5856 0.3480 0.0000 1.5994
1.0989 1.5857 0.3500 0.0000 1.6011
1.0991 1.5880 0.3474 0.0000 1.5997
1.0990 1.5894 0.3461 0.0000 1.5987
1.0982 1.5874 0.3469 0.0000 1.5986
1.0991 1.5876 0.3457 0.0000 1.5989
1.0982 1.5854 0.3466 0.0000 1.5978
1.0979 1.5853 0.3491 0.0000 1.5974
1.0971 1.5840 0.3496 0.0000 1.5960
1.0973 1.5849 0.3487 0.0000 1.5976
1.0971 1.5839 0.3499 0.0000 1.5973
1.0974 1.5849 0.3500 0.0000 1.5963
1.0963 1.5840 0.3506 0.0000 1.5974
1.0955 1.5851 0.3519 0.0000 1.5957
1.0962 1.5849 0.3520 0.0000 1.5967
1.0956 1.5864 0.3542 0.0000 1.5935
1.0958 1.5847 0.3538 0.0000 1.5950
1.0949 1.5839 0.3547 0.0000 1.5957
1.0964 1.5835 0.3545 0.0000 1.5963
1.0956 1.5831 0.3543 0.0000 1.5965
1.0949 1.5816 0.3590 0.0000 1.5946
1.0949 1.5802 0.3597 0.0000 1.5950
1.0966 1.5813 0.3599 0.0000 1.5971
1.0963 1.5821 0.3596 0.0000 1.5948
1.0948 1.5799 0.3613 0.0000 1.5943
1.0950 1.5801 0.3616 0.0000 1.5946
1.0954 1.5790 0.3621 0.0000 1.5961
1.0942 1.5790 0.3629 0.0000 1.5938
1.0948 1.5808 0.3622 0.0000 1.5942
1.0969 1.5836 0.3634 0.0000 1.5951
1.0944 1.5821 0.3634 0.0000 1.5935
1.0909 1.5784 0.3668 0.0000 1.5876
1.0897 1.5772 0.3680 0.0000 1.5887
1.0898 1.5787 0.3669 0.0000 1.5895
1.0900 1.5800 0.3665 0.0000 1.5886
1.0896 1.5785 0.3659 0.0000 1.5891
1.0882 1.5752 0.3679 0.0000 1.5893
1.0887 1.5782 0.3665 0.0000 1.5882
1.0872 1.5766 0.3674 0.0000 1.5885
1.0886 1.5785 0.3665 0.0000 1.5905
1.0876 1.5784 0.3671 0.0000 1.5894
1.0877 1.5755 0.3672 0.0000 1.5898
1.0857 1.5744 0.3705 0.0000 1.5875
1.0855 1.5753 0.3681 0.0000 1.5868
1.0866 1.5758 0.3666 0.0000 1.5883
1.0852 1.5728 0.3702 0.0000 1.5867
1.0860 1.5737 0.3673 0.0000 1.5895
1.0863 1.5735 0.3678 0.0000 1.5885
1.0856 1.5721 0.3694 0.0000 1.5877
1.0863 1.5724 0.3688 0.0000 1.5878
1.0865 1.5730 0.3684 0.0000 1.5879
1.0869 1.5756 0.3671 0.0000 1.5886
1.0840 1.5741 0.3721 0.0000 1.5830
1.0835 1.5744 0.3721 0.0000 1.5851
1.0831 1.5750 0.3708 0.0000 1.5854
1.0850 1.5763 0.3680 0.0000 1.5874
1.0842 1.5765 0.3684 0.0000 1.5874
1.0845 1.5788 0.3697 0.0000 1.5857
1.0868 1.5821 0.3671 0.0000 1.5888
1.0851 1.5796 0.3699 0.0000 1.5862
1.0862 1.5798 0.3694 0.0000 1.5878
1.0879 1.5810 0.3677 0.0000 1.5911
1.0850 1.5775 0.3735 0.0000 1.5872
1.0842 1.5756 0.3750 0.0000 1.5862
1.0841 1.5746 0.3745 0.0000 1.5870
1.0851 1.5762 0.3729 0.0000 1.5866
1.0838 1.5735 0.3746 0.0000 1.5856
1.0842 1.5765 0.3745 0.0000 1.5847
1.0843 1.5777 0.3770 0.0000 1.5832
1.0842 1.5771 0.3773 0.0000 1.5843
1.0775 1.5712 0.3850 0.0000 1.5756
1.0788 1.5711 0.3840 0.0000 1.5786
1.0783 1.5697 0.3860 0.0000 1.5785
1.0800 1.5707 0.3854 0.0000 1.5812
1.0801 1.5704 0.3844 0.0000 1.5797
1.0798 1.5706 0.3847 0.0000 1.5788
1.0862 1.5755 0.3785 0.0000 1.5848
1.0816 1.5733 0.3821 0.0000 1.5787
1.0807 1.5713 0.3838 0.0000 1.5807
1.0821 1.5715 0.3849 0.0000 1.5788
1.0830 1.5710 0.3839 0.0000 1.5807
1.0836 1.5739 0.3820 0.0000 1.5803
1.0843 1.5734 0.3815 0.0000 1.5834
1.0828 1.5737 0.3826 0.0000 1.5797
1.0879 1.5788 0.3785 0.0000 1.5817
1.0840 1.5810 0.3801 0.0000 1.5762
1.0839 1.5823 0.3774 0.0000 1.5748
1.0786 1.5757 0.3834 0.0000 1.5688
1.0802 1.5784 0.3828 0.0000 1.5714
1.0831 1.5814 0.3780 0.0000 1.5750
1.0818 1.5792 0.3811 0.0000 1.5724
1.0798 1.5764 0.3840 0.0000 1.5706
1.0836 1.5798 0.3786 0.0000 1.5740
1.0793 1.5763 0.3834 0.0000 1.5709
1.0848 1.5809 0.3778 0.0000 1.5751
1.0790 1.5739 0.3845 0.0000 1.5695
1.0840 1.5789 0.3790 0.0000 1.5769
1.0876 1.5823 0.3765 0.0000 1.5785
1.0827 1.5738 0.3824 0.0000 1.5736
1.0836 1.5767 0.3826 0.0000 1.5758
1.0798 1.5723 0.3851 0.0000 1.5693
1.0835 1.5774 0.3821 0.0000 1.5754
1.0834 1.5767 0.3828 0.0000 1.5748
1.0835 1.5771 0.3828 0.0000 1.5754
1.0842 1.5781 0.3822 0.0000 1.5755
1.0827 1.5778 0.3840 0.0000 1.5726
1.0829 1.5781 0.3840 0.0000 1.5740
1.0817 1.5784 0.3859 0.0000 1.5706
1.0799 1.5756 0.3868 0.0000 1.5710
1.0807 1.5776 0.3867 0.0000 1.5708
1.0809 1.5783 0.3861 0.0000 1.5725
1.0809 1.5777 0.3859 0.0000 1.5719
1.0809 1.5779 0.3860 0.0000 1.5743
1.0799 1.5769 0.3859 0.0000 1.5730
1.0797 1.5753 0.3879 0.0000 1.5727
1.0817 1.5770 0.3842 0.0000 1.5743
1.0813 1.5770 0.3850 0.0000 1.5727
1.0849 1.5829 0.3813 0.0000 1.5728
1.0840 1.5787 0.3829 0.0000 1.5749
1.0810 1.5774 0.3848 0.0000 1.5713
1.0833 1.5773 0.3843 0.0000 1.5728
1.0820 1.5750 0.3862 0.0000 1.5725
1.0830 1.5766 0.3857 0.0000 1.5734
1.0799 1.5735 0.3877 0.0000 1.5696
1.0818 1.5756 0.3860 0.0000 1.5736
1.0798 1.5741 0.3874 0.0000 1.5708
1.0770 1.5715 0.3918 0.0000 1.5694
1.0821 1.5768 0.3859 0.0000 1.5738
1.0802 1.5739 0.3871 0.0000 1.5721
1.0783 1.5712 0.3963 0.0000 1.5666
1.0799 1.5724 0.3934 0.0000 1.5689
1.0812 1.5746 0.3907 0.0000 1.5710
1.0786 1.5705 0.3945 0.0000 1.5672
1.0799 1.5717 0.3910 0.0000 1.5703
1.0785 1.5713 0.3946 0.0000 1.5681
1.0774 1.5692 0.3946 0.0000 1.5676
1.0770 1.5695 0.3952 0.0000 1.5665
1.0811 1.5736 0.3907 0.0000 1.5722
1.0789 1.5718 0.3913 0.0000 1.5674
1.0791 1.5691 0.3927 0.0000 1.5686
1.0807 1.5714 0.3903 0.0000 1.5704
1.0794 1.5704 0.3910 0.0000 1.5692
1.0801 1.5716 0.3896 0.0000 1.5698
1.0803 1.5725 0.3870 0.0000 1.5706
1.0780 1.5705 0.3900 0.0000 1.5674
1.0796 1.5723 0.3892 0.0000 1.5698
1.0784 1.5714 0.3914 0.0000 1.5672
1.0784 1.5717 0.3908 0.0000 1.5667
1.0789 1.5725 0.3887 0.0000 1.5684
1.0796 1.5733 0.3867 0.0000 1.5697
1.0786 1.5718 0.3888 0.0000 1.5676
1.0797 1.5741 0.3855 0.0000 1.5708
1.0782 1.5718 0.3888 0.0000 1.5684
1.0778 1.5711 0.3890 0.0000 1.5678
1.0776 1.5706 0.3900 0.0000 1.5676
1.0774 1.5709 0.3900 0.0000 1.5678
1.0790 1.5730 0.3893 0.0000 1.5684
1.0786 1.5722 0.3891 0.0000 1.5689
1.0780 1.5711 0.3902 0.0000 1.5680
1.0777 1.5699 0.3895 0.0000 1.5681
1.0805 1.5733 0.3882 0.0000 1.5700
1.0783 1.5692 0.3943 0.0000 1.5683
1.0786 1.5685 0.3956 0.0000 1.5686
1.0766 1.5662 0.3988 0.0000 1.5659
1.0771 1.5673 0.3974 0.0000 1.5669
1.0771 1.5663 0.3986 0.0000 1.5656
1.0774 1.5663 0.3982 0.0000 1.5668
1.0775 1.5663 0.3987 0.0000 1.5670
1.0761 1.5643 0.4007 0.0000 1.5651
1.0794 1.5699 0.3974 0.0000 1.5698
1.0799 1.5715 0.3965 0.0000 1.5693
1.0781 1.5687 0.3998 0.0000 1.5694
1.0764 1.5663 0.4007 0.0000 1.5677
1.0760 1.5667 0.4022 0.0000 1.5675
1.0753 1.5646 0.4041 0.0000 1.5667
1.0754 1.5666 0.4030 0.0000 1.5670
1.0764 1.5663 0.4028 0.0000 1.5676
1.0769 1.5676 0.4001 0.0000 1.5696
1.0772 1.5662 0.4001 0.0000 1.5685
1.0777 1.5668 0.4006 0.0000 1.5676
1.0780 1.5669 0.4003 0.0000 1.5696
1.0740 1.5630 0.4023 0.0000 1.5661
1.0739 1.5621 0.4046 0.0000 1.5651
1.0742 1.5621 0.4046 0.0000 1.5668
1.0761 1.5655 0.4009 0.0000 1.5680
1.0760 1.5645 0.4026 0.0000 1.5686
1.0734 1.5620 0.4049 0.0000 1.5636
1.0742 1.5633 0.4017 0.0000 1.5684
1.0730 1.5645 0.4051 0.0000 1.5666
