0.8371 1.2574 0.3927 0.0002 1.3318
0.8428 1.2693 0.4091 0.0001 1.3350
0.8422 1.2647 0.4165 0.0001 1.3323
0.8409 1.2663 0.4149 0.0001 1.3320
0.8364 1.2621 0.4120 0.0001 1.3312
0.8331 1.2569 0.4171 0.0001 1.3285
0.8302 1.2578 0.4022 0.0001 1.3264
0.8297 1.2567 0.4020 0.0001 1.3261
0.8296 1.2586 0.3924 0.0002 1.3277
0.8282 1.2565 0.4053 0.0001 1.3251
0.8335 1.2713 0.3705 0.0004 1.3346
0.8274 1.2551 0.3842 0.0003 1.3287
0.8303 1.2593 0.3659 0.0005 1.3320
0.8306 1.2594 0.3673 0.0005 1.3318
0.8321 1.2622 0.3622 0.0006 1.3338
0.8343 1.2663 0.3503 0.0009 1.3372
0.8339 1.2652 0.3515 0.0009 1.3361
0.8327 1.2607 0.3560 0.0008 1.3340
0.8256 1.2456 0.3681 0.0005 1.3283
0.8236 1.2398 0.3811 0.0003 1.3252
0.8229 1.2379 0.3808 0.0003 1.3245
0.8230 1.2343 0.3656 0.0005 1.3264
0.8269 1.2380 0.3689 0.0005 1.3286
0.8321 1.2511 0.3712 0.0004 1.3288
0.8236 1.2330 0.3881 0.0002 1.3233
0.8230 1.2318 0.3739 0.0004 1.3254
0.8223 1.2315 0.3751 0.0004 1.3243
0.8233 1.2317 0.3672 0.0005 1.3255
0.8242 1.2350 0.3748 0.0004 1.3238
0.8231 1.2336 0.3773 0.0003 1.3224
0.8224 1.2330 0.3820 0.0003 1.3212
0.8219 1.2322 0.3956 0.0002 1.3186
0.8225 1.2317 0.3854 0.0002 1.3202
0.8224 1.2314 0.3856 0.0002 1.3197
0.8222 1.2313 0.3857 0.0002 1.3194
0.8211 1.2302 0.3963 0.0002 1.3170
0.8210 1.2297 0.3964 0.0002 1.3167
0.8210 1.2299 0.3887 0.0002 1.3184
0.8204 1.2287 0.3906 0.0002 1.3179
0.8179 1.2268 0.4005 0.0001 1.3153
0.8153 1.2212 0.4073 0.0001 1.3135
0.8153 1.2211 0.4072 0.0001 1.3133
0.8151 1.2211 0.4085 0.0001 1.3128
0.8151 1.2216 0.4082 0.0001 1.3129
0.8159 1.2224 0.4087 0.0001 1.3134
0.8141 1.2236 0.4149 0.0001 1.3124
0.8133 1.2227 0.4170 0.0001 1.3116
0.8128 1.2211 0.4115 0.0001 1.3123
0.8127 1.2208 0.4116 0.0001 1.3124
0.8116 1.2166 0.4126 0.0001 1.3117
0.8112 1.2164 0.4128 0.0001 1.3117
0.8113 1.2162 0.4101 0.0001 1.3126
0.8102 1.2103 0.4261 0.0000 1.3084
0.8100 1.2101 0.4262 0.0000 1.3085
0.8105 1.2105 0.4213 0.0001 1.3094
0.8101 1.2098 0.4222 0.0001 1.3094
0.8099 1.2099 0.4237 0.0000 1.3091
0.8086 1.2089 0.4267 0.0000 1.3081
0.8086 1.2043 0.4226 0.0001 1.3074
0.8085 1.2029 0.4236 0.0000 1.3076
0.8092 1.2059 0.4194 0.0001 1.3089
0.8102 1.2062 0.4161 0.0001 1.3101
0.8075 1.2009 0.4237 0.0000 1.3087
0.8079 1.2015 0.4237 0.0000 1.3090
0.8086 1.2013 0.4231 0.0000 1.3098
0.8053 1.2000 0.4301 0.0000 1.3061
0.8047 1.1970 0.4356 0.0000 1.3047
0.8039 1.1970 0.4400 0.0000 1.3036
0.8038 1.1970 0.4406 0.0000 1.3038
0.8020 1.1952 0.4457 0.0000 1.3018
0.8025 1.1962 0.4455 0.0000 1.3025
0.8030 1.1960 0.4531 0.0000 1.3003
0.8037 1.1966 0.4492 0.0000 1.3013
0.8044 1.1972 0.4460 0.0000 1.3030
0.8040 1.1954 0.4469 0.0000 1.3026
0.8061 1.1992 0.4325 0.0000 1.3054
0.8059 1.1988 0.4328 0.0000 1.3057
0.8061 1.1985 0.4324 0.0000 1.3058
0.8032 1.1902 0.4520 0.0000 1.3000
0.8033 1.1904 0.4521 0.0000 1.3003
0.8073 1.2002 0.4381 0.0000 1.3059
0.8069 1.1999 0.4426 0.0000 1.3051
0.8066 1.1990 0.4444 0.0000 1.3041
0.8083 1.2007 0.4379 0.0000 1.3070
0.8048 1.1842 0.4652 0.0000 1.2968
0.8052 1.1860 0.4594 0.0000 1.2988
0.8052 1.1856 0.4586 0.0000 1.2991
0.8051 1.1854 0.4586 0.0000 1.2995
0.8050 1.1855 0.4586 0.0000 1.2998
0.8048 1.1849 0.4649 0.0000 1.3007
0.8043 1.1846 0.4667 0.0000 1.2999
0.8029 1.1825 0.4713 0.0000 1.2978
0.8021 1.1802 0.4768 0.0000 1.2976
0.8014 1.1794 0.4820 0.0000 1.2960
0.8015 1.1810 0.4783 0.0000 1.2955
0.8015 1.1808 0.4784 0.0000 1.2956
0.8024 1.1858 0.4666 0.0000 1.2968
0.8022 1.1851 0.4675 0.0000 1.2969
0.8021 1.1871 0.4686 0.0000 1.2972
0.8001 1.1786 0.4811 0.0000 1.2943
0.7996 1.1791 0.4788 0.0000 1.2946
0.7988 1.1789 0.4783 0.0000 1.2941
0.7991 1.1783 0.4770 0.0000 1.2946
0.8000 1.1823 0.4707 0.0000 1.2969
0.8000 1.1821 0.4708 0.0000 1.2971
0.7969 1.1782 0.4775 0.0000 1.2923
0.8016 1.1833 0.4706 0.0000 1.2975
0.8016 1.1831 0.4709 0.0000 1.2977
0.8020 1.1825 0.4695 0.0000 1.2993
0.8013 1.1818 0.4705 0.0000 1.2988
0.8012 1.1817 0.4684 0.0000 1.2994
0.7997 1.1807 0.4712 0.0000 1.2964
0.7999 1.1807 0.4706 0.0000 1.2969
0.7998 1.1804 0.4707 0.0000 1.2971
0.7992 1.1774 0.4768 0.0000 1.2959
0.7994 1.1777 0.4724 0.0000 1.2975
0.8020 1.1853 0.4675 0.0000 1.3001
0.7996 1.1805 0.4821 0.0000 1.2949
0.7992 1.1796 0.4832 0.0000 1.2951
0.7918 1.1690 0.4854 0.0000 1.2933
0.7917 1.1689 0.4853 0.0000 1.2937
0.7937 1.1726 0.4882 0.0000 1.2948
0.7942 1.1734 0.4874 0.0000 1.2954
0.7939 1.1742 0.4881 0.0000 1.2952
0.7937 1.1739 0.4897 0.0000 1.2949
0.7947 1.1768 0.4824 0.0000 1.2956
0.7944 1.1774 0.4825 0.0000 1.2960
0.7953 1.1801 0.4811 0.0000 1.2961
0.7946 1.1788 0.4740 0.0000 1.2967
0.7945 1.1799 0.4725 0.0000 1.2970
0.7944 1.1796 0.4724 0.0000 1.2973
0.7937 1.1788 0.4740 0.0000 1.2967
0.7964 1.1820 0.4817 0.0000 1.2949
0.7977 1.1837 0.4804 0.0000 1.2952
0.7987 1.1860 0.4765 0.0000 1.2963
0.7969 1.1806 0.4822 0.0000 1.2944
0.7969 1.1807 0.4738 0.0000 1.2968
0.7967 1.1804 0.4742 0.0000 1.2965
0.7963 1.1799 0.4745 0.0000 1.2964
0.7918 1.1671 0.4837 0.0000 1.2907
0.7912 1.1656 0.4844 0.0000 1.2898
0.7917 1.1673 0.4821 0.0000 1.2900
0.7911 1.1644 0.4863 0.0000 1.2894
0.7913 1.1640 0.4863 0.0000 1.2896
0.7912 1.1638 0.4863 0.0000 1.2897
0.7913 1.1638 0.4858 0.0000 1.2897
0.7929 1.1691 0.4794 0.0000 1.2917
0.7923 1.1655 0.4833 0.0000 1.2907
0.7922 1.1656 0.4834 0.0000 1.2908
0.7922 1.1657 0.4829 0.0000 1.2910
0.7922 1.1654 0.4832 0.0000 1.2911
0.7919 1.1649 0.4849 0.0000 1.2907
0.7922 1.1651 0.4832 0.0000 1.2915
0.7921 1.1658 0.4836 0.0000 1.2905
0.7922 1.1659 0.4813 0.0000 1.2914
0.7930 1.1664 0.4805 0.0000 1.2920
0.7944 1.1688 0.4794 0.0000 1.2931
0.7954 1.1693 0.4784 0.0000 1.2931
0.7959 1.1697 0.4771 0.0000 1.2938
0.7951 1.1684 0.4761 0.0000 1.2940
0.7951 1.1684 0.4761 0.0000 1.2943
0.7958 1.1688 0.4733 0.0000 1.2948
0.7958 1.1679 0.4748 0.0000 1.2939
0.7956 1.1683 0.4743 0.0000 1.2938
0.7981 1.1705 0.4572 0.0000 1.2962
0.7977 1.1709 0.4590 0.0000 1.2948
0.7974 1.1706 0.4599 0.0000 1.2944
0.7965 1.1700 0.4608 0.0000 1.2937
0.7966 1.1688 0.4624 0.0000 1.2936
0.7968 1.1706 0.4605 0.0000 1.2944
0.7969 1.1707 0.4602 0.0000 1.2947
0.7999 1.1739 0.4461 0.0000 1.2975
0.8000 1.1763 0.4451 0.0000 1.2970
0.7997 1.1783 0.4433 0.0000 1.2973
0.8013 1.1808 0.4378 0.0000 1.2998
0.8018 1.1817 0.4351 0.0000 1.3011
0.8033 1.1833 0.4297 0.0000 1.3031
0.8029 1.1836 0.4283 0.0000 1.3039
0.8026 1.1838 0.4287 0.0000 1.3039
0.8023 1.1825 0.4306 0.0000 1.3034
0.8026 1.1829 0.4284 0.0000 1.3044
0.8007 1.1753 0.4383 0.0000 1.3020
0.8014 1.1763 0.4368 0.0000 1.3024
0.7869 1.1558 0.4598 0.0000 1.2946
0.7875 1.1571 0.4614 0.0000 1.2937
0.7857 1.1560 0.4637 0.0000 1.2923
0.7851 1.1538 0.4667 0.0000 1.2916
0.7857 1.1546 0.4655 0.0000 1.2929
0.7854 1.1541 0.4668 0.0000 1.2923
0.7845 1.1510 0.4731 0.0000 1.2892
0.7846 1.1499 0.4731 0.0000 1.2890
0.7811 1.1444 0.4862 0.0000 1.2829
0.7810 1.1430 0.4865 0.0000 1.2824
0.7810 1.1430 0.4864 0.0000 1.2825
0.7822 1.1447 0.4848 0.0000 1.2831
0.7822 1.1448 0.4840 0.0000 1.2836
0.7808 1.1437 0.4851 0.0000 1.2823
0.7817 1.1460 0.4814 0.0000 1.2833
0.7814 1.1479 0.4806 0.0000 1.2835
0.7823 1.1485 0.4776 0.0000 1.2842
0.7843 1.1462 0.4755 0.0000 1.2854
0.7849 1.1466 0.4745 0.0000 1.2860
0.7845 1.1463 0.4749 0.0000 1.2863
0.7846 1.1476 0.4736 0.0000 1.2867
0.7858 1.1489 0.4692 0.0000 1.2884
0.7865 1.1498 0.4671 0.0000 1.2893
0.7869 1.1498 0.4658 0.0000 1.2905
0.7851 1.1490 0.4627 0.0000 1.2924
0.7847 1.1485 0.4643 0.0000 1.2917
0.7832 1.1449 0.4696 0.0000 1.2901
0.7823 1.1450 0.4647 0.0000 1.2927
0.7831 1.1458 0.4638 0.0000 1.2927
0.7829 1.1443 0.4664 0.0000 1.2922
0.7817 1.1427 0.4657 0.0000 1.2932
0.7821 1.1427 0.4655 0.0000 1.2935
0.7823 1.1430 0.4653 0.0000 1.2935
0.7830 1.1447 0.4651 0.0000 1.2928
0.7830 1.1446 0.4650 0.0000 1.2930
0.7830 1.1444 0.4651 0.0000 1.2931
0.7835 1.1455 0.4622 0.0000 1.2938
0.7839 1.1452 0.4605 0.0000 1.2947
0.7838 1.1441 0.4612 0.0000 1.2935
0.7840 1.1439 0.4618 0.0000 1.2931
0.7835 1.1437 0.4621 0.0000 1.2936
0.7834 1.1437 0.4623 0.0000 1.2936
0.7836 1.1425 0.4627 0.0000 1.2938
0.7848 1.1439 0.4589 0.0000 1.2949
0.7845 1.1435 0.4597 0.0000 1.2946
0.7837 1.1372 0.4637 0.0000 1.2931
0.7833 1.1367 0.4656 0.0000 1.2924
0.7833 1.1367 0.4657 0.0000 1.2924
0.7847 1.1376 0.4626 0.0000 1.2941
0.7834 1.1372 0.4639 0.0000 1.2930
0.7834 1.1373 0.4637 0.0000 1.2933
0.7826 1.1366 0.4638 0.0000 1.2937
0.7826 1.1370 0.4640 0.0000 1.2945
0.7835 1.1395 0.4600 0.0000 1.2961
0.7835 1.1395 0.4600 0.0000 1.2962
0.7837 1.1410 0.4575 0.0000 1.2963
0.7872 1.1470 0.4512 0.0000 1.2994
0.7870 1.1467 0.4511 0.0000 1.2993
0.7873 1.1471 0.4502 0.0000 1.2998
0.7872 1.1470 0.4504 0.0000 1.2998
0.7880 1.1476 0.4488 0.0000 1.3007
0.7877 1.1473 0.4494 0.0000 1.3004
0.7876 1.1470 0.4489 0.0000 1.3005
0.7900 1.1537 0.4388 0.0000 1.3045
0.7899 1.1540 0.4389 0.0000 1.3042
0.7904 1.1551 0.4372 0.0000 1.3047
0.7903 1.1550 0.4374 0.0000 1.3048
0.7900 1.1557 0.4370 0.0000 1.3049
0.7903 1.1565 0.4355 0.0000 1.3052
0.7898 1.1561 0.4361 0.0000 1.3047
0.7900 1.1570 0.4353 0.0000 1.3056
0.7899 1.1571 0.4353 0.0000 1.3058
0.7899 1.1574 0.4350 0.0000 1.3061
0.7898 1.1574 0.4351 0.0000 1.3062
0.7936 1.1586 0.4277 0.0000 1.3096
0.7939 1.1611 0.4257 0.0000 1.3091
0.7936 1.1588 0.4281 0.0000 1.3090
0.7932 1.1585 0.4283 0.0000 1.3088
0.7931 1.1582 0.4280 0.0000 1.3078
0.7928 1.1597 0.4266 0.0000 1.3078
0.7920 1.1577 0.4301 0.0000 1.3068
0.7926 1.1589 0.4280 0.0000 1.3078
0.7935 1.1602 0.4248 0.0000 1.3092
0.7935 1.1602 0.4247 0.0000 1.3094
0.7943 1.1622 0.4212 0.0001 1.3108
0.7944 1.1602 0.4219 0.0001 1.3123
0.7948 1.1615 0.4218 0.0001 1.3115
0.7953 1.1625 0.4203 0.0001 1.3123
0.7951 1.1617 0.4207 0.0001 1.3115
0.7955 1.1615 0.4197 0.0001 1.3124
0.7952 1.1619 0.4193 0.0001 1.3127
0.7953 1.1618 0.4194 0.0001 1.3130
0.7952 1.1619 0.4194 0.0001 1.3132
0.7951 1.1618 0.4196 0.0001 1.3132
0.7951 1.1618 0.4195 0.0001 1.3134
0.7936 1.1626 0.4199 0.0001 1.3120
0.7939 1.1630 0.4196 0.0001 1.3119
0.7939 1.1630 0.4195 0.0001 1.3122
0.7941 1.1633 0.4190 0.0001 1.3127
0.7912 1.1589 0.4271 0.0000 1.3082
0.7916 1.1579 0.4266 0.0000 1.3090
0.7906 1.1570 0.4289 0.0000 1.3075
0.7898 1.1565 0.4305 0.0000 1.3065
0.7898 1.1569 0.4310 0.0000 1.3060
0.7897 1.1570 0.4312 0.0000 1.3059
0.7893 1.1567 0.4322 0.0000 1.3056
0.7903 1.1581 0.4293 0.0000 1.3071
0.7899 1.1576 0.4304 0.0000 1.3068
0.7897 1.1571 0.4311 0.0000 1.3068
0.7895 1.1563 0.4325 0.0000 1.3064
0.7892 1.1560 0.4348 0.0000 1.3037
0.7895 1.1561 0.4357 0.0000 1.3030
0.7901 1.1562 0.4350 0.0000 1.3035
0.7879 1.1540 0.4390 0.0000 1.3014
0.7875 1.1528 0.4401 0.0000 1.3014
0.7875 1.1528 0.4398 0.0000 1.3017
0.7883 1.1516 0.4401 0.0000 1.3020
0.7869 1.1515 0.4415 0.0000 1.3009
0.7864 1.1504 0.4430 0.0000 1.3002
0.7855 1.1495 0.4449 0.0000 1.2993
0.7856 1.1495 0.4449 0.0000 1.2994
0.7855 1.1495 0.4450 0.0000 1.2995
0.7868 1.1500 0.4427 0.0000 1.3007
0.7871 1.1522 0.4402 0.0000 1.3010
0.7866 1.1517 0.4414 0.0000 1.3006
0.7860 1.1514 0.4423 0.0000 1.3002
0.7863 1.1521 0.4418 0.0000 1.3007
0.7858 1.1511 0.4432 0.0000 1.3005
0.7846 1.1497 0.4458 0.0000 1.2997
0.7862 1.1520 0.4406 0.0000 1.3020
0.7869 1.1534 0.4384 0.0000 1.3024
0.7865 1.1545 0.4370 0.0000 1.3020
0.7863 1.1542 0.4377 0.0000 1.3014
0.7865 1.1542 0.4373 0.0000 1.3017
0.7865 1.1541 0.4373 0.0000 1.3018
0.7860 1.1536 0.4387 0.0000 1.3012
0.7854 1.1530 0.4403 0.0000 1.3004
0.7859 1.1530 0.4363 0.0000 1.2992
0.7851 1.1516 0.4393 0.0000 1.2975
0.7850 1.1516 0.4394 0.0000 1.2974
0.7852 1.1516 0.4385 0.0000 1.2976
0.7828 1.1457 0.4477 0.0000 1.2938
0.7828 1.1456 0.4471 0.0000 1.2944
0.7827 1.1457 0.4475 0.0000 1.2940
0.7835 1.1476 0.4426 0.0000 1.2956
0.7837 1.1484 0.4415 0.0000 1.2961
0.7837 1.1484 0.4415 0.0000 1.2962
0.7840 1.1491 0.4401 0.0000 1.2969
0.7838 1.1490 0.4403 0.0000 1.2969
0.7838 1.1497 0.4387 0.0000 1.2977
0.7839 1.1499 0.4382 0.0000 1.2980
0.7834 1.1511 0.4381 0.0000 1.2955
0.7826 1.1504 0.4401 0.0000 1.2942
0.7826 1.1505 0.4404 0.0000 1.2939
0.7827 1.1502 0.4407 0.0000 1.2941
0.7825 1.1486 0.4430 0.0000 1.2932
0.7829 1.1494 0.4420 0.0000 1.2938
0.7828 1.1492 0.4422 0.0000 1.2938
0.7840 1.1511 0.4393 0.0000 1.2938
0.7842 1.1512 0.4390 0.0000 1.2939
0.7843 1.1512 0.4386 0.0000 1.2943
0.7848 1.1528 0.4366 0.0000 1.2957
0.7848 1.1529 0.4366 0.0000 1.2958
0.7846 1.1526 0.4374 0.0000 1.2953
0.7840 1.1518 0.4393 0.0000 1.2943
0.7842 1.1521 0.4384 0.0000 1.2948
0.7841 1.1510 0.4396 0.0000 1.2944
0.7840 1.1511 0.4397 0.0000 1.2944
0.7844 1.1528 0.4376 0.0000 1.2955
0.7853 1.1532 0.4351 0.0000 1.2977
0.7859 1.1526 0.4346 0.0000 1.2964
0.7860 1.1527 0.4342 0.0000 1.2966
0.7861 1.1537 0.4334 0.0000 1.2967
0.7858 1.1537 0.4337 0.0000 1.2966
0.7858 1.1537 0.4337 0.0000 1.2967
0.7857 1.1536 0.4339 0.0000 1.2966
0.7861 1.1543 0.4329 0.0000 1.2970
0.7857 1.1540 0.4336 0.0000 1.2966
0.7853 1.1537 0.4345 0.0000 1.2961
0.7793 1.1497 0.4490 0.0000 1.2904
0.7790 1.1479 0.4492 0.0000 1.2912
0.7794 1.1483 0.4483 0.0000 1.2919
0.7794 1.1482 0.4487 0.0000 1.2919
0.7790 1.1480 0.4493 0.0000 1.2919
0.7789 1.1476 0.4497 0.0000 1.2918
0.7769 1.1413 0.4599 0.0000 1.2880
0.7770 1.1414 0.4595 0.0000 1.2882
0.7772 1.1417 0.4591 0.0000 1.2884
0.7771 1.1424 0.4583 0.0000 1.2886
0.7774 1.1430 0.4575 0.0000 1.2890
0.7775 1.1429 0.4574 0.0000 1.2892
0.7775 1.1429 0.4573 0.0000 1.2892
0.7768 1.1419 0.4591 0.0000 1.2887
0.7768 1.1418 0.4592 0.0000 1.2887
0.7773 1.1406 0.4582 0.0000 1.2899
0.7784 1.1421 0.4554 0.0000 1.2917
0.7791 1.1437 0.4533 0.0000 1.2932
0.7793 1.1439 0.4523 0.0000 1.2938
0.7789 1.1462 0.4496 0.0000 1.2950
0.7792 1.1463 0.4490 0.0000 1.2955
0.7797 1.1469 0.4482 0.0000 1.2961
0.7794 1.1468 0.4488 0.0000 1.2959
0.7790 1.1462 0.4506 0.0000 1.2948
0.7791 1.1462 0.4505 0.0000 1.2950
0.7790 1.1458 0.4512 0.0000 1.2946
0.7797 1.1462 0.4500 0.0000 1.2958
0.7798 1.1464 0.4496 0.0000 1.2960
0.7791 1.1462 0.4536 0.0000 1.2932
0.7791 1.1462 0.4536 0.0000 1.2933
0.7788 1.1461 0.4542 0.0000 1.2930
0.7785 1.1454 0.4557 0.0000 1.2920
0.7773 1.1434 0.4598 0.0000 1.2900
0.7770 1.1429 0.4610 0.0000 1.2895
0.7779 1.1445 0.4577 0.0000 1.2911
0.7760 1.1412 0.4600 0.0000 1.2912
0.7770 1.1430 0.4567 0.0000 1.2925
0.7770 1.1431 0.4565 0.0000 1.2927
0.7775 1.1440 0.4543 0.0000 1.2936
0.7774 1.1439 0.4547 0.0000 1.2934
0.7774 1.1446 0.4546 0.0000 1.2934
0.7781 1.1446 0.4534 0.0000 1.2937
0.7766 1.1430 0.4567 0.0000 1.2915
0.7779 1.1451 0.4566 0.0000 1.2906
0.7775 1.1464 0.4567 0.0000 1.2913
0.7779 1.1469 0.4557 0.0000 1.2920
0.7777 1.1465 0.4565 0.0000 1.2916
0.7775 1.1461 0.4576 0.0000 1.2912
0.7792 1.1478 0.4533 0.0000 1.2927
0.7794 1.1479 0.4532 0.0000 1.2930
0.7794 1.1477 0.4537 0.0000 1.2927
0.7793 1.1471 0.4545 0.0000 1.2924
0.7786 1.1454 0.4587 0.0000 1.2906
0.7789 1.1461 0.4578 0.0000 1.2913
0.7788 1.1458 0.4596 0.0000 1.2898
0.7784 1.1447 0.4613 0.0000 1.2894
0.7787 1.1459 0.4594 0.0000 1.2900
0.7785 1.1457 0.4594 0.0000 1.2901
0.7773 1.1431 0.4611 0.0000 1.2883
0.7771 1.1428 0.4618 0.0000 1.2881
0.7767 1.1427 0.4630 0.0000 1.2872
0.7769 1.1425 0.4633 0.0000 1.2871
0.7765 1.1426 0.4636 0.0000 1.2868
0.7775 1.1446 0.4599 0.0000 1.2881
0.7783 1.1451 0.4572 0.0000 1.2895
0.7785 1.1454 0.4561 0.0000 1.2900
0.7790 1.1455 0.4553 0.0000 1.2903
0.7789 1.1460 0.4554 0.0000 1.2907
0.7785 1.1464 0.4553 0.0000 1.2908
0.7777 1.1450 0.4584 0.0000 1.2890
0.7770 1.1443 0.4583 0.0000 1.2895
0.7786 1.1463 0.4579 0.0000 1.2891
0.7795 1.1480 0.4547 0.0000 1.2903
0.7797 1.1481 0.4542 0.0000 1.2905
0.7792 1.1465 0.4568 0.0000 1.2898
0.7793 1.1467 0.4566 0.0000 1.2899
0.7794 1.1467 0.4562 0.0000 1.2899
0.7793 1.1466 0.4568 0.0000 1.2897
0.7793 1.1470 0.4560 0.0000 1.2900
0.7792 1.1467 0.4565 0.0000 1.2899
0.7792 1.1467 0.4565 0.0000 1.2899
0.7794 1.1490 0.4537 0.0000 1.2917
0.7798 1.1498 0.4532 0.0000 1.2920
0.7798 1.1498 0.4529 0.0000 1.2922
0.7799 1.1499 0.4524 0.0000 1.2925
0.7796 1.1494 0.4536 0.0000 1.2918
0.7795 1.1495 0.4537 0.0000 1.2918
0.7797 1.1497 0.4528 0.0000 1.2919
0.7797 1.1498 0.4528 0.0000 1.2920
