0.8565 1.3180 0.0047 0.9657 4.7479
0.8752 1.3495 -0.0000 1.0000 6.6700
0.8098 1.2145 0.4636 0.0000 8.7371
0.7935 1.2060 0.4412 0.0000 9.4306
0.8008 1.2135 0.4552 0.0000 3.1444
0.8080 1.2380 0.3869 0.0002 3.4689
0.8097 1.2387 0.4058 0.0001 11.8859
0.8202 1.2588 0.3808 0.0003 3.9671
0.8106 1.2228 0.4677 0.0000 2.7019
0.8309 1.2704 0.3614 0.0006 3.1623
0.8172 1.2527 0.4398 0.0000 4.4229
0.8217 1.2597 0.3589 0.0007 1.4196
0.7973 1.2296 0.3841 0.0003 1.3371
0.7921 1.2019 0.4990 0.0000 1.9712
0.7892 1.2071 0.4551 0.0000 3.0493
0.7838 1.1945 0.4785 0.0000 1.8141
0.7888 1.2016 0.4635 0.0000 2.1307
0.7815 1.1818 0.4939 0.0000 2.0988
0.7828 1.1759 0.4945 0.0000 4.0714
0.7776 1.1907 0.4745 0.0000 2.5167
0.7872 1.2148 0.3923 0.0002 1.3523
0.7938 1.1984 0.4829 0.0000 5.3364
0.7928 1.2274 0.3675 0.0005 1.3634
0.7904 1.1931 0.4528 0.0000 1.3260
0.7938 1.2176 0.4002 0.0001 58.4404
0.7951 1.2009 0.4729 0.0000 1.3190
0.7900 1.2236 0.3782 0.0003 1.3664
0.7994 1.2396 0.3681 0.0005 1.5951
0.7936 1.2335 0.3933 0.0002 1.3599
0.8020 1.2388 0.3712 0.0004 1.3472
0.8020 1.2251 0.4248 0.0000 5.5462
0.8008 1.2290 0.4090 0.0001 1.3344
0.8015 1.2398 0.3778 0.0003 1.3455
0.8016 1.2342 0.3993 0.0001 1.3334
0.7845 1.1989 0.4834 0.0000 1.3005
0.7971 1.2338 0.3634 0.0006 1.3385
0.7930 1.2349 0.3560 0.0008 1.3521
0.7940 1.2219 0.3781 0.0003 8.5171
0.7940 1.2227 0.3701 0.0005 1.3434
0.7922 1.2186 0.3639 0.0006 1.3510
0.7891 1.2066 0.4004 0.0001 1.3643
0.7910 1.1966 0.4548 0.0000 1.3197
0.7958 1.2177 0.3846 0.0003 1.3643
0.7931 1.2204 0.3920 0.0002 1.3447
0.7943 1.2134 0.4131 0.0001 1.3443
0.7917 1.2122 0.4237 0.0000 1.3404
0.7962 1.2254 0.3811 0.0003 1.3160
0.7931 1.2177 0.3946 0.0002 1.3597
0.7909 1.2051 0.4421 0.0000 1.3312
0.7943 1.2210 0.3822 0.0003 1.3375
0.7920 1.2100 0.4033 0.0001 1.3311
0.7916 1.2136 0.3964 0.0002 1.3429
0.7895 1.1985 0.4236 0.0000 1.3191
0.7894 1.2047 0.3993 0.0001 1.3322
0.7909 1.1966 0.4083 0.0001 1.3355
0.7842 1.1932 0.4168 0.0001 1.3214
0.7882 1.1889 0.4271 0.0000 1.3300
0.7875 1.1898 0.4270 0.0000 1.3330
0.7894 1.1883 0.4203 0.0001 1.3386
0.7900 1.1861 0.4257 0.0000 1.3074
0.7883 1.1868 0.4272 0.0000 1.3341
0.7894 1.1878 0.4272 0.0000 1.3254
0.7904 1.1838 0.4155 0.0001 1.3314
0.7955 1.1898 0.4516 0.0000 1.3191
0.7847 1.1951 0.4271 0.0000 1.3417
0.7849 1.1933 0.4151 0.0001 1.3122
0.7909 1.1990 0.4239 0.0000 1.3475
0.7899 1.2026 0.4227 0.0001 1.3258
0.7929 1.2066 0.4250 0.0000 1.3375
0.7906 1.2015 0.4239 0.0000 1.3373
0.7923 1.2078 0.4276 0.0000 1.3256
0.7851 1.1954 0.4359 0.0000 1.3120
0.7849 1.1935 0.4293 0.0000 1.3470
0.7846 1.1911 0.4474 0.0000 1.4061
0.7848 1.1881 0.4317 0.0000 1.3225
0.7783 1.1705 0.4956 0.0000 1.3098
0.7798 1.1737 0.4964 0.0000 1.3098
0.7794 1.1828 0.4271 0.0000 1.3520
0.7824 1.1866 0.4547 0.0000 1.4014
0.7804 1.1911 0.4283 0.0000 1.3427
0.7826 1.1885 0.4438 0.0000 1.3284
0.7880 1.1946 0.4606 0.0000 1.3652
0.7754 1.1690 0.4903 0.0000 1.3099
0.7808 1.1908 0.4336 0.0000 1.3305
0.7821 1.1906 0.4375 0.0000 1.3786
0.7780 1.1762 0.4713 0.0000 1.3099
0.7756 1.1827 0.4423 0.0000 1.3200
0.7740 1.1697 0.5000 0.0000 1.3080
0.7756 1.1785 0.4571 0.0000 1.3136
0.7793 1.1770 0.4505 0.0000 1.3120
0.7716 1.1592 0.5065 0.0000 1.3002
0.7828 1.1768 0.4352 0.0000 1.3309
0.7764 1.1782 0.4532 0.0000 1.3135
0.7802 1.1752 0.4483 0.0000 1.3186
0.7754 1.1694 0.4857 0.0000 1.3046
0.7801 1.1816 0.4445 0.0000 1.3159
0.7773 1.1788 0.4480 0.0000 1.3164
0.7757 1.1758 0.4550 0.0000 1.3141
0.7785 1.1772 0.4553 0.0000 1.2988
0.7780 1.1737 0.4545 0.0000 1.3115
0.7710 1.1672 0.4772 0.0000 1.3102
0.7786 1.1795 0.4555 0.0000 1.3045
0.7788 1.1779 0.4586 0.0000 1.3065
0.7801 1.1813 0.4542 0.0000 1.3115
0.7814 1.1800 0.4528 0.0000 1.3117
0.7737 1.1518 0.5263 0.0000 1.3009
0.7840 1.1765 0.4517 0.0000 1.3108
0.7857 1.1768 0.4439 0.0000 1.3123
0.7850 1.1765 0.4492 0.0000 1.3087
0.7877 1.1766 0.4334 0.0000 1.3137
0.7777 1.1521 0.5129 0.0000 1.2983
0.7855 1.1761 0.4452 0.0000 1.3099
0.7846 1.1751 0.4397 0.0000 1.3070
0.7843 1.1714 0.4538 0.0000 1.3089
0.7759 1.1439 0.5227 0.0000 1.2902
0.7860 1.1744 0.4494 0.0000 1.3034
0.7848 1.1714 0.4565 0.0000 1.3035
0.7864 1.1760 0.4453 0.0000 1.3097
0.7852 1.1772 0.4473 0.0000 1.3083
0.7858 1.1759 0.4499 0.0000 1.3074
0.7878 1.1776 0.4404 0.0000 1.3277
0.7846 1.1682 0.4669 0.0000 1.3044
0.7848 1.1738 0.4588 0.0000 1.2984
0.7843 1.1706 0.4624 0.0000 1.2981
0.7856 1.1700 0.4585 0.0000 1.2961
0.7858 1.1702 0.4586 0.0000 1.2927
0.7771 1.1532 0.5023 0.0000 1.2887
0.7861 1.1752 0.4512 0.0000 1.3002
0.7872 1.1790 0.4401 0.0000 1.3044
0.7873 1.1699 0.4508 0.0000 1.3408
0.7876 1.1763 0.4403 0.0000 1.3249
0.7797 1.1522 0.5001 0.0000 1.2795
0.7858 1.1697 0.4574 0.0000 1.2978
0.7855 1.1600 0.4758 0.0000 1.4124
0.7911 1.1694 0.4609 0.0000 1.3391
0.7934 1.1758 0.4322 0.0000 1.3122
0.7880 1.1768 0.4475 0.0000 1.3310
0.7901 1.1747 0.4472 0.0000 1.3064
0.7909 1.1769 0.4299 0.0000 1.3315
0.7919 1.1697 0.4469 0.0000 1.3315
0.7899 1.1741 0.4391 0.0000 1.3250
0.7882 1.1717 0.4489 0.0000 1.2961
0.7904 1.1688 0.4483 0.0000 1.3318
0.7905 1.1738 0.4352 0.0000 1.3064
0.7897 1.1708 0.4449 0.0000 1.2946
0.7890 1.1714 0.4456 0.0000 1.2943
0.7807 1.1480 0.5046 0.0000 1.2954
0.7906 1.1717 0.4364 0.0000 1.3284
0.7873 1.1684 0.4563 0.0000 1.2935
0.7904 1.1676 0.4562 0.0000 1.3090
0.7913 1.1738 0.4375 0.0000 1.3220
0.7861 1.1668 0.4590 0.0000 1.2928
0.7871 1.1607 0.4689 0.0000 1.3084
0.7883 1.1628 0.4659 0.0000 1.3086
0.7833 1.1638 0.4704 0.0000 1.2933
0.7833 1.1633 0.4674 0.0000 1.2919
0.7841 1.1690 0.4542 0.0000 1.3023
0.7822 1.1664 0.4709 0.0000 1.2961
0.7879 1.1714 0.4571 0.0000 1.3285
0.7815 1.1642 0.4730 0.0000 1.2958
0.7881 1.1714 0.4556 0.0000 1.3279
0.7781 1.1522 0.4957 0.0000 1.2939
0.7856 1.1644 0.4648 0.0000 1.2974
0.7839 1.1644 0.4704 0.0000 1.2963
0.7835 1.1678 0.4736 0.0000 1.3088
0.7890 1.1592 0.4786 0.0000 1.3030
0.7849 1.1613 0.4732 0.0000 1.3042
0.7845 1.1659 0.4720 0.0000 1.2905
0.7892 1.1739 0.4621 0.0000 1.3274
0.7849 1.1692 0.4734 0.0000 1.2932
0.7839 1.1674 0.4775 0.0000 1.2884
0.7896 1.1688 0.4684 0.0000 1.3100
0.7830 1.1635 0.4810 0.0000 1.2861
0.7839 1.1651 0.4732 0.0000 1.2866
0.7823 1.1622 0.4827 0.0000 1.2853
0.7842 1.1632 0.4654 0.0000 1.3004
0.7803 1.1569 0.4884 0.0000 1.2848
0.7816 1.1618 0.4790 0.0000 1.2876
0.7759 1.1465 0.5089 0.0000 1.3005
0.7811 1.1603 0.4776 0.0000 1.3038
0.7829 1.1585 0.4929 0.0000 1.2793
0.7850 1.1595 0.4827 0.0000 1.2835
0.7837 1.1569 0.4881 0.0000 1.2815
0.7838 1.1572 0.4890 0.0000 1.2807
0.7861 1.1605 0.4787 0.0000 1.2834
0.7880 1.1582 0.4770 0.0000 1.3073
0.7926 1.1635 0.4700 0.0000 1.3030
0.7857 1.1600 0.4833 0.0000 1.2809
0.7848 1.1595 0.4891 0.0000 1.2796
0.7843 1.1529 0.4945 0.0000 1.3019
0.7850 1.1597 0.4814 0.0000 1.2696
0.7874 1.1605 0.4738 0.0000 1.2756
0.7857 1.1589 0.4790 0.0000 1.2713
0.7856 1.1605 0.4765 0.0000 1.2736
0.7851 1.1615 0.4707 0.0000 1.3008
0.7868 1.1596 0.4775 0.0000 1.2752
0.7875 1.1635 0.4653 0.0000 1.2985
0.7855 1.1609 0.4827 0.0000 1.2742
0.7876 1.1651 0.4772 0.0000 1.3093
0.7856 1.1640 0.4795 0.0000 1.2742
0.7909 1.1698 0.4576 0.0000 1.3109
0.7858 1.1688 0.4698 0.0000 1.2990
0.7855 1.1646 0.4764 0.0000 1.2796
0.7872 1.1681 0.4775 0.0000 1.3126
0.7857 1.1653 0.4805 0.0000 1.2820
0.7833 1.1646 0.4793 0.0000 1.2957
0.7817 1.1628 0.4841 0.0000 1.2924
0.7829 1.1644 0.4811 0.0000 1.2910
0.7779 1.1592 0.5002 0.0000 1.2713
0.7810 1.1623 0.4865 0.0000 1.2665
0.7790 1.1623 0.4925 0.0000 1.2639
0.7821 1.1628 0.4850 0.0000 1.2631
0.7830 1.1620 0.4813 0.0000 1.2614
0.7828 1.1621 0.4799 0.0000 1.2604
0.7820 1.1614 0.4840 0.0000 1.2627
0.7820 1.1607 0.4836 0.0000 1.2606
0.7809 1.1594 0.4884 0.0000 1.2618
0.7818 1.1575 0.4795 0.0000 1.2664
0.7849 1.1675 0.4720 0.0000 1.2669
0.7839 1.1672 0.4753 0.0000 1.2671
0.7832 1.1659 0.4682 0.0000 1.2664
0.7858 1.1690 0.4645 0.0000 1.2689
0.7844 1.1691 0.4584 0.0000 1.2715
0.7837 1.1690 0.4531 0.0000 1.2681
0.7835 1.1685 0.4615 0.0000 1.2696
0.7832 1.1699 0.4594 0.0000 1.2699
0.7836 1.1706 0.4598 0.0000 1.2704
0.7836 1.1706 0.4613 0.0000 1.2749
0.7838 1.1707 0.4555 0.0000 1.2833
0.7831 1.1735 0.4586 0.0000 1.2746
0.7831 1.1744 0.4551 0.0000 1.2760
0.7824 1.1737 0.4566 0.0000 1.2753
0.7825 1.1745 0.4561 0.0000 1.2772
0.7822 1.1737 0.4618 0.0000 1.2757
0.7820 1.1736 0.4593 0.0000 1.3054
0.7820 1.1737 0.4567 0.0000 1.3057
0.7864 1.1757 0.4407 0.0000 1.3019
0.7835 1.1764 0.4536 0.0000 1.3007
0.7829 1.1754 0.4482 0.0000 1.3125
0.7834 1.1770 0.4484 0.0000 1.3155
0.7845 1.1759 0.4444 0.0000 1.3060
0.7854 1.1747 0.4465 0.0000 1.2977
0.7839 1.1751 0.4458 0.0000 1.2981
0.7840 1.1756 0.4471 0.0000 1.3027
0.7826 1.1742 0.4497 0.0000 1.3130
0.7832 1.1768 0.4459 0.0000 1.2803
0.7832 1.1779 0.4418 0.0000 1.2800
0.7848 1.1772 0.4428 0.0000 1.2850
0.7819 1.1762 0.4475 0.0000 1.2795
0.7824 1.1735 0.4570 0.0000 1.3095
0.7818 1.1745 0.4523 0.0000 1.2766
0.7813 1.1755 0.4496 0.0000 1.3105
0.7811 1.1750 0.4548 0.0000 1.3064
0.7814 1.1750 0.4585 0.0000 1.2800
0.7815 1.1750 0.4524 0.0000 1.3114
0.7828 1.1743 0.4564 0.0000 1.2779
0.7805 1.1753 0.4553 0.0000 1.2771
0.7804 1.1745 0.4467 0.0000 1.2769
0.7789 1.1738 0.4517 0.0000 1.2772
0.7804 1.1747 0.4567 0.0000 1.3112
0.7800 1.1735 0.4575 0.0000 1.2767
0.7788 1.1710 0.4556 0.0000 1.3056
0.7780 1.1711 0.4570 0.0000 1.2766
0.7797 1.1690 0.4629 0.0000 1.2812
0.7787 1.1715 0.4585 0.0000 1.2758
0.7787 1.1713 0.4619 0.0000 1.3073
0.7768 1.1706 0.4560 0.0000 1.2749
0.7778 1.1678 0.4649 0.0000 1.3027
0.7797 1.1691 0.4604 0.0000 1.2741
0.7761 1.1666 0.4684 0.0000 1.2715
0.7790 1.1643 0.4616 0.0000 1.2640
0.7810 1.1676 0.4528 0.0000 1.2992
0.7785 1.1641 0.4693 0.0000 1.3013
0.7779 1.1631 0.4707 0.0000 1.2978
0.7788 1.1678 0.4529 0.0000 1.2942
0.7781 1.1647 0.4646 0.0000 1.2654
0.7784 1.1659 0.4599 0.0000 1.2676
0.7816 1.1659 0.4506 0.0000 1.2951
0.7803 1.1633 0.4627 0.0000 1.3011
0.7806 1.1649 0.4593 0.0000 1.2920
0.7818 1.1644 0.4567 0.0000 1.2941
0.7843 1.1630 0.4530 0.0000 1.2936
0.7786 1.1594 0.4672 0.0000 1.2686
0.7779 1.1586 0.4721 0.0000 1.2963
0.7774 1.1617 0.4565 0.0000 1.2645
0.7744 1.1571 0.4765 0.0000 1.2587
0.7791 1.1640 0.4536 0.0000 1.2963
0.7750 1.1591 0.4761 0.0000 1.2641
0.7742 1.1593 0.4693 0.0000 1.2616
0.7775 1.1586 0.4751 0.0000 1.2947
0.7747 1.1587 0.4760 0.0000 1.2906
0.7749 1.1617 0.4696 0.0000 1.2784
0.7726 1.1566 0.4836 0.0000 1.2626
0.7745 1.1602 0.4704 0.0000 1.2662
0.7760 1.1597 0.4676 0.0000 1.2848
0.7751 1.1604 0.4684 0.0000 1.2679
0.7754 1.1600 0.4731 0.0000 1.2668
0.7782 1.1627 0.4700 0.0000 1.2715
0.7783 1.1611 0.4663 0.0000 1.2954
0.7786 1.1625 0.4649 0.0000 1.2964
0.7797 1.1636 0.4656 0.0000 1.2965
0.7799 1.1622 0.4675 0.0000 1.2933
0.7776 1.1617 0.4659 0.0000 1.2681
0.7799 1.1626 0.4564 0.0000 1.2929
0.7764 1.1604 0.4644 0.0000 1.2704
0.7766 1.1596 0.4692 0.0000 1.2671
0.7774 1.1599 0.4692 0.0000 1.2677
0.7780 1.1615 0.4616 0.0000 1.2708
0.7816 1.1645 0.4511 0.0000 1.3035
0.7807 1.1682 0.4464 0.0000 1.2949
0.7789 1.1653 0.4584 0.0000 1.2727
0.7799 1.1680 0.4480 0.0000 1.2975
0.7756 1.1604 0.4648 0.0000 1.2662
0.7730 1.1522 0.4827 0.0000 1.2827
0.7770 1.1596 0.4668 0.0000 1.2661
0.7788 1.1596 0.4664 0.0000 1.2741
0.7776 1.1596 0.4608 0.0000 1.2676
0.7772 1.1577 0.4682 0.0000 1.2678
0.7740 1.1546 0.4805 0.0000 1.2603
0.7787 1.1605 0.4543 0.0000 1.2668
0.7776 1.1576 0.4670 0.0000 1.2648
0.7786 1.1597 0.4623 0.0000 1.2711
0.7796 1.1608 0.4647 0.0000 1.2740
0.7775 1.1615 0.4586 0.0000 1.2725
0.7790 1.1620 0.4546 0.0000 1.2723
0.7797 1.1634 0.4541 0.0000 1.2729
0.7782 1.1604 0.4599 0.0000 1.2681
0.7791 1.1622 0.4496 0.0000 1.2690
0.7771 1.1599 0.4618 0.0000 1.2657
0.7787 1.1604 0.4532 0.0000 1.2891
0.7798 1.1624 0.4474 0.0000 1.2693
0.7786 1.1597 0.4616 0.0000 1.2702
0.7790 1.1620 0.4519 0.0000 1.2693
0.7716 1.1497 0.4820 0.0000 1.2769
0.7783 1.1622 0.4545 0.0000 1.2675
0.7794 1.1641 0.4468 0.0000 1.2693
0.7824 1.1682 0.4428 0.0000 1.2905
0.7756 1.1592 0.4647 0.0000 1.2628
0.7783 1.1621 0.4539 0.0000 1.2666
0.7828 1.1666 0.4417 0.0000 1.3015
0.7789 1.1635 0.4478 0.0000 1.2697
0.7816 1.1675 0.4407 0.0000 1.2935
0.7791 1.1633 0.4548 0.0000 1.2721
0.7773 1.1621 0.4590 0.0000 1.2678
0.7816 1.1678 0.4415 0.0000 1.2964
0.7773 1.1621 0.4520 0.0000 1.2700
0.7798 1.1641 0.4460 0.0000 1.2688
0.7771 1.1621 0.4608 0.0000 1.2704
0.7777 1.1636 0.4538 0.0000 1.2715
0.7812 1.1663 0.4423 0.0000 1.2948
0.7769 1.1616 0.4570 0.0000 1.2707
0.7813 1.1629 0.4498 0.0000 1.2911
0.7776 1.1576 0.4696 0.0000 1.2679
0.7765 1.1592 0.4647 0.0000 1.2696
0.7771 1.1611 0.4589 0.0000 1.2733
0.7794 1.1633 0.4527 0.0000 1.2714
0.7821 1.1656 0.4444 0.0000 1.2961
0.7781 1.1590 0.4701 0.0000 1.2703
0.7812 1.1633 0.4507 0.0000 1.2782
0.7800 1.1625 0.4553 0.0000 1.2749
0.7840 1.1683 0.4381 0.0000 1.2989
0.7831 1.1676 0.4416 0.0000 1.2979
0.7767 1.1581 0.4642 0.0000 1.2720
0.7780 1.1619 0.4604 0.0000 1.2735
0.7752 1.1514 0.4983 0.0000 1.2810
0.7723 1.1503 0.4864 0.0000 1.2768
0.7795 1.1636 0.4553 0.0000 1.2773
0.7785 1.1621 0.4644 0.0000 1.2728
0.7793 1.1627 0.4611 0.0000 1.2975
0.7795 1.1624 0.4635 0.0000 1.2937
0.7810 1.1654 0.4512 0.0000 1.2781
0.7785 1.1609 0.4741 0.0000 1.2692
0.7809 1.1634 0.4633 0.0000 1.2774
0.7801 1.1631 0.4604 0.0000 1.2743
0.7786 1.1598 0.4630 0.0000 1.2978
0.7781 1.1601 0.4607 0.0000 1.2744
0.7797 1.1613 0.4615 0.0000 1.2724
0.7735 1.1480 0.4968 0.0000 1.2780
0.7810 1.1623 0.4656 0.0000 1.2730
0.7812 1.1599 0.4691 0.0000 1.2897
0.7816 1.1623 0.4568 0.0000 1.2741
0.7789 1.1599 0.4666 0.0000 1.2713
0.7803 1.1599 0.4686 0.0000 1.2716
0.7811 1.1584 0.4593 0.0000 1.2982
0.7767 1.1547 0.4711 0.0000 1.2686
0.7804 1.1582 0.4550 0.0000 1.2887
0.7796 1.1576 0.4745 0.0000 1.2679
0.7799 1.1600 0.4626 0.0000 1.2900
0.7789 1.1591 0.4690 0.0000 1.2718
0.7819 1.1615 0.4547 0.0000 1.3011
0.7849 1.1659 0.4435 0.0000 1.2967
0.7798 1.1591 0.4715 0.0000 1.2719
0.7771 1.1551 0.4818 0.0000 1.2710
0.7815 1.1586 0.4689 0.0000 1.2734
0.7789 1.1563 0.4774 0.0000 1.2697
0.7789 1.1563 0.4772 0.0000 1.2695
0.7795 1.1575 0.4738 0.0000 1.2706
0.7805 1.1592 0.4676 0.0000 1.2719
0.7789 1.1583 0.4698 0.0000 1.2703
0.7823 1.1637 0.4630 0.0000 1.2762
0.7832 1.1651 0.4570 0.0000 1.2756
0.7832 1.1642 0.4614 0.0000 1.2758
0.7843 1.1646 0.4552 0.0000 1.2930
0.7815 1.1610 0.4577 0.0000 1.2993
0.7859 1.1657 0.4466 0.0000 1.2960
0.7826 1.1623 0.4659 0.0000 1.2776
0.7828 1.1643 0.4548 0.0000 1.2794
0.7836 1.1644 0.4583 0.0000 1.2754
0.7847 1.1660 0.4473 0.0000 1.2778
0.7841 1.1644 0.4609 0.0000 1.2871
0.7874 1.1710 0.4382 0.0000 1.2982
0.7844 1.1656 0.4535 0.0000 1.2914
0.7771 1.1544 0.4794 0.0000 1.2812
0.7869 1.1712 0.4384 0.0000 1.2827
0.7847 1.1676 0.4505 0.0000 1.2943
0.7795 1.1583 0.4689 0.0000 1.2912
0.7780 1.1562 0.4752 0.0000 1.2831
0.7854 1.1674 0.4564 0.0000 1.2872
0.7834 1.1668 0.4581 0.0000 1.2762
0.7868 1.1715 0.4408 0.0000 1.2918
0.7776 1.1545 0.4794 0.0000 1.2859
0.7862 1.1716 0.4402 0.0000 1.3009
0.7878 1.1731 0.4373 0.0000 1.3072
0.7835 1.1687 0.4518 0.0000 1.2957
0.7859 1.1705 0.4444 0.0000 1.2891
0.7916 1.1770 0.4237 0.0000 1.3052
0.7881 1.1722 0.4404 0.0000 1.2860
0.7885 1.1708 0.4437 0.0000 1.3045
0.7861 1.1668 0.4540 0.0000 1.2988
0.7860 1.1676 0.4567 0.0000 1.2777
0.7893 1.1717 0.4383 0.0000 1.3050
0.7891 1.1739 0.4326 0.0000 1.3042
0.7903 1.1720 0.4381 0.0000 1.2915
0.7873 1.1689 0.4538 0.0000 1.2778
0.7874 1.1702 0.4383 0.0000 1.2797
0.7876 1.1694 0.4479 0.0000 1.2867
0.7873 1.1688 0.4557 0.0000 1.2808
0.7866 1.1700 0.4445 0.0000 1.3053
0.7858 1.1695 0.4459 0.0000 1.2925
0.7846 1.1650 0.4510 0.0000 1.2989
0.7901 1.1736 0.4312 0.0000 1.3047
0.7882 1.1693 0.4470 0.0000 1.3069
0.7899 1.1741 0.4304 0.0000 1.3045
0.7901 1.1744 0.4293 0.0000 1.3041
0.7854 1.1688 0.4448 0.0000 1.2981
0.7842 1.1669 0.4562 0.0000 1.2793
0.7868 1.1706 0.4396 0.0000 1.2845
0.7881 1.1694 0.4418 0.0000 1.3055
0.7870 1.1693 0.4494 0.0000 1.3000
0.7895 1.1727 0.4319 0.0000 1.3058
0.7789 1.1587 0.4779 0.0000 1.2970
