0.4931 0.6446 0.3397 0.0000 0.9816
0.4935 0.6457 0.3370 0.0000 0.9831
0.4954 0.6486 0.3303 0.0000 0.9871
0.4944 0.6475 0.3315 0.0000 0.9858
0.4943 0.6477 0.3310 0.0000 0.9863
0.4942 0.6454 0.3349 0.0000 0.9829
0.4944 0.6458 0.3339 0.0000 0.9846
0.4949 0.6453 0.3338 0.0000 0.9842
0.4951 0.6459 0.3327 0.0000 0.9857
0.4948 0.6449 0.3300 0.0000 0.9829
0.4947 0.6439 0.3315 0.0000 0.9817
0.4932 0.6405 0.3415 0.0000 0.9763
0.4950 0.6410 0.3320 0.0000 0.9760
0.4954 0.6403 0.3325 0.0000 0.9750
0.4945 0.6395 0.3380 0.0000 0.9738
0.4947 0.6395 0.3371 0.0000 0.9740
0.4953 0.6419 0.3312 0.0000 0.9775
0.4956 0.6423 0.3302 0.0000 0.9778
0.4952 0.6412 0.3318 0.0000 0.9766
0.4952 0.6423 0.3301 0.0000 0.9785
0.4949 0.6424 0.3327 0.0000 0.9788
0.4952 0.6423 0.3296 0.0000 0.9790
0.4947 0.6426 0.3303 0.0000 0.9801
0.4944 0.6417 0.3338 0.0000 0.9796
0.4943 0.6419 0.3339 0.0000 0.9808
0.4944 0.6419 0.3337 0.0000 0.9816
0.4942 0.6414 0.3364 0.0000 0.9809
0.4941 0.6417 0.3361 0.0000 0.9825
0.4931 0.6397 0.3408 0.0000 0.9801
0.4935 0.6414 0.3363 0.0000 0.9838
0.4934 0.6420 0.3352 0.0000 0.9860
0.4937 0.6431 0.3350 0.0000 0.9883
0.4938 0.6429 0.3350 0.0000 0.9895
0.4949 0.6489 0.3233 0.0000 0.9947
0.4947 0.6485 0.3247 0.0000 0.9954
0.5064 0.6543 0.3201 0.0000 0.9973
0.5038 0.6497 0.3171 0.0000 0.9907
0.4976 0.6410 0.3223 0.0000 0.9778
0.4982 0.6413 0.3225 0.0000 0.9779
0.4950 0.6376 0.3184 0.0000 0.9714
0.4952 0.6378 0.3169 0.0000 0.9714
0.4952 0.6378 0.3173 0.0000 0.9712
0.4956 0.6378 0.3166 0.0000 0.9710
0.4953 0.6386 0.3164 0.0000 0.9722
0.4954 0.6376 0.3206 0.0000 0.9709
0.4980 0.6379 0.3150 0.0000 0.9717
0.4979 0.6376 0.3160 0.0000 0.9707
0.4987 0.6398 0.3069 0.0000 0.9741
0.4988 0.6399 0.3074 0.0000 0.9741
0.4983 0.6403 0.3142 0.0000 0.9747
0.4982 0.6411 0.3142 0.0000 0.9758
0.4983 0.6420 0.3173 0.0000 0.9774
0.4977 0.6413 0.3183 0.0000 0.9760
0.4980 0.6422 0.3212 0.0000 0.9781
0.4980 0.6422 0.3202 0.0000 0.9777
0.4992 0.6416 0.3221 0.0000 0.9779
0.4992 0.6429 0.3200 0.0000 0.9796
0.4997 0.6440 0.3206 0.0000 0.9811
0.4989 0.6432 0.3210 0.0000 0.9794
0.4984 0.6429 0.3225 0.0000 0.9787
0.4984 0.6427 0.3211 0.0000 0.9782
0.4976 0.6401 0.3279 0.0000 0.9744
0.4977 0.6396 0.3285 0.0000 0.9735
0.4972 0.6392 0.3301 0.0000 0.9728
0.4981 0.6377 0.3335 0.0000 0.9719
0.4978 0.6362 0.3334 0.0000 0.9711
0.4975 0.6368 0.3309 0.0000 0.9718
0.4977 0.6366 0.3308 0.0000 0.9712
0.4976 0.6368 0.3300 0.0000 0.9710
0.4994 0.6398 0.3265 0.0000 0.9767
0.4993 0.6395 0.3263 0.0000 0.9756
0.4991 0.6393 0.3263 0.0000 0.9748
0.4992 0.6390 0.3247 0.0000 0.9740
0.4992 0.6387 0.3240 0.0000 0.9733
0.5021 0.6409 0.3222 0.0000 0.9769
0.5020 0.6405 0.3238 0.0000 0.9760
0.5010 0.6390 0.3265 0.0000 0.9735
0.5001 0.6384 0.3265 0.0000 0.9722
0.5000 0.6384 0.3265 0.0000 0.9718
0.5001 0.6389 0.3265 0.0000 0.9724
0.5067 0.6447 0.2623 0.0000 1.0761
0.5067 0.6449 0.2612 0.0000 1.0742
0.5083 0.6454 0.2579 0.0000 1.0730
0.5083 0.6452 0.2594 0.0000 1.0704
0.5082 0.6460 0.2565 0.0000 1.0696
0.5073 0.6460 0.2573 0.0000 1.0697
0.5071 0.6466 0.2557 0.0000 1.0679
0.5070 0.6465 0.2561 0.0000 1.0660
0.5075 0.6474 0.2532 0.0001 1.0637
0.5076 0.6466 0.2557 0.0000 1.0619
0.5065 0.6449 0.2631 0.0000 1.0613
0.5073 0.6469 0.2545 0.0000 1.0617
0.5074 0.6471 0.2538 0.0000 1.0599
0.5063 0.6469 0.2553 0.0000 1.0605
0.5070 0.6453 0.2590 0.0000 1.0616
0.5059 0.6428 0.2741 0.0000 1.0622
0.5054 0.6429 0.2734 0.0000 1.0598
0.5052 0.6420 0.2783 0.0000 1.0582
0.5046 0.6420 0.2792 0.0000 1.0572
0.5043 0.6415 0.2818 0.0000 1.0554
0.5037 0.6416 0.2822 0.0000 1.0538
0.5043 0.6415 0.2817 0.0000 1.0522
0.5033 0.6384 0.2992 0.0000 1.0534
0.5033 0.6385 0.2989 0.0000 1.0517
0.5031 0.6383 0.3001 0.0000 1.0503
0.5023 0.6385 0.3001 0.0000 1.0498
0.5026 0.6395 0.2958 0.0000 1.0499
0.5021 0.6395 0.2973 0.0000 1.0492
0.5016 0.6392 0.3021 0.0000 1.0503
0.5012 0.6386 0.3111 0.0000 1.0514
0.5010 0.6386 0.3118 0.0000 1.0501
0.5023 0.6391 0.3126 0.0000 1.0516
0.5020 0.6392 0.3108 0.0000 1.0500
0.5019 0.6392 0.3111 0.0000 1.0486
0.5018 0.6389 0.3086 0.0000 1.0464
0.5021 0.6401 0.3013 0.0000 1.0466
0.5098 0.6436 0.2977 0.0000 1.0808
0.5097 0.6431 0.2970 0.0000 1.0788
0.5079 0.6421 0.2964 0.0000 1.0756
0.5084 0.6421 0.2982 0.0000 1.0753
0.5088 0.6421 0.2996 0.0000 1.0745
0.5103 0.6441 0.2980 0.0000 1.0776
0.5081 0.6428 0.2989 0.0000 1.0744
0.5089 0.6440 0.2987 0.0000 1.0758
0.5087 0.6440 0.2994 0.0000 1.0745
0.5085 0.6440 0.2996 0.0000 1.0730
0.5082 0.6439 0.2993 0.0000 1.0714
0.5079 0.6444 0.2921 0.0000 1.0708
0.5089 0.6458 0.2882 0.0000 1.0726
0.5088 0.6459 0.2884 0.0000 1.0713
0.5075 0.6453 0.2878 0.0000 1.0692
0.5077 0.6453 0.2876 0.0000 1.0679
0.5079 0.6450 0.2845 0.0000 1.0663
0.5079 0.6448 0.2845 0.0000 1.0648
0.5074 0.6449 0.2833 0.0000 1.0637
0.5065 0.6446 0.2871 0.0000 1.0632
0.5072 0.6450 0.2848 0.0000 1.0626
0.5073 0.6451 0.2844 0.0000 1.0616
0.5069 0.6452 0.2857 0.0000 1.0605
0.5067 0.6455 0.2813 0.0000 1.0598
0.5062 0.6449 0.2795 0.0000 1.0577
0.5058 0.6449 0.2809 0.0000 1.0573
0.5049 0.6446 0.2883 0.0000 1.0575
0.5054 0.6456 0.2854 0.0000 1.0587
0.5054 0.6454 0.2853 0.0000 1.0573
0.5053 0.6453 0.2848 0.0000 1.0559
0.5053 0.6461 0.2837 0.0000 1.0562
0.5052 0.6462 0.2847 0.0000 1.0553
0.5049 0.6461 0.2849 0.0000 1.0539
0.5058 0.6462 0.2801 0.0000 1.0538
0.5054 0.6464 0.2788 0.0000 1.0529
0.5052 0.6464 0.2786 0.0000 1.0517
0.5050 0.6457 0.2804 0.0000 1.0510
0.5048 0.6464 0.2843 0.0000 1.0521
0.5047 0.6466 0.2816 0.0000 1.0511
0.5041 0.6468 0.2832 0.0000 1.0510
0.5039 0.6469 0.2831 0.0000 1.0501
0.5043 0.6465 0.2823 0.0000 1.0490
0.5044 0.6464 0.2835 0.0000 1.0480
0.5049 0.6473 0.2823 0.0000 1.0488
0.5044 0.6470 0.2824 0.0000 1.0473
0.5039 0.6462 0.2857 0.0000 1.0459
0.5042 0.6454 0.2896 0.0000 1.0459
0.5045 0.6453 0.2876 0.0000 1.0449
0.5045 0.6453 0.2876 0.0000 1.0439
0.5043 0.6456 0.2854 0.0000 1.0433
0.5037 0.6455 0.2865 0.0000 1.0426
0.5031 0.6456 0.2916 0.0000 1.0427
0.5027 0.6448 0.2901 0.0000 1.0409
0.5027 0.6446 0.2900 0.0000 1.0397
0.5030 0.6445 0.2881 0.0000 1.0389
0.5030 0.6449 0.2858 0.0000 1.0384
0.5031 0.6459 0.2817 0.0000 1.0392
0.5032 0.6462 0.2805 0.0000 1.0389
0.5033 0.6455 0.2846 0.0000 1.0381
0.5029 0.6453 0.2852 0.0000 1.0370
0.5027 0.6454 0.2862 0.0000 1.0361
0.5027 0.6450 0.2876 0.0000 1.0352
0.5026 0.6451 0.2884 0.0000 1.0347
0.5023 0.6450 0.2889 0.0000 1.0337
0.5022 0.6455 0.2893 0.0000 1.0338
0.5023 0.6455 0.2892 0.0000 1.0329
0.5022 0.6457 0.2878 0.0000 1.0323
0.5022 0.6457 0.2874 0.0000 1.0313
0.5023 0.6459 0.2865 0.0000 1.0306
0.5023 0.6459 0.2862 0.0000 1.0298
0.5020 0.6459 0.2881 0.0000 1.0291
0.5021 0.6459 0.2875 0.0000 1.0282
0.5023 0.6444 0.2933 0.0000 1.0274
0.5027 0.6444 0.2918 0.0000 1.0268
0.5025 0.6448 0.2909 0.0000 1.0268
0.5028 0.6450 0.2894 0.0000 1.0267
0.5026 0.6452 0.2904 0.0000 1.0271
0.5025 0.6458 0.2875 0.0000 1.0271
0.5021 0.6457 0.2895 0.0000 1.0263
0.5019 0.6464 0.2901 0.0000 1.0270
0.5017 0.6467 0.2900 0.0000 1.0270
0.5017 0.6471 0.2896 0.0000 1.0271
0.5018 0.6469 0.2906 0.0000 1.0263
0.5021 0.6463 0.2891 0.0000 1.0257
0.5019 0.6465 0.2897 0.0000 1.0257
0.5018 0.6464 0.2894 0.0000 1.0248
0.5017 0.6466 0.2904 0.0000 1.0244
0.5017 0.6468 0.2902 0.0000 1.0241
0.5014 0.6469 0.2913 0.0000 1.0236
0.5012 0.6473 0.2916 0.0000 1.0239
0.5012 0.6471 0.2926 0.0000 1.0230
0.5010 0.6470 0.2930 0.0000 1.0223
0.5001 0.6447 0.3027 0.0000 1.0246
0.5001 0.6447 0.3027 0.0000 1.0238
0.5002 0.6446 0.3026 0.0000 1.0231
0.5011 0.6441 0.2959 0.0000 1.0290
0.5016 0.6454 0.2929 0.0000 1.0308
0.5018 0.6455 0.2923 0.0000 1.0302
0.5017 0.6455 0.2924 0.0000 1.0295
0.5016 0.6457 0.2909 0.0000 1.0291
0.5016 0.6456 0.2911 0.0000 1.0282
0.5015 0.6452 0.2911 0.0000 1.0272
0.5011 0.6451 0.2940 0.0000 1.0267
0.5012 0.6457 0.2909 0.0000 1.0267
0.5012 0.6457 0.2906 0.0000 1.0260
0.5010 0.6459 0.2921 0.0000 1.0259
0.5007 0.6459 0.2934 0.0000 1.0253
0.5004 0.6460 0.2958 0.0000 1.0254
0.5007 0.6445 0.2976 0.0000 1.0278
0.5007 0.6447 0.2974 0.0000 1.0273
0.5003 0.6447 0.2995 0.0000 1.0273
0.5003 0.6445 0.3005 0.0000 1.0265
0.5003 0.6447 0.3009 0.0000 1.0261
0.5000 0.6445 0.3034 0.0000 1.0258
0.5000 0.6449 0.3033 0.0000 1.0262
0.5000 0.6450 0.3032 0.0000 1.0255
0.5000 0.6441 0.3016 0.0000 1.0245
0.4998 0.6444 0.3039 0.0000 1.0248
0.5008 0.6439 0.3051 0.0000 1.0272
0.5008 0.6438 0.3050 0.0000 1.0264
0.5007 0.6435 0.3060 0.0000 1.0254
0.5007 0.6434 0.3060 0.0000 1.0247
0.5003 0.6432 0.3074 0.0000 1.0239
0.5004 0.6440 0.3035 0.0000 1.0246
0.5004 0.6442 0.3036 0.0000 1.0242
0.5002 0.6441 0.3044 0.0000 1.0236
0.5001 0.6444 0.3034 0.0000 1.0235
0.5004 0.6451 0.3024 0.0000 1.0247
0.5003 0.6453 0.3041 0.0000 1.0245
0.5000 0.6455 0.3063 0.0000 1.0248
0.4997 0.6453 0.3077 0.0000 1.0242
0.4996 0.6456 0.3065 0.0000 1.0238
0.4996 0.6456 0.3064 0.0000 1.0232
0.4996 0.6451 0.3074 0.0000 1.0225
0.4994 0.6452 0.3079 0.0000 1.0220
0.4993 0.6456 0.3076 0.0000 1.0222
0.4993 0.6455 0.3072 0.0000 1.0215
0.4993 0.6453 0.3074 0.0000 1.0209
0.4994 0.6450 0.3073 0.0000 1.0200
0.4997 0.6449 0.3066 0.0000 1.0200
0.4995 0.6452 0.3066 0.0000 1.0201
0.4992 0.6449 0.3083 0.0000 1.0193
0.4993 0.6444 0.3092 0.0000 1.0185
0.4994 0.6449 0.3068 0.0000 1.0186
0.4994 0.6448 0.3064 0.0000 1.0178
0.4994 0.6450 0.3059 0.0000 1.0176
0.4993 0.6444 0.3079 0.0000 1.0167
0.4993 0.6441 0.3084 0.0000 1.0159
0.4992 0.6442 0.3087 0.0000 1.0154
0.4990 0.6440 0.3102 0.0000 1.0148
0.4987 0.6444 0.3124 0.0000 1.0152
0.4986 0.6447 0.3113 0.0000 1.0151
0.4984 0.6448 0.3119 0.0000 1.0147
0.4985 0.6448 0.3109 0.0000 1.0144
0.4984 0.6448 0.3108 0.0000 1.0139
0.4984 0.6446 0.3111 0.0000 1.0132
0.4988 0.6441 0.3094 0.0000 1.0132
0.4988 0.6441 0.3092 0.0000 1.0127
0.4986 0.6440 0.3100 0.0000 1.0120
0.4987 0.6439 0.3102 0.0000 1.0114
0.4985 0.6438 0.3115 0.0000 1.0109
0.4985 0.6437 0.3116 0.0000 1.0102
0.4984 0.6441 0.3121 0.0000 1.0108
0.4986 0.6436 0.3099 0.0000 1.0102
0.4985 0.6426 0.3127 0.0000 1.0094
0.4986 0.6433 0.3106 0.0000 1.0101
0.4988 0.6431 0.3102 0.0000 1.0095
0.4988 0.6433 0.3104 0.0000 1.0093
0.4989 0.6438 0.3099 0.0000 1.0099
0.4989 0.6436 0.3092 0.0000 1.0093
0.4989 0.6436 0.3090 0.0000 1.0089
0.4990 0.6436 0.3091 0.0000 1.0084
0.4987 0.6435 0.3106 0.0000 1.0081
0.4987 0.6436 0.3102 0.0000 1.0078
0.4986 0.6438 0.3106 0.0000 1.0076
0.4985 0.6440 0.3106 0.0000 1.0075
0.4984 0.6436 0.3125 0.0000 1.0069
0.4986 0.6434 0.3116 0.0000 1.0064
0.4985 0.6436 0.3116 0.0000 1.0064
0.4986 0.6436 0.3106 0.0000 1.0063
0.4986 0.6433 0.3105 0.0000 1.0056
0.4982 0.6439 0.3110 0.0000 1.0063
0.4980 0.6439 0.3113 0.0000 1.0058
0.4983 0.6439 0.3102 0.0000 1.0057
0.4984 0.6431 0.3118 0.0000 1.0054
0.4983 0.6435 0.3117 0.0000 1.0055
0.4987 0.6435 0.3098 0.0000 1.0054
0.4986 0.6435 0.3100 0.0000 1.0049
0.4993 0.6436 0.3055 0.0000 1.0052
0.4991 0.6432 0.3070 0.0000 1.0044
0.4991 0.6430 0.3076 0.0000 1.0039
0.4991 0.6430 0.3077 0.0000 1.0036
0.4991 0.6430 0.3078 0.0000 1.0032
0.4995 0.6430 0.3061 0.0000 1.0034
0.4991 0.6431 0.3072 0.0000 1.0033
0.4989 0.6434 0.3079 0.0000 1.0034
0.4988 0.6428 0.3098 0.0000 1.0028
0.4993 0.6432 0.3066 0.0000 1.0039
0.4993 0.6433 0.3060 0.0000 1.0036
0.4992 0.6436 0.3055 0.0000 1.0036
0.4991 0.6437 0.3069 0.0000 1.0035
0.4989 0.6438 0.3073 0.0000 1.0034
0.4988 0.6434 0.3088 0.0000 1.0026
0.4988 0.6439 0.3084 0.0000 1.0033
0.4985 0.6438 0.3111 0.0000 1.0031
0.4984 0.6439 0.3110 0.0000 1.0029
0.4984 0.6439 0.3111 0.0000 1.0024
0.4981 0.6442 0.3135 0.0000 1.0028
0.4982 0.6441 0.3130 0.0000 1.0023
0.4981 0.6441 0.3131 0.0000 1.0020
0.4980 0.6440 0.3141 0.0000 1.0015
0.4980 0.6433 0.3156 0.0000 1.0005
0.4983 0.6423 0.3138 0.0000 1.0002
0.4983 0.6423 0.3134 0.0000 0.9997
0.4983 0.6422 0.3138 0.0000 0.9992
0.4981 0.6424 0.3134 0.0000 0.9993
0.4980 0.6423 0.3138 0.0000 0.9989
0.4979 0.6428 0.3134 0.0000 0.9994
0.4978 0.6427 0.3136 0.0000 0.9989
0.4979 0.6427 0.3135 0.0000 0.9986
0.4978 0.6429 0.3130 0.0000 0.9986
0.4977 0.6429 0.3133 0.0000 0.9983
0.4977 0.6430 0.3129 0.0000 0.9981
0.4975 0.6431 0.3131 0.0000 0.9980
0.4975 0.6433 0.3135 0.0000 0.9978
0.4981 0.6420 0.3159 0.0000 0.9991
0.4982 0.6418 0.3162 0.0000 0.9986
0.4981 0.6415 0.3164 0.0000 0.9980
0.4981 0.6418 0.3158 0.0000 0.9982
0.4980 0.6418 0.3162 0.0000 0.9978
0.4980 0.6415 0.3170 0.0000 0.9972
0.4980 0.6416 0.3169 0.0000 0.9968
0.4979 0.6416 0.3173 0.0000 0.9966
0.4978 0.6418 0.3173 0.0000 0.9965
0.4978 0.6428 0.3145 0.0000 0.9977
0.4978 0.6431 0.3136 0.0000 0.9979
0.4979 0.6427 0.3128 0.0000 0.9976
0.4979 0.6427 0.3128 0.0000 0.9973
0.4979 0.6427 0.3128 0.0000 0.9969
0.4977 0.6428 0.3129 0.0000 0.9969
0.4978 0.6427 0.3127 0.0000 0.9965
0.4980 0.6434 0.3118 0.0000 0.9976
0.4979 0.6437 0.3111 0.0000 0.9977
0.4979 0.6437 0.3110 0.0000 0.9974
0.4978 0.6437 0.3113 0.0000 0.9970
0.4978 0.6437 0.3115 0.0000 0.9968
0.4976 0.6439 0.3115 0.0000 0.9969
0.4976 0.6443 0.3102 0.0000 0.9971
0.4977 0.6446 0.3096 0.0000 0.9974
0.4976 0.6446 0.3102 0.0000 0.9971
0.4976 0.6448 0.3102 0.0000 0.9971
0.4979 0.6445 0.3097 0.0000 0.9972
0.4979 0.6445 0.3100 0.0000 0.9970
0.4979 0.6444 0.3102 0.0000 0.9966
0.4979 0.6446 0.3097 0.0000 0.9965
0.4980 0.6439 0.3096 0.0000 0.9964
0.4981 0.6440 0.3095 0.0000 0.9964
0.4981 0.6428 0.3118 0.0000 0.9951
0.4981 0.6428 0.3118 0.0000 0.9949
0.4987 0.6430 0.3060 0.0000 0.9957
0.4987 0.6429 0.3060 0.0000 0.9953
0.4987 0.6429 0.3060 0.0000 0.9950
0.4992 0.6428 0.3049 0.0000 0.9958
0.4992 0.6432 0.3035 0.0000 0.9960
0.4990 0.6434 0.3044 0.0000 0.9961
0.4989 0.6428 0.3053 0.0000 0.9953
0.4989 0.6427 0.3051 0.0000 0.9948
0.4993 0.6429 0.3025 0.0000 0.9951
0.4995 0.6426 0.3023 0.0000 0.9946
0.4994 0.6425 0.3030 0.0000 0.9943
0.4993 0.6426 0.3031 0.0000 0.9941
0.4992 0.6427 0.3041 0.0000 0.9943
0.4992 0.6428 0.3039 0.0000 0.9940
0.4992 0.6433 0.3027 0.0000 0.9946
0.4993 0.6439 0.2998 0.0000 0.9951
0.4994 0.6439 0.2993 0.0000 0.9948
0.4994 0.6443 0.2976 0.0000 0.9952
0.4992 0.6443 0.2980 0.0000 0.9951
0.4993 0.6443 0.2971 0.0000 0.9948
0.4997 0.6439 0.2940 0.0000 0.9957
0.4988 0.6419 0.3011 0.0000 0.9951
0.4988 0.6420 0.3009 0.0000 0.9949
0.4987 0.6420 0.3014 0.0000 0.9948
0.4985 0.6419 0.3022 0.0000 0.9944
0.4986 0.6418 0.3020 0.0000 0.9940
0.4985 0.6411 0.3042 0.0000 0.9933
0.4984 0.6412 0.3049 0.0000 0.9933
0.4987 0.6408 0.3062 0.0000 0.9934
0.4986 0.6408 0.3077 0.0000 0.9934
0.4982 0.6412 0.3084 0.0000 0.9942
0.4982 0.6412 0.3084 0.0000 0.9938
0.4982 0.6411 0.3085 0.0000 0.9935
0.4982 0.6411 0.3085 0.0000 0.9932
0.4982 0.6412 0.3085 0.0000 0.9931
0.4983 0.6412 0.3082 0.0000 0.9929
0.4982 0.6410 0.3089 0.0000 0.9924
0.4983 0.6412 0.3093 0.0000 0.9924
0.4983 0.6412 0.3094 0.0000 0.9923
0.4986 0.6402 0.3102 0.0000 0.9929
0.4986 0.6400 0.3112 0.0000 0.9924
0.4985 0.6400 0.3115 0.0000 0.9921
0.4983 0.6391 0.3133 0.0000 0.9913
0.4982 0.6391 0.3135 0.0000 0.9911
0.4983 0.6390 0.3139 0.0000 0.9907
0.4983 0.6389 0.3136 0.0000 0.9903
0.4982 0.6390 0.3135 0.0000 0.9902
0.4981 0.6392 0.3135 0.0000 0.9903
0.4981 0.6390 0.3138 0.0000 0.9899
0.4977 0.6390 0.3147 0.0000 0.9896
0.4978 0.6390 0.3125 0.0000 0.9901
0.4979 0.6391 0.3117 0.0000 0.9900
0.4979 0.6391 0.3115 0.0000 0.9898
0.4978 0.6392 0.3119 0.0000 0.9897
0.4977 0.6392 0.3120 0.0000 0.9895
0.4980 0.6390 0.3124 0.0000 0.9894
0.4978 0.6390 0.3132 0.0000 0.9893
0.4977 0.6387 0.3145 0.0000 0.9888
0.4977 0.6388 0.3147 0.0000 0.9887
0.4976 0.6386 0.3153 0.0000 0.9882
0.4977 0.6385 0.3151 0.0000 0.9880
0.4976 0.6385 0.3154 0.0000 0.9877
0.4976 0.6387 0.3149 0.0000 0.9877
0.4977 0.6387 0.3142 0.0000 0.9876
0.4977 0.6386 0.3143 0.0000 0.9873
0.4976 0.6386 0.3144 0.0000 0.9871
0.4975 0.6386 0.3154 0.0000 0.9868
0.4974 0.6386 0.3155 0.0000 0.9866
0.4977 0.6390 0.3146 0.0000 0.9873
0.4976 0.6390 0.3149 0.0000 0.9870
0.4976 0.6391 0.3147 0.0000 0.9868
0.4975 0.6390 0.3152 0.0000 0.9865
0.4977 0.6388 0.3142 0.0000 0.9862
0.4974 0.6382 0.3169 0.0000 0.9855
0.4972 0.6384 0.3168 0.0000 0.9856
0.4971 0.6385 0.3167 0.0000 0.9855
