16.747
37.628
177.421
91.756
58.117
26.647
106.653
72.313
23.643
225.75
7.964
48.779
42.819
8.003
143.436
104.009
28.712
18.632
52.076
45.137
227.312
9.452
41.303
106.411
10.819
147.15
83.78
43.447
23.43
8.482
9.553
60.25
37.029
90.529
23.962
40.424
33.289
142.73
8.318
30.08
56.348
5.277
21.575
34.314
103.875
31.973
84.321
26.374
37.018
94.893
79.869
33.794
39.134
15.159
120.437
71.574
53.679
181.89
55.012
22.142
33.658
28.162
62.501
28.43
100.193
53.831
67.205
125.373
39.838
126.546
70.396
60.588
23.211
22.492
57.864
11.049
60.956
164.576
47.285
47.399
89.401
74.276
85.166
82.545
48.802
7.98
62.902
67.338
29.442
59.128
20.817
18.029
36.228
115.198
9.694
14.577
6.594
49.03
20.643
20.942
39.604
64.531
101.948
38.824
103.925
16.415
43.167
40.193
89.715
71.062
47.987
295.369
69.831
31.379
74.011
50.405
17.029
45.993
64.575
4.42
34.571
13.392
36.756
42.196
22.501
18.978
79.1
30.673
17.652
155.679
41.057
156.02
34.185
331.709
54.329
31.705
20.869
145.514
263.806
12.444
17.37
118.087
8.127
7.741
90.806
25.444
43.36
67.954
26.307
31.568
108.051
130.524
46.769
32.583
8.712
72.49
18.79
27.294
33.694
60.326
28.297
82.815
148.581
22.721
53.119
66.196
59.178
20.413
11.494
88.883
29.746
44.305
97.599
35.394
78.268
43.286
30.772
7.18
65.678
37.401
10.567
69.436
103.64
91.315
4.24
18.353
22.848
24.6
118.304
12.181
96.73
47.732
20.91
65.581
11.185
32.529
41.637
28.846
34.45
46.755
37.093
87.377
51.052
82.856
19.853
33.509
36.247
30.752
8.676
27.263
53.538
66.025
10.01
54.994
49.615
24.541
31.995
48.179
16.261
8.228
28.922
47.656
20.819
5.715
10.318
37.242
10.191
50.749
36.66
54.368
43.807
33.928
27.304
38.204
187.708
33.275
52.682
132.594
32.18
33.525
70.607
20.399
62.202
158.144
33.902
27.806
78.788
97.585
81.913
33.207
19.413
21.563
30.955
78.307
136.9
27.409
39.348
75.177
80.553
14.697
16.59
37.987
46.329
74.444
80.711
13.965
57.081
12.665
30.519
29.299
30.289
37.564
81.351
33.292
52.411
36.112
34.499
84.247
56.61
40.894
31.972
34.437
31.647
31.974
109.008
38.899
44.32
23.158
21.181
48.751
13.89
63.727
77.472
52.405
75.061
42.127
38.518
64.528
23.759
13.574
36.511
32.265
48.677
105.18
81.824
24.294
105.001
37.876
31.505
76.256
42.534
14.074
15.122
32.725
38.236
21.039
22.674
169.269
0.799
51.689
19.927
21.37
25.244
24.098
55.719
80.294
31.927
26.468
40.658
46.396
10.767
42.724
23.329
4.358
24.823
15.247
37.355
15.67
116.01
26.572
19.478
100.582
6.44
24.952
276.851
103.668
73.694
23.474
85.755
116.558
56.983
54.538
36.974
146.961
18.101
110.708
48.553
83.883
72.129
22.893
63.831
20.427
27.205
91.329
40.911
21.271
41.733
70.925
111.5
81.385
24.489
44.367
7.923
51.929
134.973
19.78
36.382
28.459
47.01
20.806
13.685
55.915
93.647
15.696
67.092
25.399
87.064
142.041
80.336
55.525
59.162
19.434
34.248
51.08
47.158
24.314
21.299
49.698
44.996
20.339
31.035
37.175
22.481
55.256
13.608
21.795
8.864
4.517
20.137
17.606
60.226
54.939
55.58
25.685
35.358
65.134
11.826
70.173
79.634
69.675
67.295
28.306
70.74
43
35.79
61.162
61.481
21.336
76.453
20.376
25.897
20.217
23.877
12.669
50.929
21.344
18.811
70.046
38.242
21.258
35.871
9.088
47.236
13.302
13.207
56.009
61.82
36.436
23.893
33.785
50.865
45.06
47.327
37.128
17.773
20.06
21.3
161.889
29.22
46.249
31.36
47.633
15.209
96.041
14.884
92.784
70.875
71.954
89.387
7.055
8.817
44.738
28.838
56.053
17.23
107.096
89.943
22.993
43.979
5.457
70.617
156.59
6.061
81.287
14.192
35.392
30.679
37.02
18.325
152.597
26.834
14.905
94.311
10.953
37.701
36.656
20.472
18.728
16.466
19.128
9.459
7.385
24.094
74.253
27.859
10.139
61.128
89.842
62.564
71.981
40.707
32.28
17.832
12.771
42.581
81.395
75.787
31.335
31.154
100.536
75.145
15.97
48.98
72.996
12.319
10.64
48.116
23.467
37.375
23.363
34.719
33.552
150.933
45.81
59.687
88.558
44.112
51.158
146.842
30.704
106.383
25.661
63.468
65.415
43.641
149.549
52.876
107.273
17.04
146.395
25.949
31.926
48.648
18.37
74.987
9.152
23.862
43.157
16.833
43.746
123.873
81.799
2.351
36.864
79.246
22.091
78.517
32.083
199.377
40.557
5.341
16.485
47.749
41.837
71.717
20.487
65.522
12.948
22.989
6.579
114.016
92.334
78.687
73.182
17.55
26.866
22.502
24.374
2.925
23.972
123.879
9.963
95.697
42.633
20.325
104.847
42.744
92.889
75.088
33.874
17.23
75.897
25.063
11.978
43.974
24.353
113.333
9.074
42.729
68.087
26.197
25.435
152.675
25.024
44.588
14.439
42.611
15.435
145.304
10.719
30.248
47.265
82.567
13.14
15.639
48.602
38.85
66.659
20.474
62.712
47.583
19.783
16.14
111.123
10.052
30.63
11.943
47.666
71.023
45.436
47.08
11.879
74.168
62.549
63.542
10.792
65.407
18.403
145.213
50.728
19.178
33.048
100.583
18.082
5.478
4.773
104.362
63.971
39.118
17.897
14.219
6.131
24.801
8.304
72.933
141.534
3.47
13.89
73.118
26.792
4.814
101.234
78.881
63.992
27.338
7.549
13.599
8.969
138.759
21.369
99.835
19.505
14.757
19.746
105.135
32.193
36.984
44.217
49.986
78.587
56.555
25.721
45.143
8.44
12.385
94.553
51.991
22.273
50.932
27.78
52.373
75.499
84.121
32.566
106.562
28.531
55.311
29.489
6.822
118.362
42.459
31.517
31.233
59.427
46.495
19.372
30.035
21.52
3.443
113.371
8.932
43.103
7.925
7.037
14.869
18.161
43.604
35.161
35.402
10.201
41.405
139.371
56.726
2.368
44.88
78.837
33.675
63.24
42.579
107.861
11.387
38.908
94.043
82.562
32.098
35.615
39.928
60.304
40.832
47.879
44.65
18.079
63.37
15.742
27.708
22.87
41.683
32.174
13.374
84.049
51.999
45.609
7.877
84.764
21.763
165.21
79.351
28.375
11.254
50.247
79.506
21.769
18.03
25.514
40.823
32.771
39.687
44.299
17.599
33.719
5.474
67.949
71.738
60.838
47.443
14.429
66.511
39.108
54.063
121.852
70.174
29.806
60.129
25.776
40.608
57.409
40.849
11.147
11.912
22.634
16.415
38.939
112.882
33.509
9.871
20.81
46.956
150.582
67.833
23.567
64.603
318.298
125.118
16.126
28.51
19.409
12.09
50.673
12.563
4.011
20.978
54.266
40.353
33.563
56.342
19.821
58.364
96.349
21.599
42.342
53.934
18.852
25.272
11.969
19.238
8.531
39.718
23.124
14.579
198.776
41.256
16.791
12.827
83.308
49.589
11.626
166.65
46.522
59.134
21.006
20.834
53.498
41.25
15.614
27.218
22.921
19.199
98.916
55.43
49.092
37.035
36.927
43.207
97.56
20.379
29.052
15.25
18.942
110.77
53.586
158.177
25.836
63.024
108.992
24.002
28.672
16.15
77.477
16.88
14.513
54.72
17.905
11.483
38.131
46.998
29.589
14.864
94.371
96.32
9.205
141.825
43.115
67.658
65.09
260.667
35.834
85.96
19.718
33.421
66.339
35.416
84.266
31.554
11.711
82.796
27.465
82.808
14.347
44.542
35.765
111.11
39.33
68.73
33.007
29.004
8.86
25.287
28.185
39.784
37.381
39.188
20.765
39.486
88.68
44.879
6.902
19.623
10.862
29.133
39.776
10.824
104.59
199.893
71.488
15.924
61.818
33.567
27.002
9.358
34.68
45.418
74.686
88.281
51.896
55.322
18.998
30.786
98.468
104.91
74.031
56.93
8.824
60.804
78.809
85.515
64.547
18.201
116.804
106.234
18.469
31.309
67.871
98.666
10.164
46.098
16.494
22.948
20.917
19.889
13.022
26.374
66.316
20.227
48.08
149.373
13.676
11.068
10.62
60.924
42.158
11.925
129.934
54.379
45.108
104.538
9.03
46.04
111.748
81.923
80.089
25.9
31.721
27.903
19.728
31.629
30.434
5.139
30.932
153.666
16.909
28.558
17.568
30.134
69.193
121.847
6.456
38.848
81.369
22.959
71.862
28.302
36.159
73.658
5.33
4.123
35.222
11.524
38.206
65.799
76.167
22.046
10.474
38.389
51.653
13.168
46.32
36.473
114.105
26.584
39.888
39.566
282.128
5.431
25.069
68.525
117.261
26.824
57.668
46.918
24.471
12.573
89.167
18.484
38.54
43.306
9.736
100.282
18.217
37.769
47.32
22.871
41.406
35.873
13.577
8.129
41.464
118.024
129.254
91.095
28.105
18.438
141.464
22.852
54.382
45.185
50.999
16.081
20.3
64.61
78.012
61.114
66.833
15.591
102.066
27.053
31.26
9.471
83.995
10.864
87.338
65.736
54.64
9.382
8.691
45.075
32.91
22.976
34.561
43.272
43.83
9.946
19.304
10.814
41.636
84.059
15.48
33.877
21.117
18.938
24.051
30.628
18.702
6.942
18.971
31.106
35.506
7.19
61.177
19.105
9.6
18.249
60.065
17.464
3.744
31.602
12.873
76.296
33.968
30.209
24.624
60.696
5.624
26.961
23.629
18.536
15.116
60.294
62.307
41.371
19.671
91.547
17.815
59.526
34.708
16.085
52.208
35.959
28.597
4.557
29.582
39.277
48.986
65.594
29.116
26.349
29.948
122.758
36.499
98.588
18.668
28.205
8.205
41.036
17.987
12.557
6.407
12.116
31.971
48.403
8.835
8.035
10.968
79.732
24.144
60.427
27.088
75.879
62.012
13.597
18.106
6.763
22.598
24.385
12.893
19.589
15.868
19.509
74.299
32.978
10.305
14.287
26.643
9.47
11.963
18.993
57.087
45.953
105.573
60.897
14.33
7.75
15.312
55.044
13.453
50.789
21
30.529
66.417
79.231
48.967
24.604
16.884
19.693
46.883
51.763
42.187
64.665
8.801
10.959
13.91
62.979
61.503
33.492
39.15
66.994
67.686
88.574
16.261
46.959
7.604
50.549
20.556
151.726
40.439
21.811
40.097
53.749
23.511
37.426
59.307
16.133
31.086
8.855
22.717
93.091
49.107
15.709
9.345
130.603
15.288
14.408
44.57
9.504
6.967
15.144
17.957
2.94
5.796
9.376
33.439
104.628
9.29
54.769
8.549
7.408
103.71
19.367
69.051
23.607
18.684
21.025
25.439
59.387
78.53
22.404
62.267
26.066
63.662
24.665
12.603
18.025
14.399
7.42
83.575
11.143
24.369
15.832
11.58
25.045
85.95
48.073
77.622
70.601
21.735
41.973
45.438
33.861
8.476
7.654
21.053
50.263
9.238
7.269
68.646
12.75
16.087
48.572
3.714
33.005
71.783
39.513
30.486
9.802
37.895
33.563
69.886
47.907
13.35
9.605
57.888
75.31
12.431
42.933
15.839
45.661
55.088
37.126
32.845
10.376
38.029
4.797
55.672
28.906
10.929
65.015
149.762
28.9
35.73
27.638
215.68
22.962
54.584
22.192
12.6
72.636
93.148
4.019
70.99
59.362
75.897
27.114
69.769
12.716
32.853
71.036
21.953
15.808
8.132
29.225
13.109
20.827
37.349
17.451
24.726
12.68
62.02
32.802
13.548
14.722
129.3
65.816
28.213
23.462
50.789
17.093
75.25
4.534
53.731
25.841
76.246
15.043
40.306
61.051
166.238
4.102
80.844
18.86
15.862
40.511
15.464
57.305
15.512
19.788
76.18
7.978
16.53
23.707
47.591
3.837
123.866
28.525
41.146
16.391
38.26
31.884
30.744
17.441
34.358
17.197
36.289
127.924
17.041
8.531
27.117
21.622
2.868
20.286
18.194
6.007
6.964
69.86
70.489
31.772
12.529
51.477
7.015
24.278
33.417
72.436
73.359
16.779
111.656
10.614
95.032
47.597
69.673
68.73
7.936
33.681
23.478
13.255
34.775
14.042
13.784
39.212
7.181
8.239
30.016
6.016
2.347
46.676
80.115
52.036
99.906
3.752
10.944
21.898
35.543
39.421
33.93
154.257
29.284
10.668
24.262
52.104
8.325
5.391
35.952
40.376
59.579
9.925
21.076
31.435
113.234
124.123
8.401
82.274
70.559
88.773
91.973
55.113
80.294
25.503
32.602
28.342
23.027
43.163
66.728
25.329
34.867
13.387
74.384
19.023
20.641
6.555
14.809
56.941
83.887
101.336
102.881
80.647
127.369
35.415
22.938
32.495
63.274
18.449
51.661
88.704
30.981
7.114
75.257
12.294
10.809
57.566
82.903
32.872
36.774
15.414
31.505
21.6
3.105
17.632
23.999
60.031
41.256
9.284
8.096
11.586
111.321
9.697
8.073
15.385
32.287
8.121
8.385
4.36
7.968
45.888
15.41
135.007
35.237
35.111
1.715
26.807
89.497
40.901
76.1
24.487
45.388
14.786
60.609
40.186
17.112
110.58
68.146
121.95
30.523
12.435
5.936
23.675
32.167
76.652
3.695
41.917
20.075
57.096
4.215
69.786
25.571
53.604
59.124
11.529
18.192
11.173
14.153
30.025
50.086
10.99
3.849
12.852
65.049
7.933
30.147
43.926
18.444
66.383
20.921
9.778
46.134
29.085
16.554
51.415
12.44
49.128
61.07
16.352
22.255
78.911
95.216
16.361
41.335
26.368
48.89
61.579
6.232
12.276
21.811
42.485
11.099
55.336
15.432
35.975
46.464
18.673
23.465
40.884
17.209
27.49
14.105
19.097
41.418
24.436
39.208
3.658
80.585
76.931
48.814
7.809
28.843
68.527
30.303
6.745
41.108
94.735
231.007
17.488
34.342
32.095
12.465
19.071
27.209
43.161
39.29
41.113
29.826
49.78
13.577
14.696
44.712
41.419
19.508
66.259
70.263
21.851
38.183
21.386
29.442
9.379
42.149
62.401
49.123
37.318
27.598
29.51
135.226
55.2
29.217
33.831
25.785
49.759
13.861
25.721
61.519
39.275
52.911
16.951
89.807
46.188
80.146
69.868
5.332
13.141
17.074
24.184
4.569
3.896
2.014
5.297
30.696
51.133
65.266
54.737
41.745
8.144
40.401
52.578
14.201
39.945
5.13
55.817
26.869
27.306
19.305
21.804
18.939
4.908
59.639
53.491
22.732
54.511
134.748
40.527
30.076
37.366
102.971
24.243
15.9
45.957
42.132
59.389
103.75
42.796
85.825
27.484
51.709
32.498
37.097
19.298
66.023
2.061
5.906
10.014
36.662
120.203
46.499
12.48
10.447
6.307
111.446
11.864
58.737
4.741
5.066
3.878
38.86
52.712
23.188
3.161
61.216
3.984
32.763
72.613
68.191
26.135
30.661
10.865
15.247
18.935
13.785
9.974
2.72
10.719
26.281
50.529
26.433
23.8
35.048
66.977
31.249
10.249
14.468
54.964
67.709
58.108
20.323
74.164
35.307
17.501
102.361
40.013
52.905
34.696
18.456
29.913
5.249
27.25
31.649
68.767
31.185
53.376
71.048
26.14
83.112
40.471
3.195
78.271
38.886
31.159
9.436
56.204
3.764
17.12
128.539
73.556
57.017
76.227
3.644
6.913
68.533
83.258
5.609
8.011
56.413
40.189
42.229
9.046
55.016
29.57
59.67
52.697
39.808
84.88
6.246
59.089
4.642
22.728
17.456
36.015
4.313
6.072
15.967
21.737
30.46
152.747
29.181
11.697
49.428
35.254
12.791
10.512
53.341
12.394
36.314
30.323
13.306
11.526
14.392
31.591
17.221
12.896
14.241
91.846
22.576
5.681
43.392
33.348
20.193
7.771
27.971
39.192
72.839
51.168
14.183
11.243
43.477
28.542
73.148
87.701
42.465
62.265
39.624
118.078
86.728
16.139
23.014
12.07
26.437
26.055
29.295
65.406
39.299
12.219
11.148
44.719
37.984
6.015
5.25
32.186
17.318
7.946
12.331
24.278
16.784
22.495
73.468
30.705
20.839
78.01
5.845
28.637
13.304
7.78
55.797
59.607
34.352
53.919
62.157
76.469
54.527
57.002
76.302
36.384
102.286
80.59
75.88
68.224
61.292
20.062
21.892
27.052
20.965
14.637
30.478
79.314
58.733
7.175
34.478
32.681
23.787
29.465
30.476
59.92
56.146
63.933
47.763
43.563
39.166
4.278
13.496
36.469
40.51
46.635
11.005
33.749
13.683
66.971
57.131
12.878
11.43
32.834
13.584
31.581
23.506
13.82
17.207
28.275
64.79
41.054
43.989
78.897
59.926
84.907
10.268
22.494
131.757
51.029
26.428
41.113
27.446
43.695
30.645
56.287
28.336
34.69
8.532
45.79
27.243
56.077
27.765
64.379
16.237
12.569
29.225
12.269
15.733
6.789
37.234
26.533
38.885
19.236
60.689
93.301
21.233
8.996
65.952
95.969
59.942
27.437
20.076
11.38
18.806
61.558
64.567
27.597
83.866
29.645
31.267
42.562
106.056
22.107
10.937
15.702
17.747
111.382
57.625
73.803
19.938
12.134
4.921
24.227
28.139
18.895
15.584
9.144
32.793
28.761
39.339
7.559
87.976
30.548
114.805
78.995
53.62
10.781
36.417
24.982
4.328
37.727
13.258
19.084
12.206
32.917
95.171
27.504
34.021
78.543
32.186
41.12
43.024
11.191
45.015
6.811
29.334
3.736
18.902
64.609
82.898
2.632
28.048
23.647
8.102
53.585
62.4
6.623
4.405
9.592
8.076
25.189
6.734
6.567
25.552
15.08
14.913
18.301
42.108
6.381
3.196
76.051
2.149
36.945
31.575
74.549
40.033
34.643
13.203
50.95
15.388
57.856
20.694
20.095
79.795
140.489
3.467
15.163
13.344
56.5
64.89
49.57
8.701
7.519
8.564
9.13
22.632
62.489
7.845
96.442
14.667
14.15
22.673
40.657
37.976
21.226
44.577
28.835
88.478
20.661
26.342
28.495
72.144
44.116
17.054
33.754
61.709
66.18
64.485
7.404
109.173
3.212
16.405
20.637
36.718
50.497
67.878
43.774
39.597
37.558
36.837
62.756
20.581
2.669
62.14
32.241
11.274
52.715
54.822
34.378
31.856
69.534
39.068
73.687
13.589
19.328
5.146
109.465
10.88
58.427
15.383
65.279
11.947
43.982
17.89
23.818
50.712
6.026
17.045
13.43
11.564
20.271
28.491
39.685
29.558
33.061
5.459
75.15
67.315
46.764
95.996
15.631
4.678
13.25
20.722
17.333
41.908
25.935
63.887
2.744
37.323
10.602
109.441
35.313
15.965
2.953
47.752
146.083
202.087
12.311
12.752
86.733
13.114
14.703
38.54
73.583
81.277
21.573
36.277
26.381
45.038
65.584
124.592
117.586
10.349
154.484
3.967
35.307
7.011
14.689
50.171
114.383
15.686
42.15
11.501
14.38
68.025
40.997
36.538
30.025
39.494
12.725
5.582
15.8
8.052
48.226
10.259
22.983
26.342
27.631
42.566
8.134
11.265
5.681
19.201
33.999
59.737
22.488
20.311
6.037
40.907
116.3
55.114
25.039
45.543
32.99
7.202
28.813
65.464
6.589
19.993
43.638
12.154
10.326
55.872
26.251
74.633
32.228
101.957
16.19
18.028
36.608
6.735
44.192
111.769
15.767
50.497
14.656
35.049
10.684
5.869
101.349
98.015
29.656
35.72
41.693
21.534
23.501
39.24
116.517
25.014
49.473
29.179
22.164
62.618
59.499
63.555
38.698
36.69
39.639
22.325
51.9
10.67
43.09
12.124
5.527
12.182
21.118
12.156
10.258
5.51
44.503
18.333
18.891
22.829
149.944
38.968
6.674
4.468
59.649
24.595
33.921
31.263
16.09
28.989
14.392
35.266
4.794
87.699
12.583
73.143
98.966
55.578
22.735
36.579
28.842
11.13
32.698
46.786
15.753
56.656
71.383
26.92
69.456
8.567
22.114
98.805
44.921
95.045
15.55
8.722
37.86
7.364
12.9
21.807
10.331
17.896
36.974
72.309
59.453
44.218
39.097
5.389
64.275
38.19
44.878
12.549
34.3
24.515
8.73
4.45
10.811
8.871
71.714
31.87
64.806
14.802
87.797
22.313
26.36
24.669
133.938
32.377
63.926
14.131
30.004
15.209
27.095
31.345
56.824
27.879
69.165
64.052
35.55
8.075
26.302
31.789
90.415
25.83
12.38
84.805
39.108
13.998
45.126
4.918
4.683
16.17
10.581
12.203
14.836
18.466
11.248
39.129
89.052
25.095
30.736
58.288
38.717
46.048
31.531
10.697
4.904
73.119
31.455
5.019
28.681
21.998
54.066
4.328
126.527
40.995
53.358
53.404
14.359
24.076
72.725
31.371
104.648
5.158
18.442
37.998
24.421
38.528
52.591
23.273
9.971
22.101
8.879
31.167
27.606
25.888
30.806
41.053
57.924
52.723
4.901
2.215
33.854
71.061
35.814
36.028
28.375
42.727
41.091
29.983
60.325
30.654
11.433
11.308
64.895
38.907
42.712
21.672
126.43
32.394
13.759
70.129
10.372
78.612
46.147
18.66
6.599
80.147
61.165
20.509
35.083
33.802
5.432
4.92
81.893
94.4
26.492
14.401
96.457
71.232
22.77
73.078
16.778
56.392
43.779
19.711
22.022
10.679
41.922
23.049
26.935
6.99
71.056
77.295
12.405
11.01
35.733
35.551
61.263
28.917
31.683
7.022
24.323
26.404
12.347
10.935
69.676
32.86
15.678
8.934
48.816
91.797
45.162
28.488
11.818
25.739
6.039
12.813
86.15
59.869
16.093
26.546
6.095
17.971
14.878
7.999
39.372
35.274
33.266
113.137
27.802
64.504
21.373
7.314
16.031
21.442
143.173
8.809
89.452
10.735
116.77
26.964
13.167
72.456
15.73
41.119
71.42
14.741
19.863
14.632
15.483
48.838
13.081
12.504
35.076
22.248
33.72
26.217
8.512
42.639
24.949
80.885
27.907
9.298
61.327
134.001
16.217
6.038
17.45
52.631
14.306
11.25
115.447
21.145
21.474
13.816
29.504
48.185
13.941
21.739
9.133
26.13
51.154
6.101
32.313
26.772
25.43
7.184
35.517
110.325
33.179
27.237
67.274
75.531
8.2
45.27
46.89
19.48
46.84
41.901
25.811
15.929
7.078
102.505
33.296
32.407
13.946
29.638
41.554
14.513
5.361
34.582
15.056
34.886
30.537
31.987
16.192
8.369
24.622
35.267
27.012
24.557
17.116
6.846
17.496
19.489
4.554
49.959
17.252
14.152
13.209
20.117
42.631
5.805
13.693
51.302
44.694
24.99
3.358
79.839
27.862
26.4
6.453
52.796
12.392
30.535
30.044
14.478
22.404
15.853
38.826
23.274
25.24
17.569
52.828
5.338
11.379
20.612
51.211
40.133
33.111
26.985
64.677
10.087
10.761
22.927
30.783
86.16
23.956
13.59
35.137
7.108
15.804
5.543
38.436
12.436
51.916
33.605
12.393
51.654
14.075
31.242
9.182
19.985
104.75
60.451
12.67
70.382
87.643
138.113
27.015
15.968
6.669
28.804
28.905
75.056
127.152
134.033
9.84
185.316
19.775
8.503
28.116
14.7
98.305
98.694
18.552
24.14
48.185
4.968
84.887
9.754
14.365
18.161
25.231
71.989
11.596
5.93
12.119
31.391
24.712
68.966
52.242
12.472
30.767
18.466
47.855
15.45
22.996
18.822
6.16
61.498
11.115
70.871
29.375
25.91
45.24
7.762
8.428
9.426
41.502
64.8
11.711
6.601
10.292
32
107.816
8.089
72.986
121.215
4.517
76.41
57.498
6.47
36.091
39.201
73.333
31.703
11.999
43.793
17.082
5.981
5.07
13.145
33.32
4.359
8.674
6.876
37.233
15.18
21.699
23.625
17.332
16.389
45.779
50.697
2.157
126.202
53.772
21.887
6.005
13.392
51.217
25.129
2.491
5.43
37.233
8.298
30.652
37.875
59.855
129.498
97.289
32.458
71.4
12.703
14.841
8.984
23.589
61.334
14.143
21.79
35.037
10.88
80.004
94.458
40.81
37.46
29.085
13.381
19.474
215.846
80.548
21.067
45.971
10.173
81.028
66.656
5.428
86.426
10.819
80.99
94.751
26.426
42.573
75.21
