0.5054 0.6461 0.2924 0.0000 0.9489
0.5071 0.6502 0.2793 0.0000 0.9552
0.4931 0.6401 0.3431 0.0000 1.0279
0.5062 0.6528 0.2786 0.0000 0.9457
0.4922 0.6423 0.3430 0.0000 1.0186
0.4944 0.6368 0.3395 0.0000 0.9045
0.5051 0.6514 0.2781 0.0000 0.9417
0.5052 0.6546 0.2729 0.0000 2153.1215
0.4911 0.6360 0.3540 0.0000 0.9932
0.4913 0.6389 0.3494 0.0000 1.0090
0.5054 0.6531 0.2670 0.0000 0.9389
0.4902 0.6399 0.3497 0.0000 0.9043
0.4903 0.6390 0.3529 0.0000 1.0093
0.4899 0.6407 0.3491 0.0000 0.9084
0.5102 0.6540 0.2527 0.0001 0.9377
0.5104 0.6540 0.2542 0.0000 33.4489
0.4905 0.6365 0.3496 0.0000 0.9748
0.5196 0.6732 0.3268 0.0000 0.9578
0.4916 0.6404 0.3429 0.0000 0.8798
0.5059 0.6464 0.2814 0.0000 0.9174
0.5005 0.6395 0.3125 0.0000 0.9043
0.4998 0.6425 0.3102 0.0000 0.9143
0.5093 0.6455 0.2694 0.0000 0.8998
0.5094 0.6459 0.2672 0.0000 0.9008
0.5112 0.6487 0.2567 0.0000 0.8922
0.5106 0.6473 0.2559 0.0000 0.8911
0.4919 0.6373 0.3378 0.0000 0.8350
0.4919 0.6360 0.3374 0.0000 0.9140
0.4906 0.6364 0.3448 0.0000 0.8272
0.5170 0.6521 0.2248 0.0003 0.8977
0.5168 0.6532 0.2209 0.0004 0.8994
0.5175 0.6535 0.2190 0.0005 0.9001
0.5191 0.6522 0.2233 0.0004 0.9194
0.5162 0.6514 0.2262 0.0003 0.8920
0.5177 0.6521 0.2235 0.0004 0.9009
0.5186 0.6519 0.2273 0.0003 0.8958
0.5187 0.6521 0.2250 0.0003 0.8958
0.5175 0.6515 0.2277 0.0003 0.8949
0.5172 0.6523 0.2253 0.0003 0.8962
0.5184 0.6543 0.2162 0.0006 0.9007
0.5184 0.6542 0.2159 0.0006 0.9015
0.5190 0.6556 0.2123 0.0007 0.9062
0.5173 0.6553 0.2159 0.0006 0.8956
0.5174 0.6560 0.2148 0.0006 0.8955
0.5169 0.6552 0.2261 0.0003 0.8947
0.5166 0.6557 0.2262 0.0003 0.8960
0.5175 0.6567 0.2222 0.0004 0.9010
0.4986 0.6471 0.2915 0.0000 0.8301
0.5187 0.6588 0.2185 0.0005 0.9054
0.5181 0.6572 0.2254 0.0003 0.9005
0.5193 0.6563 0.2285 0.0003 0.8985
0.5169 0.6563 0.2342 0.0002 0.8892
0.5014 0.6522 0.2854 0.0000 0.8398
0.5004 0.6500 0.2911 0.0000 0.8364
0.5169 0.6581 0.2371 0.0002 0.8983
0.5161 0.6576 0.2404 0.0001 0.8981
0.5160 0.6577 0.2406 0.0001 0.9002
0.5168 0.6590 0.2381 0.0001 0.9040
0.5177 0.6597 0.2356 0.0002 0.9065
0.5182 0.6597 0.2333 0.0002 0.9075
0.5181 0.6585 0.2367 0.0002 0.9052
0.5143 0.6564 0.2461 0.0001 0.8929
0.5139 0.6560 0.2483 0.0001 0.8933
0.5143 0.6560 0.2472 0.0001 0.8948
0.5143 0.6569 0.2473 0.0001 0.8937
0.4994 0.6468 0.3020 0.0000 0.8401
0.5143 0.6571 0.2485 0.0001 0.9006
0.5153 0.6571 0.2530 0.0001 0.8987
0.5149 0.6562 0.2532 0.0001 0.8918
0.5145 0.6557 0.2525 0.0001 0.8914
0.5142 0.6552 0.2534 0.0001 0.8917
0.5149 0.6562 0.2518 0.0001 0.8962
0.5110 0.6544 0.2610 0.0000 0.8735
0.5124 0.6484 0.2590 0.0000 0.8479
0.5124 0.6470 0.2641 0.0000 0.8501
0.5118 0.6467 0.2665 0.0000 0.8501
0.5176 0.6526 0.2499 0.0001 0.8453
0.5035 0.6403 0.3057 0.0000 0.8034
0.5045 0.6425 0.2995 0.0000 0.8157
0.5029 0.6359 0.3144 0.0000 0.7950
0.5041 0.6410 0.3046 0.0000 0.8124
0.5036 0.6404 0.3068 0.0000 0.8126
0.4983 0.6333 0.3277 0.0000 0.8068
0.4985 0.6344 0.3247 0.0000 0.8049
0.4987 0.6357 0.3234 0.0000 0.8115
0.4985 0.6342 0.3275 0.0000 0.7920
0.4984 0.6352 0.3243 0.0000 0.8012
0.4984 0.6335 0.3277 0.0000 0.8014
0.5124 0.6479 0.2625 0.0000 0.8337
0.4998 0.6339 0.3257 0.0000 0.7883
0.5099 0.6461 0.2704 0.0000 0.8231
0.4989 0.6352 0.3234 0.0000 0.7944
0.4994 0.6341 0.3268 0.0000 0.7800
0.4993 0.6355 0.3232 0.0000 0.7948
0.5105 0.6469 0.2683 0.0000 0.8299
0.4999 0.6342 0.3216 0.0000 0.8119
0.5005 0.6372 0.3157 0.0000 0.8217
0.5016 0.6390 0.3111 0.0000 0.8239
0.5008 0.6322 0.3254 0.0000 0.8032
0.5025 0.6378 0.3115 0.0000 0.8208
0.5004 0.6311 0.3297 0.0000 0.8051
0.5002 0.6301 0.3334 0.0000 0.8063
0.5003 0.6298 0.3360 0.0000 0.8122
0.4998 0.6305 0.3346 0.0000 0.8155
0.5004 0.6269 0.3452 0.0000 0.7999
0.5014 0.6272 0.3433 0.0000 0.7960
0.5046 0.6294 0.3340 0.0000 0.8013
0.5056 0.6315 0.3267 0.0000 0.7911
0.5077 0.6348 0.3117 0.0000 0.8131
0.5066 0.6320 0.3267 0.0000 0.7980
0.5067 0.6317 0.3259 0.0000 0.7995
0.5066 0.6318 0.3246 0.0000 0.7981
0.5066 0.6338 0.3145 0.0000 0.8053
0.5060 0.6330 0.3186 0.0000 0.8035
0.5070 0.6323 0.3224 0.0000 0.7999
0.5064 0.6320 0.3262 0.0000 0.7960
0.5084 0.6348 0.3100 0.0000 0.8068
0.5491 0.6708 0.1454 0.0215 0.8739
0.5094 0.6373 0.2984 0.0000 0.8116
0.5080 0.6366 0.3037 0.0000 0.8057
0.5074 0.6355 0.3117 0.0000 0.8005
0.5083 0.6371 0.2993 0.0000 0.8096
0.5082 0.6360 0.3055 0.0000 0.8058
0.5067 0.6335 0.3211 0.0000 0.8080
0.5121 0.6406 0.3381 0.0000 0.7949
0.5165 0.6450 0.3334 0.0000 0.8180
0.5051 0.6314 0.3346 0.0000 0.7968
0.5070 0.6327 0.3272 0.0000 0.7971
0.5076 0.6321 0.3341 0.0000 0.7947
0.5110 0.6350 0.3397 0.0000 0.7933
0.5077 0.6324 0.3300 0.0000 0.7962
0.5134 0.6364 0.3425 0.0000 0.7987
0.5139 0.6340 0.3378 0.0000 0.8007
0.5141 0.6342 0.3386 0.0000 0.8007
0.5142 0.6341 0.3352 0.0000 0.8003
0.5136 0.6339 0.3290 0.0000 0.8049
0.5171 0.6377 0.3429 0.0000 0.8006
0.5135 0.6344 0.3341 0.0000 0.7995
0.5147 0.6359 0.3380 0.0000 0.7991
0.5142 0.6354 0.3359 0.0000 0.8007
0.5137 0.6358 0.3228 0.0000 0.8049
0.5339 0.6574 0.1957 0.0019 0.8351
0.5128 0.6354 0.3330 0.0000 0.7979
0.5147 0.6369 0.3251 0.0000 0.8005
0.5141 0.6369 0.3109 0.0000 0.8105
0.5171 0.6389 0.3303 0.0000 0.7997
0.5154 0.6375 0.3142 0.0000 0.8023
0.5156 0.6377 0.3197 0.0000 0.8003
0.5162 0.6387 0.3068 0.0000 0.8060
0.5172 0.6395 0.3218 0.0000 0.7966
0.5210 0.6418 0.2894 0.0000 0.8218
0.5175 0.6393 0.3035 0.0000 0.8046
0.5207 0.6418 0.3287 0.0000 0.7997
0.5175 0.6384 0.3126 0.0000 0.7971
0.5171 0.6394 0.2982 0.0000 0.8058
0.5180 0.6397 0.3073 0.0000 0.7937
0.5182 0.6394 0.3043 0.0000 0.7996
0.5177 0.6391 0.3108 0.0000 0.7948
0.5196 0.6423 0.3251 0.0000 0.7965
0.5160 0.6391 0.3185 0.0000 0.7928
0.5142 0.6380 0.3038 0.0000 0.7997
0.5139 0.6379 0.3044 0.0000 0.7927
0.5138 0.6376 0.3109 0.0000 0.7926
0.5128 0.6375 0.3092 0.0000 0.7908
0.5135 0.6379 0.3035 0.0000 0.7946
0.5126 0.6379 0.3060 0.0000 0.7907
0.5150 0.6397 0.2981 0.0000 0.7946
0.5138 0.6389 0.3026 0.0000 0.7926
0.5135 0.6388 0.3067 0.0000 0.7907
0.5129 0.6383 0.3077 0.0000 0.7881
0.5140 0.6392 0.2951 0.0000 0.7961
0.5135 0.6388 0.3077 0.0000 0.7887
0.5133 0.6388 0.3043 0.0000 0.7892
0.5371 0.6615 0.1720 0.0064 0.8294
0.5119 0.6381 0.3042 0.0000 0.7914
0.5120 0.6385 0.3164 0.0000 0.7868
0.5109 0.6371 0.3054 0.0000 0.7920
0.5101 0.6366 0.3080 0.0000 0.7897
0.5100 0.6375 0.3035 0.0000 0.7900
0.5106 0.6380 0.2975 0.0000 0.7924
0.5092 0.6373 0.3116 0.0000 0.7870
0.5093 0.6374 0.3028 0.0000 0.7947
0.5092 0.6376 0.3107 0.0000 0.7889
0.5102 0.6383 0.3130 0.0000 0.7883
0.5103 0.6383 0.3032 0.0000 0.7917
0.5090 0.6373 0.3125 0.0000 0.7870
0.5091 0.6380 0.2997 0.0000 0.7935
0.5075 0.6374 0.3089 0.0000 0.7884
0.5073 0.6377 0.3069 0.0000 0.7886
0.5079 0.6381 0.2994 0.0000 0.7920
0.5068 0.6375 0.3152 0.0000 0.7825
0.5062 0.6371 0.3070 0.0000 0.7864
0.5057 0.6370 0.3082 0.0000 0.7863
0.5058 0.6368 0.3068 0.0000 0.7859
0.5073 0.6380 0.3005 0.0000 0.7883
0.5069 0.6375 0.3055 0.0000 0.7845
0.5070 0.6372 0.3046 0.0000 0.7844
0.5073 0.6379 0.2985 0.0000 0.7834
0.5074 0.6391 0.2971 0.0000 0.7818
0.5074 0.6387 0.2974 0.0000 0.7817
0.5073 0.6388 0.2967 0.0000 0.7832
0.5079 0.6394 0.2913 0.0000 0.7852
0.5093 0.6402 0.2855 0.0000 0.7860
0.5074 0.6388 0.2957 0.0000 0.7820
0.5078 0.6393 0.2899 0.0000 0.7864
0.5064 0.6383 0.2983 0.0000 0.7808
0.5063 0.6382 0.2958 0.0000 0.7756
0.5068 0.6386 0.2945 0.0000 0.7809
0.5062 0.6385 0.2973 0.0000 0.7802
0.5062 0.6389 0.3019 0.0000 0.7804
0.5051 0.6392 0.2960 0.0000 0.7814
0.5059 0.6405 0.2845 0.0000 0.7849
0.5059 0.6405 0.2859 0.0000 0.7851
0.5072 0.6415 0.2780 0.0000 0.7901
0.5056 0.6401 0.2899 0.0000 0.7818
0.5084 0.6418 0.2760 0.0000 0.7933
0.5080 0.6414 0.2778 0.0000 0.7927
0.5058 0.6396 0.2931 0.0000 0.7826
0.5059 0.6398 0.2883 0.0000 0.7827
0.5070 0.6407 0.2814 0.0000 0.7912
0.5066 0.6402 0.2856 0.0000 0.7858
0.5071 0.6410 0.2804 0.0000 0.7917
0.5066 0.6409 0.2814 0.0000 0.7905
0.5293 0.6576 0.1790 0.0045 0.8174
0.5056 0.6404 0.2858 0.0000 0.7838
0.5048 0.6399 0.2904 0.0000 0.7815
0.5057 0.6409 0.2819 0.0000 0.7877
0.5056 0.6411 0.2801 0.0000 0.7872
0.5056 0.6413 0.2808 0.0000 0.7837
0.5066 0.6427 0.2711 0.0000 0.7869
0.5052 0.6413 0.2813 0.0000 0.7839
0.5067 0.6433 0.2680 0.0000 0.7953
0.5045 0.6401 0.3025 0.0000 0.7807
0.5320 0.6630 0.1407 0.0261 0.8291
0.5040 0.6403 0.2899 0.0000 0.7848
0.5040 0.6395 0.2972 0.0000 0.7837
0.5041 0.6404 0.2909 0.0000 0.7840
0.5045 0.6416 0.2801 0.0000 0.7897
0.5039 0.6411 0.2855 0.0000 0.7859
0.5038 0.6412 0.2847 0.0000 0.7855
0.5043 0.6420 0.2804 0.0000 0.7858
0.5042 0.6420 0.2800 0.0000 0.7857
0.5268 0.6571 0.1789 0.0045 0.8170
0.5036 0.6411 0.2897 0.0000 0.7844
0.5050 0.6418 0.2765 0.0000 0.7932
0.5068 0.6409 0.2879 0.0000 0.7914
0.5067 0.6414 0.2802 0.0000 0.7930
0.5065 0.6419 0.2760 0.0000 0.7969
0.5052 0.6412 0.2824 0.0000 0.7885
0.5057 0.6411 0.2830 0.0000 0.7916
0.5404 0.6672 0.1243 0.0497 0.8363
0.5060 0.6416 0.2781 0.0000 0.7920
0.5058 0.6413 0.2793 0.0000 0.7935
0.5056 0.6409 0.2845 0.0000 0.7892
0.5060 0.6418 0.2760 0.0000 0.7956
0.5061 0.6413 0.2788 0.0000 0.7952
0.5044 0.6398 0.2896 0.0000 0.7922
0.5043 0.6397 0.2904 0.0000 0.7917
0.5053 0.6400 0.2852 0.0000 0.7954
0.5049 0.6394 0.2892 0.0000 0.7906
0.5048 0.6396 0.2888 0.0000 0.7898
0.5047 0.6403 0.2837 0.0000 0.7912
0.5043 0.6395 0.2889 0.0000 0.7876
0.5044 0.6392 0.2931 0.0000 0.7881
0.5047 0.6400 0.2857 0.0000 0.7936
0.5044 0.6386 0.2926 0.0000 0.7897
0.5040 0.6387 0.2937 0.0000 0.7881
0.5042 0.6387 0.2950 0.0000 0.7890
0.5036 0.6377 0.2973 0.0000 0.7903
0.5036 0.6379 0.2963 0.0000 0.7905
0.5043 0.6380 0.2950 0.0000 0.7916
0.5041 0.6373 0.3013 0.0000 0.7865
0.5036 0.6376 0.2999 0.0000 0.7855
0.5026 0.6370 0.3051 0.0000 0.7904
0.5028 0.6373 0.3010 0.0000 0.7929
0.5030 0.6367 0.3112 0.0000 0.7933
0.5034 0.6368 0.3120 0.0000 0.7914
0.5025 0.6362 0.3113 0.0000 0.7912
0.5027 0.6362 0.3144 0.0000 0.7895
0.5022 0.6365 0.3044 0.0000 0.7974
0.5023 0.6356 0.3154 0.0000 0.7877
0.5023 0.6357 0.3125 0.0000 0.7909
0.5023 0.6360 0.3083 0.0000 0.7951
0.5017 0.6353 0.3148 0.0000 0.7839
0.5022 0.6350 0.3145 0.0000 0.7920
0.5015 0.6355 0.3096 0.0000 0.7917
0.5019 0.6351 0.3151 0.0000 0.7888
0.5019 0.6354 0.3164 0.0000 0.7856
0.5018 0.6351 0.3154 0.0000 0.7867
0.5012 0.6352 0.3100 0.0000 0.7897
0.5011 0.6350 0.3127 0.0000 0.7905
0.5014 0.6346 0.3187 0.0000 0.7840
0.5012 0.6351 0.3171 0.0000 0.7832
0.5010 0.6352 0.3106 0.0000 0.7896
0.5015 0.6350 0.3147 0.0000 0.7904
0.5016 0.6344 0.3215 0.0000 0.7881
0.5017 0.6349 0.3121 0.0000 0.7915
0.5019 0.6349 0.3161 0.0000 0.7852
0.5018 0.6345 0.3149 0.0000 0.7933
0.5019 0.6343 0.3199 0.0000 0.7884
0.5026 0.6345 0.3210 0.0000 0.7827
0.5037 0.6352 0.3219 0.0000 0.7831
0.5022 0.6339 0.3187 0.0000 0.7817
0.5257 0.6508 0.2290 0.0003 0.8144
0.5029 0.6344 0.3244 0.0000 0.7796
0.5024 0.6338 0.3217 0.0000 0.7794
0.5028 0.6343 0.3266 0.0000 0.7822
0.5038 0.6341 0.3263 0.0000 0.7828
0.5028 0.6333 0.3278 0.0000 0.7876
0.5026 0.6331 0.3284 0.0000 0.7855
0.5018 0.6328 0.3287 0.0000 0.7862
0.5014 0.6326 0.3290 0.0000 0.7859
0.5016 0.6330 0.3296 0.0000 0.7853
0.5009 0.6326 0.3290 0.0000 0.7835
0.5015 0.6327 0.3311 0.0000 0.7823
0.5021 0.6331 0.3310 0.0000 0.7861
0.5015 0.6328 0.3299 0.0000 0.7825
0.5014 0.6326 0.3288 0.0000 0.7843
0.5021 0.6327 0.3283 0.0000 0.7837
0.5025 0.6332 0.3287 0.0000 0.7842
0.5029 0.6345 0.3285 0.0000 0.7824
0.5022 0.6336 0.3259 0.0000 0.7800
0.5035 0.6336 0.3263 0.0000 0.7865
0.5043 0.6345 0.3235 0.0000 0.7828
0.5039 0.6342 0.3243 0.0000 0.7826
0.5041 0.6340 0.3232 0.0000 0.7828
0.5038 0.6343 0.3224 0.0000 0.7842
0.5036 0.6344 0.3203 0.0000 0.7857
0.5034 0.6345 0.3189 0.0000 0.7860
0.5048 0.6357 0.3199 0.0000 0.7839
0.5040 0.6353 0.3186 0.0000 0.7793
0.5041 0.6351 0.3163 0.0000 0.7849
0.5036 0.6343 0.3172 0.0000 0.7855
0.5398 0.6647 0.1415 0.0253 0.8329
0.5036 0.6347 0.3167 0.0000 0.7857
0.5033 0.6344 0.3149 0.0000 0.7878
0.5034 0.6346 0.3184 0.0000 0.7850
0.5030 0.6340 0.3179 0.0000 0.7841
0.5025 0.6340 0.3194 0.0000 0.7850
0.5023 0.6336 0.3217 0.0000 0.7870
0.5018 0.6337 0.3241 0.0000 0.7835
0.5017 0.6336 0.3219 0.0000 0.7862
0.5016 0.6340 0.3240 0.0000 0.7811
0.5017 0.6337 0.3225 0.0000 0.7851
0.5016 0.6339 0.3236 0.0000 0.7837
0.5020 0.6340 0.3183 0.0000 0.7930
0.5013 0.6333 0.3230 0.0000 0.7867
0.5017 0.6345 0.3213 0.0000 0.7826
0.5021 0.6351 0.3217 0.0000 0.7826
0.5014 0.6346 0.3192 0.0000 0.7855
0.5015 0.6349 0.3216 0.0000 0.7801
0.5016 0.6351 0.3209 0.0000 0.7841
0.5271 0.6538 0.2034 0.0012 0.8252
0.5008 0.6345 0.3181 0.0000 0.7876
0.5008 0.6349 0.3197 0.0000 0.7854
0.5009 0.6348 0.3181 0.0000 0.7878
0.5013 0.6356 0.3165 0.0000 0.7896
0.5012 0.6361 0.3162 0.0000 0.7900
0.5010 0.6359 0.3157 0.0000 0.7872
0.5008 0.6354 0.3143 0.0000 0.7936
0.5013 0.6354 0.3169 0.0000 0.7897
0.5005 0.6351 0.3175 0.0000 0.7914
0.5019 0.6375 0.3226 0.0000 0.7888
0.5006 0.6352 0.3209 0.0000 0.7884
0.5026 0.6361 0.3257 0.0000 0.7872
0.5002 0.6348 0.3228 0.0000 0.7837
0.5016 0.6355 0.3216 0.0000 0.7872
0.5005 0.6352 0.3175 0.0000 0.7936
0.5011 0.6349 0.3223 0.0000 0.7853
0.5023 0.6338 0.3221 0.0000 0.7935
0.5025 0.6339 0.3254 0.0000 0.7901
0.5027 0.6342 0.3264 0.0000 0.7882
0.5023 0.6337 0.3263 0.0000 0.7878
0.5023 0.6340 0.3273 0.0000 0.7890
0.5018 0.6333 0.3268 0.0000 0.7907
0.5014 0.6334 0.3255 0.0000 0.7918
0.5013 0.6333 0.3264 0.0000 0.7890
0.5012 0.6331 0.3265 0.0000 0.7929
0.5009 0.6331 0.3259 0.0000 0.7930
0.5012 0.6332 0.3297 0.0000 0.7914
0.5006 0.6329 0.3290 0.0000 0.7915
0.5007 0.6331 0.3301 0.0000 0.7877
0.5024 0.6341 0.3309 0.0000 0.7834
0.5003 0.6324 0.3296 0.0000 0.7883
0.5000 0.6323 0.3304 0.0000 0.7914
0.5001 0.6325 0.3288 0.0000 0.7909
0.5000 0.6326 0.3287 0.0000 0.7896
0.4999 0.6325 0.3295 0.0000 0.7891
0.4999 0.6326 0.3296 0.0000 0.7891
0.5002 0.6329 0.3314 0.0000 0.7866
0.4997 0.6321 0.3281 0.0000 0.7932
0.5041 0.6329 0.3395 0.0000 0.7957
0.5006 0.6322 0.3305 0.0000 0.7888
0.5010 0.6323 0.3305 0.0000 0.7891
0.5010 0.6323 0.3321 0.0000 0.7871
0.5006 0.6320 0.3308 0.0000 0.7873
0.5009 0.6326 0.3331 0.0000 0.7857
0.5006 0.6313 0.3323 0.0000 0.7905
0.5008 0.6313 0.3330 0.0000 0.7889
0.5012 0.6317 0.3329 0.0000 0.7868
0.5024 0.6320 0.3345 0.0000 0.7865
0.5012 0.6316 0.3336 0.0000 0.7867
0.5016 0.6319 0.3347 0.0000 0.7845
0.5016 0.6319 0.3348 0.0000 0.7830
0.5022 0.6318 0.3324 0.0000 0.7913
0.5013 0.6315 0.3308 0.0000 0.7864
0.5010 0.6316 0.3322 0.0000 0.7863
0.5010 0.6320 0.3335 0.0000 0.7820
0.5003 0.6313 0.3306 0.0000 0.7896
0.5005 0.6313 0.3314 0.0000 0.7896
0.5008 0.6313 0.3324 0.0000 0.7876
0.5001 0.6309 0.3342 0.0000 0.7836
0.5054 0.6360 0.3328 0.0000 0.7890
0.5004 0.6314 0.3307 0.0000 0.7906
0.5001 0.6318 0.3290 0.0000 0.7881
0.4999 0.6321 0.3280 0.0000 0.7876
0.5003 0.6326 0.3273 0.0000 0.7905
0.5002 0.6325 0.3270 0.0000 0.7898
0.5002 0.6327 0.3225 0.0000 0.7955
0.5006 0.6326 0.3266 0.0000 0.7890
0.5006 0.6330 0.3269 0.0000 0.7830
0.5010 0.6328 0.3256 0.0000 0.7901
0.5012 0.6338 0.3210 0.0000 0.7909
0.5014 0.6342 0.3195 0.0000 0.7916
0.5015 0.6342 0.3189 0.0000 0.7938
0.5018 0.6346 0.3146 0.0000 0.8002
0.5013 0.6340 0.3207 0.0000 0.7892
0.5011 0.6340 0.3206 0.0000 0.7883
0.5008 0.6343 0.3201 0.0000 0.7854
0.5008 0.6340 0.3205 0.0000 0.7899
0.5007 0.6340 0.3200 0.0000 0.7917
0.5010 0.6343 0.3221 0.0000 0.7867
0.5012 0.6344 0.3211 0.0000 0.7890
0.5058 0.6357 0.3250 0.0000 0.8026
0.5007 0.6346 0.3213 0.0000 0.7811
0.5053 0.6355 0.3253 0.0000 0.8006
0.5013 0.6349 0.3179 0.0000 0.7917
0.5002 0.6338 0.3230 0.0000 0.7884
0.5016 0.6348 0.3229 0.0000 0.7880
0.5002 0.6341 0.3205 0.0000 0.7947
0.5003 0.6345 0.3218 0.0000 0.7938
0.5008 0.6347 0.3229 0.0000 0.7902
0.4999 0.6342 0.3224 0.0000 0.7897
0.5007 0.6346 0.3233 0.0000 0.7883
0.5000 0.6341 0.3204 0.0000 0.7936
0.4994 0.6336 0.3258 0.0000 0.7916
0.4998 0.6338 0.3255 0.0000 0.7900
0.4993 0.6340 0.3241 0.0000 0.7925
0.4992 0.6343 0.3244 0.0000 0.7890
0.5049 0.6359 0.3271 0.0000 0.8084
0.4989 0.6342 0.3221 0.0000 0.7966
