0.4923 0.6395 0.3466 0.0000 0.8689
0.4940 0.6436 0.3360 0.0000 0.8794
0.4970 0.6501 0.3210 0.0000 0.8791
0.4981 0.6486 0.3100 0.0000 0.8574
0.4972 0.6466 0.3228 0.0000 0.9403
0.4979 0.6494 0.3142 0.0000 0.8590
0.4980 0.6499 0.3145 0.0000 0.8600
0.4980 0.6503 0.3151 0.0000 0.8612
0.5058 0.6579 0.2972 0.0000 0.9490
0.4982 0.6515 0.3177 0.0000 0.8642
0.4983 0.6513 0.3148 0.0000 0.8541
0.4980 0.6499 0.3190 0.0000 0.9447
0.5015 0.6543 0.2963 0.0000 0.9431
0.4947 0.6436 0.3434 0.0000 0.9250
0.4936 0.6425 0.3422 0.0000 0.9193
0.4997 0.6536 0.3133 0.0000 0.9356
0.5104 0.6579 0.2776 0.0000 0.9321
0.5074 0.6554 0.2839 0.0000 0.9391
0.5089 0.6562 0.2739 0.0000 0.9282
0.5049 0.6547 0.2911 0.0000 0.9281
0.5059 0.6554 0.2867 0.0000 0.9160
0.5019 0.6530 0.3017 0.0000 0.9340
0.5007 0.6527 0.3069 0.0000 0.9360
0.5066 0.6551 0.2808 0.0000 0.9278
0.5005 0.6531 0.3081 0.0000 0.9353
0.5010 0.6534 0.3049 0.0000 0.9389
0.4960 0.6523 0.3252 0.0000 0.8822
0.4992 0.6520 0.3132 0.0000 0.9356
0.5098 0.6534 0.2836 0.0000 0.9171
0.4976 0.6497 0.3150 0.0000 0.9348
0.4966 0.6491 0.3191 0.0000 0.9378
0.5056 0.6532 0.2944 0.0000 0.9233
0.4957 0.6524 0.3220 0.0000 0.8923
0.4966 0.6523 0.3223 0.0000 0.9310
0.5031 0.6439 0.3005 0.0000 0.9865
0.5074 0.6555 0.2834 0.0000 0.9273
0.5128 0.6569 0.2661 0.0000 0.9255
0.5029 0.6551 0.2969 0.0000 0.9279
0.5023 0.6540 0.2962 0.0000 0.9336
0.5095 0.6546 0.2714 0.0000 0.9293
0.5137 0.6559 0.2595 0.0000 0.9223
0.5039 0.6528 0.2856 0.0000 0.9290
0.4948 0.6515 0.3260 0.0000 0.9519
0.4989 0.6550 0.3043 0.0000 0.8942
0.5164 0.6558 0.2453 0.0001 0.9149
0.5013 0.6519 0.2973 0.0000 0.9341
0.5010 0.6512 0.2961 0.0000 0.9336
0.5018 0.6523 0.2946 0.0000 0.9327
0.4989 0.6419 0.3186 0.0000 0.9820
0.4979 0.6505 0.3056 0.0000 0.8640
0.4991 0.6491 0.3003 0.0000 0.9095
0.5138 0.6531 0.2691 0.0000 0.9166
0.5019 0.6493 0.2965 0.0000 0.9402
0.5034 0.6456 0.2998 0.0000 0.9849
0.5036 0.6457 0.2989 0.0000 0.9855
0.5056 0.6529 0.2779 0.0000 0.8839
0.5036 0.6514 0.2877 0.0000 0.9259
0.5083 0.6515 0.2762 0.0000 0.9196
0.5015 0.6513 0.2905 0.0000 0.9328
0.5032 0.6447 0.2959 0.0000 0.9850
0.5020 0.6530 0.2857 0.0000 0.9235
0.5079 0.6530 0.2701 0.0000 0.9237
0.5015 0.6543 0.2851 0.0000 0.8374
0.5014 0.6579 0.2772 0.0000 0.8504
0.4999 0.6519 0.2925 0.0000 0.9301
0.5014 0.6445 0.3049 0.0000 0.9831
0.4999 0.6554 0.2896 0.0000 0.8946
0.5003 0.6493 0.2977 0.0000 0.9282
0.4993 0.6486 0.3035 0.0000 0.9272
0.4990 0.6426 0.3174 0.0000 0.9813
0.5010 0.6481 0.3031 0.0000 0.9158
0.4970 0.6517 0.3054 0.0000 0.8277
0.4973 0.6524 0.3044 0.0000 0.8288
0.4974 0.6527 0.3044 0.0000 0.8303
0.4975 0.6557 0.3030 0.0000 0.8340
0.4997 0.6498 0.2978 0.0000 0.9304
0.4977 0.6532 0.2987 0.0000 0.8335
0.4990 0.6459 0.3116 0.0000 0.9895
0.4994 0.6494 0.3002 0.0000 0.9300
0.4975 0.6457 0.3161 0.0000 0.9907
0.4968 0.6465 0.3173 0.0000 0.9932
0.4968 0.6519 0.3050 0.0000 0.8292
0.4974 0.6474 0.3155 0.0000 0.9944
0.4969 0.6528 0.3032 0.0000 0.8305
0.4970 0.6536 0.3026 0.0000 0.8321
0.4970 0.6534 0.3021 0.0000 0.8330
0.4968 0.6552 0.3032 0.0000 0.8341
0.4971 0.6488 0.3152 0.0000 1.0001
0.4964 0.6521 0.3086 0.0000 0.8340
0.4964 0.6522 0.3084 0.0000 0.8356
0.4972 0.6494 0.3148 0.0000 1.0038
0.4964 0.6525 0.3075 0.0000 0.8380
0.4969 0.6508 0.3047 0.0000 0.8363
0.4962 0.6541 0.3076 0.0000 0.8414
0.4963 0.6522 0.3084 0.0000 0.8419
0.4961 0.6530 0.3076 0.0000 0.8408
0.4960 0.6524 0.3137 0.0000 0.8401
0.4961 0.6512 0.3119 0.0000 0.8326
0.4962 0.6521 0.3098 0.0000 0.8340
0.4964 0.6528 0.3070 0.0000 0.8257
0.4964 0.6530 0.3097 0.0000 0.8371
0.4964 0.6526 0.3099 0.0000 0.8374
0.4963 0.6525 0.3093 0.0000 0.8383
0.4963 0.6525 0.3088 0.0000 0.8398
0.4963 0.6524 0.3084 0.0000 0.8411
0.4963 0.6524 0.3082 0.0000 0.8425
0.4965 0.6519 0.3066 0.0000 0.8389
0.4962 0.6528 0.3116 0.0000 0.8427
0.4964 0.6537 0.3089 0.0000 0.8359
0.4961 0.6513 0.3131 0.0000 0.8416
0.4959 0.6492 0.3182 0.0000 0.8359
0.4959 0.6490 0.3171 0.0000 0.8364
0.4960 0.6492 0.3160 0.0000 0.8380
0.4970 0.6502 0.3091 0.0000 0.8307
0.4960 0.6501 0.3162 0.0000 0.8383
0.4960 0.6504 0.3155 0.0000 0.8405
0.4965 0.6431 0.3243 0.0000 0.9935
0.4960 0.6512 0.3198 0.0000 0.8392
0.4932 0.6467 0.3350 0.0000 0.8248
0.4943 0.6485 0.3282 0.0000 0.8248
0.4942 0.6485 0.3286 0.0000 0.8258
0.4945 0.6490 0.3243 0.0000 0.8251
0.4945 0.6491 0.3243 0.0000 0.8260
0.4943 0.6481 0.3247 0.0000 0.8257
0.4937 0.6473 0.3276 0.0000 0.8249
0.4938 0.6473 0.3275 0.0000 0.8263
0.4938 0.6475 0.3275 0.0000 0.8271
0.4934 0.6473 0.3275 0.0000 0.8276
0.4934 0.6470 0.3301 0.0000 0.8259
0.4930 0.6468 0.3321 0.0000 0.8243
0.4936 0.6480 0.3295 0.0000 0.8256
0.4930 0.6466 0.3330 0.0000 0.8236
0.4928 0.6460 0.3322 0.0000 0.8234
0.4914 0.6443 0.3386 0.0000 0.8220
0.4932 0.6462 0.3320 0.0000 0.8183
0.4931 0.6459 0.3327 0.0000 0.8185
0.4933 0.6460 0.3306 0.0000 0.8193
0.4931 0.6462 0.3309 0.0000 0.8198
0.4932 0.6466 0.3305 0.0000 0.8208
0.4932 0.6467 0.3321 0.0000 0.8202
0.4935 0.6477 0.3309 0.0000 0.8194
0.4934 0.6477 0.3311 0.0000 0.8201
0.4939 0.6487 0.3282 0.0000 0.8217
0.4940 0.6489 0.3284 0.0000 0.8225
0.4940 0.6489 0.3280 0.0000 0.8232
0.4941 0.6493 0.3281 0.0000 0.8241
0.4936 0.6479 0.3307 0.0000 0.8204
0.4937 0.6483 0.3303 0.0000 0.8212
0.4937 0.6492 0.3296 0.0000 0.8224
0.4936 0.6487 0.3305 0.0000 0.8223
0.4927 0.6462 0.3348 0.0000 0.8164
0.4924 0.6452 0.3373 0.0000 0.8154
0.4938 0.6394 0.3394 0.0000 0.9750
0.4924 0.6451 0.3374 0.0000 0.8163
0.4930 0.6451 0.3363 0.0000 0.8126
0.4929 0.6448 0.3373 0.0000 0.8125
0.4934 0.6460 0.3344 0.0000 0.8129
0.4931 0.6462 0.3361 0.0000 0.8134
0.4935 0.6453 0.3318 0.0000 0.8102
0.4938 0.6451 0.3309 0.0000 0.8102
0.4937 0.6443 0.3329 0.0000 0.8089
0.4936 0.6448 0.3333 0.0000 0.8100
0.4936 0.6450 0.3330 0.0000 0.8107
0.4936 0.6448 0.3324 0.0000 0.8106
0.4937 0.6452 0.3316 0.0000 0.8087
0.4937 0.6452 0.3317 0.0000 0.8091
0.4942 0.6453 0.3293 0.0000 0.8092
0.4941 0.6453 0.3300 0.0000 0.8096
0.4941 0.6453 0.3289 0.0000 0.8098
0.4942 0.6459 0.3278 0.0000 0.8110
0.4942 0.6455 0.3271 0.0000 0.8104
0.4945 0.6427 0.3288 0.0000 0.9786
0.4949 0.6436 0.3239 0.0000 0.8061
0.4948 0.6437 0.3245 0.0000 0.8065
0.4947 0.6431 0.3246 0.0000 0.8055
0.4963 0.6415 0.3174 0.0000 0.7879
0.4950 0.6426 0.3211 0.0000 0.8041
0.4953 0.6424 0.3181 0.0000 0.8035
0.4953 0.6423 0.3177 0.0000 0.8037
0.4959 0.6420 0.3139 0.0000 0.8025
0.4957 0.6420 0.3152 0.0000 0.8028
0.4957 0.6423 0.3150 0.0000 0.8036
0.4957 0.6424 0.3152 0.0000 0.8041
0.4956 0.6423 0.3159 0.0000 0.8043
0.4957 0.6423 0.3156 0.0000 0.8045
0.4958 0.6436 0.3125 0.0000 0.8068
0.4954 0.6432 0.3167 0.0000 0.8046
0.4958 0.6440 0.3162 0.0000 0.8038
0.4958 0.6442 0.3159 0.0000 0.8045
0.4958 0.6443 0.3159 0.0000 0.8048
0.4961 0.6446 0.3142 0.0000 0.8060
0.4969 0.6442 0.3068 0.0000 0.8810
0.4960 0.6447 0.3142 0.0000 0.8045
0.4960 0.6447 0.3143 0.0000 0.8050
0.4959 0.6448 0.3153 0.0000 0.8053
0.4958 0.6446 0.3155 0.0000 0.8053
0.4958 0.6447 0.3155 0.0000 0.8058
0.4958 0.6452 0.3151 0.0000 0.8067
0.4965 0.6454 0.3104 0.0000 0.8069
0.4956 0.6437 0.3189 0.0000 0.8021
0.4956 0.6438 0.3190 0.0000 0.8025
0.4957 0.6432 0.3198 0.0000 0.8018
0.4958 0.6435 0.3193 0.0000 0.8026
0.4958 0.6436 0.3194 0.0000 0.8030
0.4957 0.6435 0.3196 0.0000 0.8032
0.4956 0.6436 0.3206 0.0000 0.8036
0.4953 0.6423 0.3219 0.0000 0.8006
0.4954 0.6428 0.3209 0.0000 0.8015
0.4954 0.6424 0.3211 0.0000 0.8010
0.4955 0.6424 0.3200 0.0000 0.8012
0.4953 0.6419 0.3212 0.0000 0.8005
0.4941 0.6391 0.3273 0.0000 0.7947
0.4942 0.6395 0.3270 0.0000 0.7954
0.4941 0.6393 0.3271 0.0000 0.7952
0.4950 0.6408 0.3220 0.0000 0.7957
0.4948 0.6404 0.3221 0.0000 0.7950
0.4947 0.6403 0.3231 0.0000 0.7951
0.4948 0.6407 0.3222 0.0000 0.7958
0.4953 0.6399 0.3180 0.0000 0.7934
0.4952 0.6400 0.3182 0.0000 0.7937
0.4951 0.6401 0.3189 0.0000 0.7942
0.4948 0.6404 0.3198 0.0000 0.7949
0.4949 0.6405 0.3194 0.0000 0.7953
0.4948 0.6405 0.3194 0.0000 0.7953
0.4949 0.6405 0.3180 0.0000 0.7953
0.4948 0.6403 0.3187 0.0000 0.7951
0.4949 0.6396 0.3184 0.0000 0.7937
0.4948 0.6390 0.3201 0.0000 0.7927
0.4948 0.6387 0.3209 0.0000 0.7924
0.4948 0.6387 0.3209 0.0000 0.7925
0.4951 0.6385 0.3197 0.0000 0.7923
0.4949 0.6389 0.3205 0.0000 0.7928
0.4949 0.6389 0.3205 0.0000 0.7929
0.4946 0.6389 0.3213 0.0000 0.7931
0.4944 0.6380 0.3242 0.0000 0.7917
0.4946 0.6387 0.3222 0.0000 0.7930
0.4946 0.6391 0.3220 0.0000 0.7928
0.4947 0.6384 0.3233 0.0000 0.7918
0.4945 0.6393 0.3214 0.0000 0.7918
0.4945 0.6390 0.3216 0.0000 0.7913
0.4948 0.6401 0.3184 0.0000 0.7927
0.4950 0.6398 0.3179 0.0000 0.7922
0.4949 0.6397 0.3181 0.0000 0.7922
0.4949 0.6396 0.3182 0.0000 0.7920
0.4949 0.6398 0.3185 0.0000 0.7924
0.4949 0.6404 0.3175 0.0000 0.7937
0.4949 0.6406 0.3178 0.0000 0.7946
0.4948 0.6409 0.3182 0.0000 0.7953
0.4948 0.6409 0.3210 0.0000 0.7955
0.4949 0.6416 0.3193 0.0000 0.7962
0.4949 0.6416 0.3194 0.0000 0.7964
0.4948 0.6413 0.3201 0.0000 0.7961
0.4949 0.6414 0.3197 0.0000 0.7963
0.4949 0.6415 0.3196 0.0000 0.7966
0.4949 0.6415 0.3196 0.0000 0.7967
0.4951 0.6414 0.3183 0.0000 0.7965
0.4953 0.6413 0.3177 0.0000 0.7964
0.4955 0.6414 0.3162 0.0000 0.7964
0.4954 0.6417 0.3166 0.0000 0.7973
0.4953 0.6408 0.3186 0.0000 0.7956
0.4953 0.6412 0.3185 0.0000 0.7955
0.4953 0.6414 0.3184 0.0000 0.7959
0.4949 0.6395 0.3225 0.0000 0.7925
0.4954 0.6411 0.3169 0.0000 0.7942
0.4955 0.6410 0.3163 0.0000 0.7940
0.4952 0.6407 0.3177 0.0000 0.7935
0.4952 0.6404 0.3172 0.0000 0.7928
0.4951 0.6401 0.3179 0.0000 0.7924
0.4950 0.6402 0.3183 0.0000 0.7926
0.4949 0.6396 0.3193 0.0000 0.7916
0.4949 0.6394 0.3200 0.0000 0.7915
0.4950 0.6395 0.3197 0.0000 0.7917
0.4949 0.6396 0.3197 0.0000 0.7921
0.4951 0.6396 0.3195 0.0000 0.7923
0.4955 0.6398 0.3187 0.0000 0.7917
0.4954 0.6400 0.3185 0.0000 0.7921
0.4954 0.6412 0.3178 0.0000 0.7956
0.4946 0.6403 0.3215 0.0000 0.7922
0.4948 0.6410 0.3200 0.0000 0.7936
0.4948 0.6412 0.3197 0.0000 0.7942
0.4948 0.6417 0.3194 0.0000 0.7952
0.4949 0.6415 0.3193 0.0000 0.7951
0.4948 0.6416 0.3194 0.0000 0.7952
0.4949 0.6416 0.3193 0.0000 0.7953
0.4948 0.6424 0.3191 0.0000 0.7969
0.4948 0.6424 0.3193 0.0000 0.7970
0.4949 0.6422 0.3187 0.0000 0.7966
0.4949 0.6422 0.3184 0.0000 0.7966
0.4942 0.6407 0.3230 0.0000 0.7939
0.4941 0.6406 0.3233 0.0000 0.7938
0.4938 0.6393 0.3271 0.0000 0.7917
0.4938 0.6390 0.3276 0.0000 0.7914
0.4937 0.6390 0.3278 0.0000 0.7914
0.4937 0.6381 0.3286 0.0000 0.7896
0.4936 0.6383 0.3284 0.0000 0.7900
0.4937 0.6386 0.3280 0.0000 0.7905
0.4936 0.6381 0.3290 0.0000 0.7899
0.4937 0.6385 0.3280 0.0000 0.7905
0.4937 0.6382 0.3287 0.0000 0.7901
0.4934 0.6375 0.3300 0.0000 0.7889
0.4936 0.6381 0.3288 0.0000 0.7901
0.4937 0.6379 0.3291 0.0000 0.7897
0.4939 0.6385 0.3276 0.0000 0.7911
0.4939 0.6384 0.3271 0.0000 0.7911
0.4939 0.6384 0.3271 0.0000 0.7911
0.4939 0.6380 0.3284 0.0000 0.7906
0.4939 0.6377 0.3291 0.0000 0.7902
0.4939 0.6379 0.3289 0.0000 0.7906
0.4939 0.6377 0.3293 0.0000 0.7905
0.4938 0.6376 0.3297 0.0000 0.7905
0.4938 0.6376 0.3299 0.0000 0.7907
0.4939 0.6379 0.3290 0.0000 0.7913
0.4937 0.6379 0.3299 0.0000 0.7914
0.4937 0.6379 0.3298 0.0000 0.7918
0.4937 0.6380 0.3299 0.0000 0.7919
0.4937 0.6379 0.3301 0.0000 0.7920
0.4937 0.6380 0.3298 0.0000 0.7924
0.4939 0.6375 0.3305 0.0000 0.7915
0.4938 0.6376 0.3308 0.0000 0.7919
0.4937 0.6375 0.3311 0.0000 0.7919
0.4934 0.6380 0.3312 0.0000 0.7927
0.4944 0.6393 0.3257 0.0000 0.7942
0.4944 0.6395 0.3258 0.0000 0.7947
0.4944 0.6394 0.3260 0.0000 0.7948
0.4944 0.6394 0.3257 0.0000 0.7949
0.4943 0.6395 0.3265 0.0000 0.7953
0.4943 0.6395 0.3263 0.0000 0.7953
0.4945 0.6394 0.3249 0.0000 0.7952
0.4944 0.6395 0.3252 0.0000 0.7957
0.4943 0.6399 0.3246 0.0000 0.7967
0.4944 0.6398 0.3243 0.0000 0.7966
0.4944 0.6399 0.3255 0.0000 0.7963
0.4943 0.6400 0.3260 0.0000 0.7968
0.4945 0.6404 0.3255 0.0000 0.7979
0.4946 0.6402 0.3243 0.0000 0.7973
0.4958 0.6391 0.3208 0.0000 0.7936
0.4960 0.6389 0.3208 0.0000 0.7933
0.4960 0.6389 0.3209 0.0000 0.7935
0.4959 0.6393 0.3202 0.0000 0.7942
0.4961 0.6392 0.3191 0.0000 0.7941
0.4961 0.6393 0.3196 0.0000 0.7944
0.4961 0.6392 0.3193 0.0000 0.7944
0.4961 0.6395 0.3193 0.0000 0.7950
0.4960 0.6393 0.3198 0.0000 0.7947
0.4961 0.6395 0.3193 0.0000 0.7952
0.4966 0.6395 0.3175 0.0000 0.7953
0.4967 0.6395 0.3171 0.0000 0.7954
0.4963 0.6391 0.3183 0.0000 0.7939
0.4963 0.6390 0.3184 0.0000 0.7937
0.4959 0.6389 0.3210 0.0000 0.7938
0.4959 0.6391 0.3212 0.0000 0.7944
0.4957 0.6387 0.3226 0.0000 0.7939
0.4956 0.6384 0.3230 0.0000 0.7935
0.4956 0.6385 0.3231 0.0000 0.7938
0.4954 0.6378 0.3254 0.0000 0.7926
0.4954 0.6377 0.3256 0.0000 0.7927
0.4953 0.6375 0.3262 0.0000 0.7925
0.4953 0.6377 0.3259 0.0000 0.7929
0.4956 0.6371 0.3259 0.0000 0.7917
0.4954 0.6372 0.3264 0.0000 0.7920
0.4956 0.6372 0.3257 0.0000 0.7921
0.4956 0.6370 0.3261 0.0000 0.7919
0.4956 0.6367 0.3263 0.0000 0.7915
0.4956 0.6367 0.3265 0.0000 0.7916
0.4956 0.6369 0.3265 0.0000 0.7920
0.4957 0.6366 0.3249 0.0000 0.7909
0.4958 0.6364 0.3249 0.0000 0.7906
0.4958 0.6364 0.3249 0.0000 0.7909
0.4957 0.6364 0.3260 0.0000 0.7910
0.4958 0.6364 0.3256 0.0000 0.7909
0.4955 0.6356 0.3274 0.0000 0.7893
0.4955 0.6356 0.3273 0.0000 0.7896
0.4954 0.6357 0.3277 0.0000 0.7899
0.4954 0.6357 0.3273 0.0000 0.7900
0.4954 0.6358 0.3278 0.0000 0.7903
0.4955 0.6360 0.3279 0.0000 0.7911
0.4955 0.6361 0.3274 0.0000 0.7916
0.4955 0.6362 0.3274 0.0000 0.7919
0.4955 0.6362 0.3274 0.0000 0.7920
0.4956 0.6362 0.3269 0.0000 0.7921
0.4952 0.6362 0.3284 0.0000 0.7921
0.4952 0.6362 0.3285 0.0000 0.7923
0.4952 0.6366 0.3279 0.0000 0.7934
0.4953 0.6365 0.3277 0.0000 0.7932
0.4953 0.6367 0.3279 0.0000 0.7940
0.4955 0.6367 0.3269 0.0000 0.7941
0.4952 0.6367 0.3290 0.0000 0.7941
0.4950 0.6368 0.3294 0.0000 0.7945
0.4949 0.6369 0.3303 0.0000 0.7950
0.4949 0.6365 0.3311 0.0000 0.7946
0.4948 0.6363 0.3316 0.0000 0.7942
0.4948 0.6361 0.3319 0.0000 0.7941
0.4947 0.6360 0.3321 0.0000 0.7939
0.4947 0.6361 0.3325 0.0000 0.7945
0.4949 0.6351 0.3344 0.0000 0.7926
0.4948 0.6347 0.3354 0.0000 0.7919
0.4947 0.6341 0.3377 0.0000 0.7911
0.4948 0.6343 0.3370 0.0000 0.7917
0.4946 0.6340 0.3381 0.0000 0.7913
0.4945 0.6338 0.3389 0.0000 0.7911
0.4945 0.6340 0.3384 0.0000 0.7917
0.4945 0.6343 0.3381 0.0000 0.7926
0.4944 0.6340 0.3392 0.0000 0.7923
0.4944 0.6338 0.3398 0.0000 0.7920
0.4946 0.6341 0.3387 0.0000 0.7930
0.4945 0.6343 0.3389 0.0000 0.7936
0.4945 0.6332 0.3417 0.0000 0.7915
0.4944 0.6331 0.3420 0.0000 0.7915
0.4943 0.6332 0.3420 0.0000 0.7918
0.4942 0.6327 0.3434 0.0000 0.7909
0.4942 0.6323 0.3436 0.0000 0.7903
0.4947 0.6336 0.3380 0.0000 0.7909
0.4947 0.6339 0.3377 0.0000 0.7918
0.4947 0.6340 0.3377 0.0000 0.7920
0.4946 0.6339 0.3380 0.0000 0.7920
0.4952 0.6345 0.3352 0.0000 0.7922
0.4952 0.6344 0.3354 0.0000 0.7922
0.4952 0.6347 0.3348 0.0000 0.7931
0.4953 0.6347 0.3345 0.0000 0.7930
0.4957 0.6345 0.3335 0.0000 0.7925
0.4954 0.6346 0.3343 0.0000 0.7928
0.4954 0.6347 0.3343 0.0000 0.7930
0.4964 0.6347 0.3294 0.0000 0.7914
0.4965 0.6347 0.3293 0.0000 0.7915
0.4965 0.6346 0.3291 0.0000 0.7915
0.4963 0.6347 0.3301 0.0000 0.7917
0.4964 0.6348 0.3289 0.0000 0.7919
0.4965 0.6348 0.3285 0.0000 0.7916
0.4964 0.6348 0.3286 0.0000 0.7918
0.4965 0.6349 0.3280 0.0000 0.7920
0.4964 0.6348 0.3286 0.0000 0.7922
0.4971 0.6345 0.3264 0.0000 0.7909
0.4969 0.6349 0.3271 0.0000 0.7907
0.4968 0.6349 0.3275 0.0000 0.7910
0.4968 0.6349 0.3275 0.0000 0.7911
0.4968 0.6349 0.3275 0.0000 0.7913
0.4968 0.6350 0.3274 0.0000 0.7915
0.4968 0.6350 0.3271 0.0000 0.7918
0.4969 0.6350 0.3273 0.0000 0.7918
0.4969 0.6350 0.3273 0.0000 0.7919
0.4967 0.6350 0.3283 0.0000 0.7913
0.4967 0.6352 0.3281 0.0000 0.7923
0.4966 0.6352 0.3288 0.0000 0.7927
0.4972 0.6348 0.3278 0.0000 0.7915
0.4973 0.6346 0.3282 0.0000 0.7913
0.4970 0.6345 0.3291 0.0000 0.7910
0.4969 0.6347 0.3294 0.0000 0.7916
0.4970 0.6345 0.3297 0.0000 0.7914
0.4971 0.6343 0.3299 0.0000 0.7913
0.4970 0.6344 0.3299 0.0000 0.7917
0.4969 0.6345 0.3300 0.0000 0.7920
