1.1845 1.7345 0.2257 0.0001 1.6879
1.1750 1.7279 0.2309 0.0001 1.6801
1.1747 1.7275 0.2311 0.0001 1.6826
1.1672 1.7194 0.2397 0.0000 1.6734
1.1707 1.7212 0.2384 0.0001 1.6800
1.1590 1.7162 0.2403 0.0000 1.6599
1.1580 1.7155 0.2413 0.0000 1.6611
1.1588 1.7165 0.2401 0.0000 1.6650
1.1608 1.7179 0.2387 0.0000 1.6720
1.1608 1.7176 0.2394 0.0000 1.6754
1.1609 1.7192 0.2361 0.0001 1.6772
1.1565 1.7156 0.2425 0.0000 1.6715
1.1532 1.7153 0.2427 0.0000 1.6666
1.1540 1.7174 0.2413 0.0000 1.6687
1.1538 1.7171 0.2423 0.0000 1.6702
1.1561 1.7182 0.2397 0.0000 1.6721
1.1522 1.7154 0.2520 0.0000 1.6597
1.1525 1.7152 0.2518 0.0000 1.6629
1.1482 1.7102 0.2615 0.0000 1.6517
1.1484 1.7156 0.2601 0.0000 1.6431
1.1474 1.7134 0.2600 0.0000 1.6440
1.1517 1.7188 0.2580 0.0000 1.6437
1.1517 1.7189 0.2581 0.0000 1.6445
1.1521 1.7193 0.2575 0.0000 1.6467
1.1556 1.7207 0.2415 0.0000 1.6430
1.1557 1.7216 0.2419 0.0000 1.6439
1.1567 1.7222 0.2407 0.0000 1.6459
1.1566 1.7218 0.2420 0.0000 1.6466
1.1595 1.7268 0.2390 0.0000 1.6465
1.1563 1.7255 0.2451 0.0000 1.6450
1.1560 1.7255 0.2463 0.0000 1.6452
1.1615 1.7229 0.2431 0.0000 1.6481
1.1583 1.7226 0.2463 0.0000 1.6464
1.1590 1.7228 0.2447 0.0000 1.6480
1.1579 1.7203 0.2473 0.0000 1.6487
1.1560 1.7167 0.2494 0.0000 1.6485
1.1569 1.7177 0.2510 0.0000 1.6484
1.1568 1.7176 0.2513 0.0000 1.6494
1.1631 1.7190 0.2459 0.0000 1.6537
1.1615 1.7183 0.2470 0.0000 1.6529
1.1654 1.7232 0.2430 0.0000 1.6546
1.1694 1.7227 0.2436 0.0000 1.6541
1.1689 1.7225 0.2443 0.0000 1.6546
1.1718 1.7240 0.2411 0.0000 1.6563
1.1686 1.7218 0.2455 0.0000 1.6544
1.1671 1.7214 0.2466 0.0000 1.6535
1.1724 1.7270 0.2395 0.0000 1.6580
1.1746 1.7260 0.2360 0.0001 1.6578
1.1734 1.7244 0.2382 0.0001 1.6464
1.1764 1.7234 0.2344 0.0001 1.6477
1.1811 1.7230 0.2294 0.0001 1.6497
1.1872 1.7256 0.2214 0.0002 1.6538
1.1872 1.7258 0.2214 0.0002 1.6541
1.1892 1.7267 0.2187 0.0002 1.6564
1.1860 1.7260 0.2201 0.0002 1.6536
1.1852 1.7261 0.2211 0.0002 1.6535
1.1821 1.7263 0.2296 0.0001 1.6487
1.1814 1.7255 0.2310 0.0001 1.6480
1.1739 1.7206 0.2398 0.0000 1.6437
1.1736 1.7206 0.2407 0.0000 1.6434
1.1696 1.7178 0.2497 0.0000 1.6402
1.1687 1.7160 0.2531 0.0000 1.6391
1.1687 1.7161 0.2529 0.0000 1.6391
1.1720 1.7173 0.2451 0.0000 1.6424
1.1718 1.7170 0.2445 0.0000 1.6422
1.1712 1.7175 0.2455 0.0000 1.6422
1.1693 1.7175 0.2490 0.0000 1.6401
1.1727 1.7210 0.2432 0.0000 1.6422
1.1767 1.7287 0.2355 0.0001 1.6459
1.1757 1.7268 0.2373 0.0001 1.6449
1.1743 1.7269 0.2389 0.0000 1.6432
1.1724 1.7261 0.2422 0.0000 1.6423
1.1742 1.7284 0.2451 0.0000 1.6420
1.1780 1.7366 0.2296 0.0001 1.6466
1.1766 1.7353 0.2287 0.0001 1.6458
1.1752 1.7351 0.2360 0.0001 1.6453
1.1736 1.7318 0.2386 0.0001 1.6443
1.1716 1.7292 0.2393 0.0000 1.6439
1.1729 1.7308 0.2384 0.0001 1.6443
1.1736 1.7311 0.2373 0.0001 1.6450
1.1740 1.7317 0.2371 0.0001 1.6453
1.1740 1.7312 0.2376 0.0001 1.6454
1.1743 1.7328 0.2387 0.0000 1.6452
1.1715 1.7284 0.2407 0.0000 1.6429
1.1720 1.7289 0.2424 0.0000 1.6427
1.1745 1.7321 0.2393 0.0000 1.6443
1.1743 1.7303 0.2400 0.0000 1.6438
1.1740 1.7293 0.2412 0.0000 1.6435
1.1742 1.7298 0.2417 0.0000 1.6437
1.1745 1.7297 0.2404 0.0000 1.6440
1.1751 1.7326 0.2403 0.0000 1.6459
1.1753 1.7343 0.2380 0.0001 1.6454
1.1755 1.7330 0.2315 0.0001 1.6462
1.1745 1.7313 0.2300 0.0001 1.6460
1.1744 1.7307 0.2309 0.0001 1.6453
1.1750 1.7311 0.2293 0.0001 1.6461
1.1749 1.7309 0.2292 0.0001 1.6461
1.1738 1.7295 0.2303 0.0001 1.6454
1.1743 1.7302 0.2299 0.0001 1.6460
1.1753 1.7311 0.2280 0.0001 1.6470
1.1751 1.7310 0.2291 0.0001 1.6472
1.1753 1.7323 0.2297 0.0001 1.6469
1.1745 1.7323 0.2354 0.0001 1.6464
1.1709 1.7302 0.2430 0.0000 1.6434
1.1628 1.7212 0.2532 0.0000 1.6377
1.1616 1.7203 0.2540 0.0000 1.6373
1.1592 1.7178 0.2551 0.0000 1.6367
1.1646 1.7237 0.2466 0.0000 1.6401
1.1652 1.7245 0.2466 0.0000 1.6404
1.1664 1.7267 0.2496 0.0000 1.6405
1.1660 1.7255 0.2486 0.0000 1.6400
1.1675 1.7286 0.2479 0.0000 1.6410
1.1660 1.7276 0.2493 0.0000 1.6403
1.1665 1.7282 0.2490 0.0000 1.6407
1.1646 1.7256 0.2530 0.0000 1.6392
1.1647 1.7259 0.2531 0.0000 1.6395
1.1643 1.7253 0.2540 0.0000 1.6395
1.1645 1.7257 0.2543 0.0000 1.6397
1.1630 1.7251 0.2594 0.0000 1.6382
1.1599 1.7194 0.2658 0.0000 1.6349
1.1574 1.7159 0.2704 0.0000 1.6330
1.1561 1.7142 0.2727 0.0000 1.6320
1.1535 1.7107 0.2752 0.0000 1.6308
1.1537 1.7110 0.2752 0.0000 1.6311
1.1564 1.7145 0.2694 0.0000 1.6334
1.1581 1.7200 0.2643 0.0000 1.6357
1.1594 1.7214 0.2636 0.0000 1.6366
1.1579 1.7200 0.2647 0.0000 1.6358
1.1575 1.7218 0.2668 0.0000 1.6354
1.1564 1.7206 0.2682 0.0000 1.6349
1.1540 1.7176 0.2721 0.0000 1.6330
1.1533 1.7168 0.2729 0.0000 1.6327
1.1575 1.7208 0.2715 0.0000 1.6345
1.1570 1.7191 0.2734 0.0000 1.6340
1.1574 1.7212 0.2728 0.0000 1.6348
1.1587 1.7229 0.2707 0.0000 1.6359
1.1595 1.7244 0.2700 0.0000 1.6366
1.1564 1.7208 0.2745 0.0000 1.6344
1.1541 1.7185 0.2766 0.0000 1.6330
1.1513 1.7153 0.2811 0.0000 1.6311
1.1512 1.7151 0.2813 0.0000 1.6312
1.1496 1.7126 0.2837 0.0000 1.6299
1.1472 1.7081 0.2873 0.0000 1.6273
1.1463 1.7071 0.2887 0.0000 1.6269
1.1453 1.7058 0.2895 0.0000 1.6260
1.1422 1.7010 0.2949 0.0000 1.6232
1.1442 1.7040 0.2921 0.0000 1.6252
1.1453 1.7053 0.2917 0.0000 1.6259
1.1426 1.7027 0.2944 0.0000 1.6242
1.1410 1.7006 0.2966 0.0000 1.6231
1.1454 1.7050 0.2932 0.0000 1.6258
1.1456 1.7058 0.2934 0.0000 1.6262
1.1437 1.7036 0.2953 0.0000 1.6250
1.1488 1.7091 0.2892 0.0000 1.6293
1.1494 1.7084 0.2879 0.0000 1.6301
1.1497 1.7090 0.2878 0.0000 1.6307
1.1490 1.7078 0.2894 0.0000 1.6306
1.1490 1.7074 0.2883 0.0000 1.6309
1.1492 1.7084 0.2880 0.0000 1.6310
1.1493 1.7089 0.2883 0.0000 1.6315
1.1499 1.7097 0.2880 0.0000 1.6323
1.1500 1.7107 0.2876 0.0000 1.6311
1.1501 1.7108 0.2876 0.0000 1.6315
1.1453 1.6993 0.2956 0.0000 1.6225
1.1431 1.6945 0.2991 0.0000 1.6203
1.1448 1.6975 0.2972 0.0000 1.6218
1.1472 1.6975 0.2951 0.0000 1.6219
1.1480 1.7010 0.2924 0.0000 1.6237
1.1492 1.7038 0.2906 0.0000 1.6253
1.1462 1.6959 0.2897 0.0000 1.6210
1.1449 1.6941 0.2894 0.0000 1.6206
1.1451 1.6944 0.2894 0.0000 1.6209
1.1450 1.6943 0.2893 0.0000 1.6210
1.1446 1.6924 0.2885 0.0000 1.6208
1.1473 1.6969 0.2851 0.0000 1.6230
1.1479 1.6955 0.2821 0.0000 1.6241
1.1484 1.6967 0.2816 0.0000 1.6248
1.1481 1.6962 0.2799 0.0000 1.6256
1.1462 1.6957 0.2877 0.0000 1.6225
1.1422 1.6899 0.2910 0.0000 1.6197
1.1431 1.6921 0.2906 0.0000 1.6206
1.1432 1.6925 0.2907 0.0000 1.6208
1.1419 1.6904 0.2919 0.0000 1.6198
1.1416 1.6889 0.2927 0.0000 1.6192
1.1418 1.6894 0.2927 0.0000 1.6196
1.1420 1.6883 0.2910 0.0000 1.6202
1.1405 1.6851 0.2906 0.0000 1.6195
1.1404 1.6849 0.2906 0.0000 1.6196
1.1394 1.6850 0.2934 0.0000 1.6184
1.1396 1.6861 0.2933 0.0000 1.6187
1.1393 1.6851 0.2938 0.0000 1.6186
1.1390 1.6847 0.2942 0.0000 1.6188
1.1393 1.6852 0.2948 0.0000 1.6189
1.1380 1.6828 0.2974 0.0000 1.6177
1.1380 1.6826 0.2977 0.0000 1.6178
1.1418 1.6897 0.2914 0.0000 1.6211
1.1414 1.6900 0.2936 0.0000 1.6203
1.1421 1.6907 0.2936 0.0000 1.6207
1.1412 1.6897 0.2948 0.0000 1.6202
1.1437 1.6939 0.2916 0.0000 1.6222
1.1412 1.6894 0.2963 0.0000 1.6197
1.1445 1.6931 0.2903 0.0000 1.6222
1.1447 1.6957 0.2884 0.0000 1.6228
1.1451 1.6963 0.2934 0.0000 1.6219
1.1456 1.6963 0.2926 0.0000 1.6222
1.1443 1.6943 0.2951 0.0000 1.6210
1.1443 1.6943 0.2952 0.0000 1.6212
1.1438 1.6936 0.2952 0.0000 1.6209
1.1419 1.6914 0.2969 0.0000 1.6194
1.1389 1.6874 0.2998 0.0000 1.6167
1.1377 1.6858 0.3002 0.0000 1.6161
1.1356 1.6836 0.3017 0.0000 1.6150
1.1343 1.6823 0.3025 0.0000 1.6142
1.1353 1.6835 0.3019 0.0000 1.6149
1.1323 1.6797 0.3018 0.0000 1.6126
1.1331 1.6801 0.3048 0.0000 1.6124
1.1351 1.6833 0.2999 0.0000 1.6142
1.1342 1.6824 0.2999 0.0000 1.6139
1.1344 1.6826 0.2999 0.0000 1.6141
1.1344 1.6832 0.3001 0.0000 1.6143
1.1368 1.6862 0.2980 0.0000 1.6159
1.1333 1.6811 0.3014 0.0000 1.6133
1.1320 1.6790 0.3032 0.0000 1.6123
1.1296 1.6748 0.3048 0.0000 1.6105
1.1256 1.6694 0.3100 0.0000 1.6070
1.1305 1.6759 0.3031 0.0000 1.6110
1.1306 1.6761 0.3032 0.0000 1.6111
1.1319 1.6784 0.3018 0.0000 1.6121
1.1306 1.6756 0.3051 0.0000 1.6105
1.1281 1.6713 0.3109 0.0000 1.6087
1.1284 1.6716 0.3106 0.0000 1.6088
1.1280 1.6690 0.3107 0.0000 1.6087
1.1287 1.6708 0.3099 0.0000 1.6089
1.1280 1.6696 0.3120 0.0000 1.6083
1.1246 1.6647 0.3184 0.0000 1.6059
1.1279 1.6688 0.3164 0.0000 1.6062
1.1274 1.6678 0.3171 0.0000 1.6058
1.1273 1.6676 0.3169 0.0000 1.6058
1.1270 1.6668 0.3165 0.0000 1.6060
1.1270 1.6669 0.3166 0.0000 1.6060
1.1257 1.6653 0.3163 0.0000 1.6057
1.1257 1.6668 0.3192 0.0000 1.6041
1.1254 1.6674 0.3220 0.0000 1.6040
1.1251 1.6669 0.3227 0.0000 1.6036
1.1249 1.6668 0.3230 0.0000 1.6035
1.1240 1.6649 0.3251 0.0000 1.6029
1.1226 1.6629 0.3259 0.0000 1.6021
1.1228 1.6632 0.3260 0.0000 1.6022
1.1235 1.6651 0.3253 0.0000 1.6028
1.1236 1.6652 0.3255 0.0000 1.6028
1.1209 1.6597 0.3317 0.0000 1.6001
1.1207 1.6593 0.3321 0.0000 1.5999
1.1202 1.6584 0.3328 0.0000 1.5994
1.1190 1.6560 0.3340 0.0000 1.5986
1.1188 1.6557 0.3342 0.0000 1.5984
1.1179 1.6545 0.3356 0.0000 1.5977
1.1174 1.6538 0.3359 0.0000 1.5973
1.1176 1.6542 0.3356 0.0000 1.5975
1.1154 1.6506 0.3349 0.0000 1.5970
1.1137 1.6484 0.3373 0.0000 1.5958
1.1136 1.6483 0.3374 0.0000 1.5957
1.1129 1.6468 0.3376 0.0000 1.5951
1.1138 1.6484 0.3377 0.0000 1.5956
1.1129 1.6475 0.3379 0.0000 1.5951
1.1120 1.6461 0.3389 0.0000 1.5945
1.1144 1.6495 0.3366 0.0000 1.5957
1.1144 1.6496 0.3367 0.0000 1.5956
1.1158 1.6520 0.3352 0.0000 1.5967
1.1154 1.6515 0.3359 0.0000 1.5965
1.1145 1.6502 0.3362 0.0000 1.5959
1.1148 1.6513 0.3361 0.0000 1.5965
1.1151 1.6520 0.3357 0.0000 1.5967
1.1155 1.6528 0.3354 0.0000 1.5970
1.1137 1.6506 0.3372 0.0000 1.5967
1.1114 1.6472 0.3394 0.0000 1.5954
1.1100 1.6445 0.3403 0.0000 1.5950
1.1097 1.6439 0.3405 0.0000 1.5948
1.1097 1.6440 0.3406 0.0000 1.5948
1.1101 1.6448 0.3404 0.0000 1.5950
1.1108 1.6459 0.3421 0.0000 1.5948
1.1104 1.6452 0.3432 0.0000 1.5945
1.1090 1.6433 0.3459 0.0000 1.5936
1.1077 1.6414 0.3477 0.0000 1.5931
1.1073 1.6405 0.3485 0.0000 1.5928
1.1102 1.6463 0.3411 0.0000 1.5955
1.1085 1.6442 0.3436 0.0000 1.5944
1.1068 1.6414 0.3463 0.0000 1.5932
1.1079 1.6428 0.3459 0.0000 1.5933
1.1080 1.6427 0.3459 0.0000 1.5933
1.1077 1.6424 0.3462 0.0000 1.5932
1.1073 1.6416 0.3464 0.0000 1.5930
1.1070 1.6412 0.3468 0.0000 1.5929
1.1055 1.6374 0.3501 0.0000 1.5914
1.1056 1.6382 0.3500 0.0000 1.5914
1.1065 1.6391 0.3494 0.0000 1.5920
1.1076 1.6409 0.3505 0.0000 1.5918
1.1079 1.6415 0.3503 0.0000 1.5919
1.1103 1.6467 0.3459 0.0000 1.5935
1.1080 1.6416 0.3474 0.0000 1.5919
1.1068 1.6396 0.3485 0.0000 1.5913
1.1060 1.6387 0.3478 0.0000 1.5913
1.1065 1.6402 0.3476 0.0000 1.5914
1.1066 1.6412 0.3483 0.0000 1.5916
1.1059 1.6394 0.3490 0.0000 1.5911
1.1061 1.6397 0.3491 0.0000 1.5912
1.1046 1.6374 0.3493 0.0000 1.5907
1.1045 1.6373 0.3495 0.0000 1.5906
1.1050 1.6379 0.3498 0.0000 1.5906
1.1050 1.6376 0.3500 0.0000 1.5906
1.1062 1.6389 0.3512 0.0000 1.5905
1.1056 1.6402 0.3518 0.0000 1.5900
1.1055 1.6399 0.3520 0.0000 1.5900
1.1051 1.6393 0.3522 0.0000 1.5897
1.1043 1.6382 0.3535 0.0000 1.5892
1.1038 1.6360 0.3541 0.0000 1.5882
1.1034 1.6344 0.3550 0.0000 1.5879
1.1032 1.6366 0.3545 0.0000 1.5887
1.1029 1.6363 0.3549 0.0000 1.5885
1.1022 1.6349 0.3571 0.0000 1.5879
1.1027 1.6363 0.3568 0.0000 1.5879
1.1025 1.6360 0.3569 0.0000 1.5878
1.1023 1.6358 0.3570 0.0000 1.5877
1.1009 1.6342 0.3571 0.0000 1.5875
1.1002 1.6332 0.3582 0.0000 1.5871
1.0999 1.6330 0.3582 0.0000 1.5871
1.0981 1.6307 0.3584 0.0000 1.5864
1.0988 1.6317 0.3583 0.0000 1.5866
1.0987 1.6315 0.3580 0.0000 1.5868
1.0998 1.6331 0.3578 0.0000 1.5872
1.0997 1.6330 0.3578 0.0000 1.5871
1.0984 1.6307 0.3574 0.0000 1.5869
1.0985 1.6311 0.3574 0.0000 1.5870
1.0993 1.6310 0.3615 0.0000 1.5861
1.0995 1.6315 0.3612 0.0000 1.5863
1.0985 1.6298 0.3623 0.0000 1.5861
1.0994 1.6314 0.3621 0.0000 1.5862
1.1007 1.6335 0.3606 0.0000 1.5871
1.1008 1.6342 0.3605 0.0000 1.5873
1.1014 1.6355 0.3618 0.0000 1.5873
1.1010 1.6350 0.3609 0.0000 1.5875
1.1001 1.6327 0.3625 0.0000 1.5869
1.0997 1.6318 0.3630 0.0000 1.5867
1.0999 1.6323 0.3630 0.0000 1.5868
1.0994 1.6315 0.3628 0.0000 1.5869
1.1010 1.6335 0.3614 0.0000 1.5876
1.1007 1.6328 0.3616 0.0000 1.5875
1.1009 1.6335 0.3618 0.0000 1.5875
1.1009 1.6335 0.3613 0.0000 1.5877
1.1006 1.6328 0.3615 0.0000 1.5874
1.1002 1.6320 0.3614 0.0000 1.5873
1.1009 1.6333 0.3611 0.0000 1.5876
1.0995 1.6308 0.3582 0.0000 1.5880
1.0999 1.6313 0.3583 0.0000 1.5882
1.1002 1.6322 0.3585 0.0000 1.5884
1.0996 1.6313 0.3583 0.0000 1.5883
1.1001 1.6322 0.3579 0.0000 1.5886
1.1003 1.6329 0.3592 0.0000 1.5883
1.1016 1.6321 0.3579 0.0000 1.5884
1.1014 1.6316 0.3580 0.0000 1.5884
1.1011 1.6309 0.3585 0.0000 1.5880
1.1014 1.6314 0.3584 0.0000 1.5883
1.1012 1.6315 0.3597 0.0000 1.5879
1.1009 1.6310 0.3602 0.0000 1.5877
1.1013 1.6320 0.3598 0.0000 1.5879
1.1012 1.6320 0.3596 0.0000 1.5880
1.1009 1.6313 0.3597 0.0000 1.5877
1.1017 1.6328 0.3587 0.0000 1.5885
1.1015 1.6328 0.3580 0.0000 1.5888
1.1007 1.6324 0.3620 0.0000 1.5874
1.1002 1.6340 0.3622 0.0000 1.5872
1.1001 1.6338 0.3621 0.0000 1.5872
1.0999 1.6331 0.3604 0.0000 1.5878
1.0992 1.6324 0.3583 0.0000 1.5883
1.1029 1.6333 0.3640 0.0000 1.5887
1.1033 1.6343 0.3638 0.0000 1.5887
1.1039 1.6353 0.3634 0.0000 1.5889
1.1043 1.6397 0.3631 0.0000 1.5894
1.1043 1.6397 0.3631 0.0000 1.5893
1.1041 1.6394 0.3633 0.0000 1.5892
1.1040 1.6392 0.3636 0.0000 1.5890
1.1041 1.6391 0.3635 0.0000 1.5891
1.1027 1.6367 0.3648 0.0000 1.5882
1.1037 1.6391 0.3637 0.0000 1.5889
1.1021 1.6346 0.3665 0.0000 1.5879
1.1022 1.6349 0.3664 0.0000 1.5879
1.1011 1.6322 0.3694 0.0000 1.5868
1.1010 1.6318 0.3698 0.0000 1.5866
1.1011 1.6343 0.3687 0.0000 1.5878
1.1006 1.6332 0.3685 0.0000 1.5877
1.0986 1.6290 0.3704 0.0000 1.5868
1.1004 1.6316 0.3699 0.0000 1.5874
1.1005 1.6317 0.3700 0.0000 1.5873
1.1000 1.6327 0.3702 0.0000 1.5872
1.1002 1.6330 0.3703 0.0000 1.5869
1.1004 1.6336 0.3705 0.0000 1.5869
1.1021 1.6365 0.3687 0.0000 1.5877
1.1014 1.6343 0.3693 0.0000 1.5872
1.1015 1.6347 0.3694 0.0000 1.5871
1.0999 1.6320 0.3711 0.0000 1.5861
1.1011 1.6344 0.3705 0.0000 1.5869
1.1028 1.6365 0.3689 0.0000 1.5879
1.1026 1.6358 0.3682 0.0000 1.5879
1.1025 1.6354 0.3681 0.0000 1.5878
1.1025 1.6354 0.3682 0.0000 1.5876
1.1026 1.6362 0.3700 0.0000 1.5872
1.1008 1.6327 0.3745 0.0000 1.5865
1.1013 1.6335 0.3748 0.0000 1.5864
1.1003 1.6313 0.3771 0.0000 1.5857
1.1023 1.6348 0.3734 0.0000 1.5872
1.1028 1.6367 0.3725 0.0000 1.5879
1.1030 1.6371 0.3725 0.0000 1.5879
1.1031 1.6374 0.3726 0.0000 1.5878
1.1028 1.6367 0.3725 0.0000 1.5877
1.1030 1.6359 0.3721 0.0000 1.5877
1.1028 1.6354 0.3721 0.0000 1.5876
1.1028 1.6337 0.3719 0.0000 1.5876
1.1029 1.6321 0.3720 0.0000 1.5875
1.1029 1.6316 0.3720 0.0000 1.5874
1.1026 1.6332 0.3737 0.0000 1.5874
1.1037 1.6354 0.3721 0.0000 1.5880
1.1036 1.6351 0.3719 0.0000 1.5880
1.1023 1.6317 0.3721 0.0000 1.5884
1.1021 1.6299 0.3727 0.0000 1.5883
1.1024 1.6305 0.3721 0.0000 1.5883
1.1024 1.6305 0.3721 0.0000 1.5882
1.1024 1.6298 0.3715 0.0000 1.5884
1.1024 1.6297 0.3716 0.0000 1.5883
1.1022 1.6282 0.3714 0.0000 1.5886
1.1024 1.6285 0.3713 0.0000 1.5885
1.1023 1.6282 0.3716 0.0000 1.5883
1.1016 1.6297 0.3723 0.0000 1.5879
1.1014 1.6294 0.3725 0.0000 1.5877
1.1011 1.6282 0.3720 0.0000 1.5876
1.1004 1.6275 0.3714 0.0000 1.5877
1.1000 1.6268 0.3712 0.0000 1.5877
1.0998 1.6265 0.3715 0.0000 1.5875
1.0996 1.6263 0.3712 0.0000 1.5875
1.0996 1.6263 0.3712 0.0000 1.5875
1.0997 1.6265 0.3712 0.0000 1.5874
1.0996 1.6265 0.3711 0.0000 1.5873
1.0999 1.6269 0.3716 0.0000 1.5872
1.1000 1.6274 0.3718 0.0000 1.5871
1.1004 1.6293 0.3703 0.0000 1.5877
1.1005 1.6294 0.3702 0.0000 1.5876
1.0997 1.6272 0.3691 0.0000 1.5881
1.0995 1.6270 0.3692 0.0000 1.5880
1.1007 1.6288 0.3678 0.0000 1.5886
1.1004 1.6276 0.3684 0.0000 1.5884
1.1004 1.6275 0.3685 0.0000 1.5883
1.1008 1.6281 0.3683 0.0000 1.5884
1.1009 1.6283 0.3683 0.0000 1.5884
