0.4923 0.6395 0.3466 0.0000 0.8689
0.4922 0.6400 0.3472 0.0000 0.8760
0.4985 0.6427 0.3160 0.0000 0.9428
0.4977 0.6434 0.3201 0.0000 0.8591
0.4979 0.6420 0.3204 0.0000 0.8582
0.5002 0.6451 0.3142 0.0000 0.9114
0.4987 0.6423 0.3143 0.0000 0.9266
0.5013 0.6445 0.3142 0.0000 0.9064
0.5073 0.6534 0.3025 0.0000 0.9464
0.5001 0.6459 0.2996 0.0000 0.9229
0.4991 0.6470 0.3012 0.0000 0.9150
0.4992 0.6435 0.2969 0.0000 0.9196
0.4991 0.6407 0.3067 0.0000 0.9014
0.4992 0.6396 0.3054 0.0000 0.9169
0.4982 0.6406 0.3068 0.0000 0.8965
0.4997 0.6412 0.2971 0.0000 0.8914
0.5016 0.6427 0.2863 0.0000 0.8550
0.5046 0.6484 0.2769 0.0000 0.8724
0.5000 0.6432 0.2914 0.0000 0.8893
0.5017 0.6429 0.2873 0.0000 0.8914
0.5015 0.6438 0.2851 0.0000 0.8884
0.5036 0.6458 0.2771 0.0000 0.8919
0.5005 0.6433 0.2880 0.0000 0.8813
0.5040 0.6475 0.2758 0.0000 0.9015
0.5006 0.6466 0.2838 0.0000 0.8958
0.5005 0.6469 0.2847 0.0000 0.8961
0.5005 0.6472 0.2839 0.0000 0.8606
0.5014 0.6462 0.2805 0.0000 0.8826
0.5028 0.6475 0.2752 0.0000 0.8859
0.5037 0.6476 0.2754 0.0000 0.8915
0.5010 0.6439 0.2938 0.0000 0.8986
0.5015 0.6445 0.2865 0.0000 0.8774
0.5010 0.6481 0.2835 0.0000 0.8812
0.5007 0.6476 0.2835 0.0000 0.8815
0.5034 0.6500 0.2546 0.0000 0.8629
0.5051 0.6493 0.2503 0.0001 0.8594
0.5060 0.6486 0.2552 0.0000 0.8768
0.5067 0.6512 0.2472 0.0001 0.8683
0.5077 0.6504 0.2490 0.0001 0.8657
0.5078 0.6511 0.2496 0.0001 0.8688
0.5079 0.6521 0.2492 0.0001 0.8620
0.5127 0.6587 0.2267 0.0003 0.8765
0.5074 0.6530 0.2466 0.0001 0.8596
0.5070 0.6515 0.2507 0.0001 0.8585
0.5063 0.6532 0.2441 0.0001 0.8739
0.5090 0.6555 0.2301 0.0002 0.8817
0.5053 0.6530 0.2490 0.0001 0.8705
0.5049 0.6529 0.2506 0.0001 0.8745
0.5047 0.6545 0.2485 0.0001 0.8682
0.5055 0.6545 0.2484 0.0001 0.8701
0.5050 0.6514 0.2524 0.0001 0.8597
0.5044 0.6527 0.2510 0.0001 0.8491
0.5044 0.6528 0.2511 0.0001 0.8504
0.5047 0.6525 0.2519 0.0001 0.8511
0.5048 0.6523 0.2516 0.0001 0.8520
0.5010 0.6488 0.2727 0.0000 0.8437
0.5011 0.6486 0.2711 0.0000 0.8456
0.5013 0.6482 0.2705 0.0000 0.8458
0.5013 0.6483 0.2701 0.0000 0.8472
0.5086 0.6549 0.2125 0.0007 0.8441
0.5068 0.6527 0.2261 0.0003 0.8424
0.5076 0.6542 0.2211 0.0004 0.8445
0.5084 0.6560 0.2198 0.0005 0.8457
0.5086 0.6570 0.2165 0.0006 0.8469
0.5111 0.6577 0.2124 0.0007 0.8518
0.5065 0.6545 0.2223 0.0004 0.8529
0.5059 0.6531 0.2287 0.0003 0.8513
0.5071 0.6566 0.2182 0.0005 0.8487
0.5054 0.6533 0.2311 0.0002 0.8436
0.5059 0.6545 0.2294 0.0003 0.8401
0.5060 0.6546 0.2292 0.0003 0.8404
0.5050 0.6541 0.2334 0.0002 0.8378
0.5049 0.6529 0.2352 0.0002 0.8357
0.5044 0.6521 0.2394 0.0001 0.8345
0.5039 0.6476 0.2677 0.0000 0.8282
0.5040 0.6481 0.2681 0.0000 0.8289
0.5038 0.6490 0.2582 0.0000 0.8275
0.5039 0.6485 0.2663 0.0000 0.8294
0.5040 0.6489 0.2642 0.0000 0.8300
0.5034 0.6480 0.2611 0.0000 0.8259
0.5032 0.6474 0.2696 0.0000 0.8233
0.5053 0.6476 0.2759 0.0000 0.8287
0.5042 0.6473 0.2748 0.0000 0.8221
0.5039 0.6481 0.2572 0.0000 0.8215
0.5043 0.6475 0.2711 0.0000 0.8225
0.5036 0.6485 0.2662 0.0000 0.8196
0.5028 0.6487 0.2689 0.0000 0.8244
0.5031 0.6487 0.2775 0.0000 0.8268
0.5025 0.6487 0.2645 0.0000 0.8255
0.5034 0.6486 0.2776 0.0000 0.8260
0.5023 0.6491 0.2695 0.0000 0.8349
0.5025 0.6492 0.2636 0.0000 0.8349
0.5024 0.6492 0.2633 0.0000 0.8353
0.5028 0.6506 0.2472 0.0001 0.8336
0.5031 0.6506 0.2448 0.0001 0.8331
0.5027 0.6504 0.2498 0.0001 0.8300
0.5031 0.6494 0.2531 0.0001 0.8293
0.5041 0.6502 0.2464 0.0001 0.8293
0.5043 0.6487 0.2567 0.0000 0.8271
0.5038 0.6486 0.2611 0.0000 0.8231
0.5038 0.6484 0.2575 0.0000 0.8239
0.5041 0.6479 0.2682 0.0000 0.8231
0.5042 0.6468 0.2743 0.0000 0.8217
0.5035 0.6467 0.2787 0.0000 0.8225
0.5029 0.6470 0.2632 0.0000 0.8202
0.5034 0.6474 0.2726 0.0000 0.8232
0.5037 0.6477 0.2691 0.0000 0.8244
0.5073 0.6497 0.2635 0.0000 0.8132
0.5054 0.6501 0.2383 0.0001 0.8297
0.5072 0.6490 0.2598 0.0000 0.8305
0.5072 0.6492 0.2593 0.0000 0.8311
0.5239 0.6612 0.2898 0.0000 0.8488
0.5224 0.6602 0.2868 0.0000 0.8475
0.5213 0.6589 0.2798 0.0000 0.8449
0.5218 0.6601 0.2862 0.0000 0.8439
0.5090 0.6518 0.2234 0.0004 0.8306
0.5178 0.6570 0.2841 0.0000 0.8322
0.5165 0.6563 0.2843 0.0000 0.8291
0.5156 0.6563 0.2769 0.0000 0.8359
0.5118 0.6532 0.2581 0.0000 0.8298
0.5145 0.6555 0.2688 0.0000 0.8348
0.5143 0.6555 0.2681 0.0000 0.8349
0.5088 0.6520 0.2456 0.0001 0.8310
0.5133 0.6545 0.2659 0.0000 0.8345
0.5135 0.6545 0.2670 0.0000 0.8341
0.5149 0.6541 0.2786 0.0000 0.8334
0.5084 0.6505 0.2505 0.0001 0.8221
0.5099 0.6512 0.2631 0.0000 0.8244
0.5106 0.6523 0.2691 0.0000 0.8224
0.5104 0.6525 0.2762 0.0000 0.8216
0.5096 0.6520 0.2804 0.0000 0.8197
0.5096 0.6521 0.2815 0.0000 0.8199
0.5085 0.6512 0.2743 0.0000 0.8184
0.5081 0.6511 0.2731 0.0000 0.8180
0.5078 0.6511 0.2731 0.0000 0.8179
0.5062 0.6501 0.2817 0.0000 0.8147
0.5043 0.6492 0.2780 0.0000 0.8125
0.5051 0.6496 0.2811 0.0000 0.8134
0.5041 0.6486 0.2782 0.0000 0.8120
0.5040 0.6484 0.2786 0.0000 0.8117
0.5039 0.6485 0.2783 0.0000 0.8118
0.5032 0.6483 0.2788 0.0000 0.8105
0.5041 0.6479 0.2820 0.0000 0.8100
0.5039 0.6480 0.2812 0.0000 0.8102
0.5039 0.6480 0.2812 0.0000 0.8102
0.5040 0.6487 0.2797 0.0000 0.8097
0.5027 0.6483 0.2732 0.0000 0.8087
0.5038 0.6488 0.2802 0.0000 0.8100
0.5029 0.6483 0.2748 0.0000 0.8089
0.5040 0.6489 0.2736 0.0000 0.8099
0.5034 0.6476 0.2709 0.0000 0.8079
0.5043 0.6478 0.2762 0.0000 0.8087
0.5073 0.6494 0.2700 0.0000 0.8112
0.5073 0.6483 0.2689 0.0000 0.8093
0.5071 0.6487 0.2702 0.0000 0.8119
0.5070 0.6487 0.2697 0.0000 0.8120
0.5075 0.6478 0.2755 0.0000 0.8107
0.5074 0.6475 0.2721 0.0000 0.8101
0.5063 0.6475 0.2694 0.0000 0.8071
0.5063 0.6476 0.2692 0.0000 0.8071
0.5056 0.6460 0.2814 0.0000 0.8052
0.5041 0.6460 0.2710 0.0000 0.8023
0.5050 0.6456 0.2856 0.0000 0.8024
0.5052 0.6462 0.2827 0.0000 0.8031
0.5051 0.6463 0.2825 0.0000 0.8031
0.5050 0.6436 0.2879 0.0000 0.8004
0.5051 0.6435 0.2890 0.0000 0.8001
0.5063 0.6440 0.2860 0.0000 0.8033
0.5050 0.6435 0.2880 0.0000 0.7986
0.5046 0.6435 0.2910 0.0000 0.7978
0.5041 0.6427 0.2911 0.0000 0.7965
0.5047 0.6430 0.2888 0.0000 0.7970
0.5045 0.6423 0.2920 0.0000 0.7957
0.5044 0.6426 0.2897 0.0000 0.7960
0.5043 0.6425 0.2910 0.0000 0.7955
0.5042 0.6425 0.2911 0.0000 0.7953
0.5037 0.6423 0.2864 0.0000 0.7946
0.5052 0.6433 0.2916 0.0000 0.7961
0.5044 0.6430 0.2862 0.0000 0.7950
0.5047 0.6430 0.2920 0.0000 0.7950
0.5043 0.6421 0.2946 0.0000 0.7938
0.5033 0.6410 0.3003 0.0000 0.7920
0.5031 0.6411 0.2988 0.0000 0.7919
0.5038 0.6416 0.2961 0.0000 0.7926
0.5040 0.6417 0.2931 0.0000 0.7926
0.5040 0.6417 0.2919 0.0000 0.7924
0.5038 0.6419 0.2905 0.0000 0.7927
0.5024 0.6407 0.2968 0.0000 0.7901
0.5029 0.6409 0.2987 0.0000 0.7906
0.5031 0.6409 0.3020 0.0000 0.7907
0.5028 0.6408 0.3007 0.0000 0.7901
0.5028 0.6408 0.3002 0.0000 0.7901
0.5027 0.6409 0.2999 0.0000 0.7900
0.5021 0.6409 0.2987 0.0000 0.7895
0.5038 0.6417 0.2970 0.0000 0.7910
0.5041 0.6417 0.2987 0.0000 0.7909
0.5035 0.6413 0.2997 0.0000 0.7900
0.5037 0.6415 0.2986 0.0000 0.7900
0.5034 0.6419 0.2968 0.0000 0.7912
0.5034 0.6419 0.2969 0.0000 0.7912
0.5033 0.6420 0.2963 0.0000 0.7913
0.5033 0.6414 0.2981 0.0000 0.7905
0.5034 0.6414 0.2947 0.0000 0.7904
0.5037 0.6414 0.2912 0.0000 0.7905
0.5042 0.6419 0.2882 0.0000 0.7912
0.5042 0.6418 0.2879 0.0000 0.7911
0.5039 0.6422 0.2880 0.0000 0.7910
0.5039 0.6422 0.2880 0.0000 0.7910
0.5038 0.6422 0.2880 0.0000 0.7910
0.5036 0.6423 0.2874 0.0000 0.7911
0.5034 0.6423 0.2882 0.0000 0.7911
0.5027 0.6418 0.2896 0.0000 0.7901
0.5027 0.6418 0.2908 0.0000 0.7902
0.5024 0.6420 0.2898 0.0000 0.7901
0.5024 0.6420 0.2900 0.0000 0.7901
0.5025 0.6421 0.2891 0.0000 0.7903
0.5028 0.6421 0.2897 0.0000 0.7903
0.5027 0.6421 0.2905 0.0000 0.7903
0.5027 0.6420 0.2916 0.0000 0.7906
0.5034 0.6422 0.2882 0.0000 0.7904
0.5031 0.6419 0.2906 0.0000 0.7900
0.5030 0.6418 0.2900 0.0000 0.7898
0.5033 0.6416 0.2920 0.0000 0.7896
0.5040 0.6418 0.2880 0.0000 0.7900
0.5043 0.6417 0.2889 0.0000 0.7899
0.5056 0.6417 0.2924 0.0000 0.7896
0.5052 0.6413 0.2942 0.0000 0.7887
0.5047 0.6408 0.2982 0.0000 0.7880
0.5039 0.6407 0.2975 0.0000 0.7873
0.5034 0.6406 0.2974 0.0000 0.7868
0.5032 0.6403 0.2990 0.0000 0.7863
0.5032 0.6403 0.2988 0.0000 0.7863
0.5039 0.6401 0.2959 0.0000 0.7861
0.5043 0.6403 0.2951 0.0000 0.7864
0.5037 0.6401 0.2955 0.0000 0.7860
0.5029 0.6392 0.3009 0.0000 0.7846
0.5031 0.6391 0.3017 0.0000 0.7844
0.5028 0.6391 0.3033 0.0000 0.7842
0.5032 0.6398 0.3031 0.0000 0.7857
0.5033 0.6397 0.3036 0.0000 0.7855
0.5032 0.6398 0.3040 0.0000 0.7856
0.5032 0.6398 0.3041 0.0000 0.7856
0.5031 0.6398 0.3040 0.0000 0.7856
0.5031 0.6397 0.3047 0.0000 0.7854
0.5031 0.6397 0.3048 0.0000 0.7854
0.5039 0.6399 0.3038 0.0000 0.7857
0.5037 0.6400 0.3031 0.0000 0.7858
0.5030 0.6397 0.3041 0.0000 0.7856
0.5029 0.6396 0.3075 0.0000 0.7853
0.5024 0.6396 0.3073 0.0000 0.7852
0.5024 0.6396 0.3072 0.0000 0.7852
0.5024 0.6396 0.3072 0.0000 0.7852
0.5039 0.6407 0.3056 0.0000 0.7870
0.5038 0.6407 0.3050 0.0000 0.7870
0.5041 0.6408 0.3050 0.0000 0.7873
0.5043 0.6409 0.3048 0.0000 0.7875
0.5040 0.6411 0.3041 0.0000 0.7872
0.5038 0.6411 0.3046 0.0000 0.7871
0.5038 0.6411 0.3045 0.0000 0.7872
0.5037 0.6411 0.3049 0.0000 0.7873
0.5031 0.6407 0.3064 0.0000 0.7862
0.5030 0.6403 0.3073 0.0000 0.7854
0.5031 0.6403 0.3073 0.0000 0.7855
0.5037 0.6405 0.3068 0.0000 0.7858
0.5039 0.6406 0.3063 0.0000 0.7861
0.5034 0.6404 0.3072 0.0000 0.7855
0.5036 0.6407 0.3071 0.0000 0.7858
0.5033 0.6405 0.3070 0.0000 0.7856
0.5033 0.6406 0.3086 0.0000 0.7858
0.5029 0.6403 0.3119 0.0000 0.7851
0.5036 0.6404 0.3141 0.0000 0.7855
0.5036 0.6404 0.3145 0.0000 0.7855
0.5048 0.6414 0.3065 0.0000 0.7867
0.5044 0.6412 0.3078 0.0000 0.7863
0.5032 0.6408 0.3049 0.0000 0.7850
0.5033 0.6407 0.3098 0.0000 0.7852
0.5030 0.6409 0.3091 0.0000 0.7860
0.5033 0.6408 0.3076 0.0000 0.7859
0.5031 0.6405 0.3077 0.0000 0.7855
0.5022 0.6396 0.3101 0.0000 0.7851
0.5038 0.6402 0.3074 0.0000 0.7858
0.5039 0.6405 0.3070 0.0000 0.7864
0.5039 0.6405 0.3067 0.0000 0.7864
0.5036 0.6398 0.3129 0.0000 0.7870
0.5039 0.6398 0.3127 0.0000 0.7870
0.5041 0.6400 0.3122 0.0000 0.7874
0.5042 0.6396 0.3138 0.0000 0.7868
0.5038 0.6397 0.3131 0.0000 0.7862
0.5038 0.6396 0.3135 0.0000 0.7862
0.5042 0.6396 0.3120 0.0000 0.7861
0.5042 0.6396 0.3119 0.0000 0.7862
0.5038 0.6395 0.3132 0.0000 0.7855
0.5037 0.6391 0.3142 0.0000 0.7849
0.5037 0.6392 0.3147 0.0000 0.7853
0.5036 0.6392 0.3148 0.0000 0.7854
0.5034 0.6392 0.3144 0.0000 0.7847
0.5041 0.6400 0.3126 0.0000 0.7862
0.5042 0.6399 0.3150 0.0000 0.7862
0.5041 0.6399 0.3148 0.0000 0.7863
0.5043 0.6398 0.3153 0.0000 0.7861
0.5043 0.6398 0.3153 0.0000 0.7863
0.5043 0.6397 0.3154 0.0000 0.7862
0.5045 0.6397 0.3169 0.0000 0.7863
0.5046 0.6397 0.3172 0.0000 0.7865
0.5049 0.6395 0.3151 0.0000 0.7861
0.5048 0.6398 0.3148 0.0000 0.7860
0.5045 0.6391 0.3133 0.0000 0.7846
0.5045 0.6388 0.3138 0.0000 0.7843
0.5046 0.6387 0.3147 0.0000 0.7846
0.5045 0.6387 0.3140 0.0000 0.7844
0.5051 0.6390 0.3153 0.0000 0.7848
0.5042 0.6390 0.3105 0.0000 0.7835
0.5049 0.6392 0.3110 0.0000 0.7845
0.5048 0.6390 0.3100 0.0000 0.7843
0.5048 0.6389 0.3112 0.0000 0.7841
0.5041 0.6382 0.3073 0.0000 0.7829
0.5039 0.6383 0.3083 0.0000 0.7826
0.5036 0.6382 0.3088 0.0000 0.7822
0.5036 0.6382 0.3087 0.0000 0.7822
0.5036 0.6382 0.3088 0.0000 0.7823
0.5039 0.6379 0.3103 0.0000 0.7819
0.5039 0.6378 0.3105 0.0000 0.7820
0.5039 0.6378 0.3112 0.0000 0.7818
0.5039 0.6376 0.3119 0.0000 0.7816
0.5041 0.6377 0.3132 0.0000 0.7818
0.5041 0.6380 0.3122 0.0000 0.7821
0.5038 0.6379 0.3117 0.0000 0.7817
0.5034 0.6377 0.3123 0.0000 0.7811
0.5037 0.6378 0.3121 0.0000 0.7813
0.5036 0.6378 0.3124 0.0000 0.7812
0.5035 0.6376 0.3129 0.0000 0.7812
0.5035 0.6377 0.3127 0.0000 0.7813
0.5032 0.6375 0.3127 0.0000 0.7816
0.5033 0.6372 0.3106 0.0000 0.7806
0.5034 0.6372 0.3122 0.0000 0.7810
0.5034 0.6372 0.3121 0.0000 0.7811
0.5032 0.6372 0.3122 0.0000 0.7808
0.5033 0.6372 0.3123 0.0000 0.7809
0.5030 0.6373 0.3114 0.0000 0.7808
0.5030 0.6373 0.3113 0.0000 0.7809
0.5032 0.6373 0.3112 0.0000 0.7810
0.5032 0.6373 0.3113 0.0000 0.7810
0.5032 0.6370 0.3129 0.0000 0.7804
0.5033 0.6370 0.3131 0.0000 0.7805
0.5033 0.6370 0.3132 0.0000 0.7805
0.5032 0.6370 0.3117 0.0000 0.7805
0.5036 0.6372 0.3112 0.0000 0.7810
0.5037 0.6381 0.3071 0.0000 0.7823
0.5033 0.6381 0.3060 0.0000 0.7821
0.5032 0.6381 0.3067 0.0000 0.7816
0.5031 0.6380 0.3068 0.0000 0.7817
0.5031 0.6382 0.3063 0.0000 0.7820
0.5031 0.6382 0.3067 0.0000 0.7820
0.5027 0.6379 0.3068 0.0000 0.7822
0.5027 0.6380 0.3061 0.0000 0.7822
0.5026 0.6382 0.3059 0.0000 0.7829
0.5026 0.6382 0.3058 0.0000 0.7830
0.5027 0.6384 0.3047 0.0000 0.7834
0.5029 0.6384 0.3034 0.0000 0.7835
0.5031 0.6396 0.2966 0.0000 0.7852
0.5032 0.6396 0.2963 0.0000 0.7853
0.5031 0.6394 0.2971 0.0000 0.7852
0.5027 0.6395 0.2962 0.0000 0.7851
0.5027 0.6395 0.2963 0.0000 0.7852
0.5027 0.6398 0.2949 0.0000 0.7856
0.5027 0.6398 0.2945 0.0000 0.7858
0.5031 0.6395 0.2970 0.0000 0.7851
0.5031 0.6395 0.2966 0.0000 0.7854
0.5030 0.6394 0.2979 0.0000 0.7852
0.5030 0.6393 0.2984 0.0000 0.7853
0.5030 0.6392 0.2987 0.0000 0.7850
0.5032 0.6392 0.2975 0.0000 0.7852
0.5031 0.6392 0.2979 0.0000 0.7853
0.5028 0.6391 0.2978 0.0000 0.7846
0.5028 0.6390 0.2985 0.0000 0.7845
0.5041 0.6394 0.2963 0.0000 0.7835
0.5041 0.6394 0.2972 0.0000 0.7838
0.5039 0.6397 0.2953 0.0000 0.7839
0.5037 0.6399 0.2940 0.0000 0.7850
0.5035 0.6399 0.2947 0.0000 0.7849
0.5046 0.6404 0.2927 0.0000 0.7853
0.5046 0.6403 0.2931 0.0000 0.7854
0.5050 0.6399 0.2950 0.0000 0.7846
0.5049 0.6398 0.2961 0.0000 0.7845
0.5052 0.6400 0.2952 0.0000 0.7847
0.5054 0.6401 0.2939 0.0000 0.7850
0.5055 0.6400 0.2944 0.0000 0.7848
0.5050 0.6401 0.2924 0.0000 0.7862
0.5043 0.6397 0.2949 0.0000 0.7865
0.5044 0.6398 0.2943 0.0000 0.7868
0.5043 0.6396 0.2961 0.0000 0.7880
0.5044 0.6395 0.2965 0.0000 0.7879
0.5038 0.6390 0.3001 0.0000 0.7863
0.5037 0.6389 0.3007 0.0000 0.7862
0.5033 0.6385 0.3031 0.0000 0.7850
0.5029 0.6385 0.3021 0.0000 0.7847
0.5029 0.6385 0.3021 0.0000 0.7847
0.5029 0.6385 0.3020 0.0000 0.7848
0.5028 0.6384 0.3026 0.0000 0.7847
0.5026 0.6388 0.3009 0.0000 0.7849
0.5031 0.6384 0.3016 0.0000 0.7842
0.5031 0.6384 0.3019 0.0000 0.7843
0.5027 0.6381 0.3033 0.0000 0.7835
0.5027 0.6381 0.3031 0.0000 0.7835
0.5025 0.6381 0.3029 0.0000 0.7836
0.5026 0.6382 0.3031 0.0000 0.7835
0.5036 0.6388 0.3006 0.0000 0.7845
0.5033 0.6388 0.3000 0.0000 0.7842
0.5037 0.6386 0.3013 0.0000 0.7838
0.5036 0.6386 0.3013 0.0000 0.7837
0.5036 0.6389 0.2998 0.0000 0.7840
0.5037 0.6388 0.2997 0.0000 0.7839
0.5035 0.6388 0.2995 0.0000 0.7839
0.5033 0.6389 0.2992 0.0000 0.7841
0.5030 0.6390 0.2990 0.0000 0.7839
0.5031 0.6391 0.2988 0.0000 0.7840
0.5030 0.6391 0.2975 0.0000 0.7841
0.5029 0.6390 0.2984 0.0000 0.7839
0.5033 0.6387 0.2983 0.0000 0.7835
0.5033 0.6387 0.2983 0.0000 0.7835
0.5035 0.6389 0.2966 0.0000 0.7839
0.5034 0.6389 0.2965 0.0000 0.7840
0.5034 0.6389 0.2964 0.0000 0.7840
0.5034 0.6390 0.2960 0.0000 0.7842
0.5032 0.6392 0.2951 0.0000 0.7844
0.5032 0.6392 0.2950 0.0000 0.7845
0.5026 0.6385 0.2980 0.0000 0.7844
0.5030 0.6387 0.2970 0.0000 0.7847
0.5030 0.6387 0.2968 0.0000 0.7848
0.5029 0.6385 0.2975 0.0000 0.7845
0.5026 0.6384 0.2979 0.0000 0.7841
0.5026 0.6385 0.2978 0.0000 0.7842
0.5029 0.6381 0.2994 0.0000 0.7836
0.5029 0.6379 0.3009 0.0000 0.7832
0.5032 0.6381 0.2985 0.0000 0.7835
0.5031 0.6377 0.3001 0.0000 0.7830
0.5030 0.6379 0.2993 0.0000 0.7832
0.5028 0.6382 0.2966 0.0000 0.7838
0.5031 0.6380 0.2975 0.0000 0.7834
0.5031 0.6381 0.2974 0.0000 0.7835
0.5028 0.6379 0.2984 0.0000 0.7831
0.5029 0.6378 0.2986 0.0000 0.7830
0.5029 0.6378 0.2987 0.0000 0.7831
0.5029 0.6379 0.2986 0.0000 0.7831
0.5030 0.6371 0.3021 0.0000 0.7822
0.5030 0.6372 0.3017 0.0000 0.7823
0.5029 0.6374 0.3012 0.0000 0.7829
0.5030 0.6376 0.3001 0.0000 0.7832
0.5030 0.6376 0.3002 0.0000 0.7832
0.5028 0.6375 0.3005 0.0000 0.7831
0.5028 0.6375 0.3005 0.0000 0.7832
