1.2226 1.7018 0.2305 0.0001 1.8050
1.2113 1.6914 0.2372 0.0001 1.8134
1.2458 1.7268 0.2270 0.0001 1.8261
1.2077 1.6873 0.2388 0.0000 1.8043
1.1927 1.6657 0.2496 0.0000 1.7954
1.2088 1.6819 0.2464 0.0000 1.7750
1.1763 1.6526 0.2458 0.0000 1.7495
1.1650 1.6456 0.2422 0.0000 6.2176
1.1769 1.6561 0.2484 0.0000 1.7464
1.1845 1.6602 0.2437 0.0000 1.7287
1.1841 1.6604 0.2447 0.0000 1.7506
1.2019 1.6756 0.2278 0.0001 3.2171
1.1888 1.6725 0.2383 0.0001 1.7770
1.1841 1.6694 0.2353 0.0001 1.7490
1.1819 1.6661 0.2394 0.0000 1.7534
1.1732 1.6596 0.2399 0.0000 1.7473
1.1764 1.6456 0.2350 0.0001 3.3974
1.1649 1.6448 0.2502 0.0000 1.7483
1.1628 1.6460 0.2476 0.0000 1.7492
1.1660 1.6485 0.2472 0.0000 1.7650
1.1499 1.6351 0.2598 0.0000 1.7197
1.1561 1.6416 0.2521 0.0000 1.7381
1.1629 1.6377 0.2478 0.0000 1.6847
1.1511 1.6358 0.2575 0.0000 1.7280
1.1658 1.6426 0.2549 0.0000 1.7357
1.1558 1.6376 0.2504 0.0000 1.7221
1.1503 1.6341 0.2552 0.0000 1.7259
1.1640 1.6393 0.2451 0.0000 1.6848
1.1603 1.6400 0.2442 0.0000 1.6846
1.1639 1.6393 0.2399 0.0000 1.6806
1.1587 1.6383 0.2405 0.0000 1.6809
1.1579 1.6371 0.2426 0.0000 1.6889
1.1612 1.6391 0.2441 0.0000 1.7005
1.1533 1.6271 0.2538 0.0000 1.6704
1.1718 1.6325 0.2503 0.0000 1.6818
1.1615 1.6216 0.2525 0.0000 1.6793
1.1667 1.6215 0.2532 0.0000 1.6973
1.1614 1.6261 0.2492 0.0000 1.6951
1.1633 1.6215 0.2525 0.0000 1.6793
1.1703 1.6219 0.2468 0.0000 1.6935
1.1746 1.6315 0.2455 0.0000 1.6905
1.1858 1.6420 0.2384 0.0001 1.6841
1.1866 1.6420 0.2387 0.0000 1.7027
1.1920 1.6502 0.2307 0.0001 1.6955
1.1904 1.6456 0.2334 0.0001 1.7124
1.1890 1.6337 0.2329 0.0001 1.6996
1.1751 1.6327 0.2420 0.0000 1.6896
1.1718 1.6280 0.2464 0.0000 1.6760
1.1746 1.6258 0.2475 0.0000 1.6657
1.1715 1.6276 0.2479 0.0000 1.6686
1.1708 1.6274 0.2462 0.0000 1.6789
1.1711 1.6279 0.2441 0.0000 1.6514
1.1630 1.6229 0.2565 0.0000 1.6792
1.1585 1.6266 0.2558 0.0000 1.6649
1.1606 1.6213 0.2569 0.0000 1.6688
1.1589 1.6217 0.2574 0.0000 1.6746
1.1670 1.6264 0.2481 0.0000 1.6773
1.1679 1.6284 0.2463 0.0000 1.7078
1.1601 1.6269 0.2501 0.0000 1.6834
1.1651 1.6279 0.2412 0.0000 1.6828
1.1622 1.6280 0.2451 0.0000 1.6901
1.1648 1.6294 0.2425 0.0000 1.6930
1.1690 1.6288 0.2396 0.0000 1.7073
1.1644 1.6312 0.2388 0.0000 1.7105
1.1657 1.6302 0.2373 0.0001 1.6958
1.1623 1.6258 0.2436 0.0000 1.7055
1.1586 1.6285 0.2412 0.0000 1.6937
1.1590 1.6253 0.2458 0.0000 1.7121
1.1566 1.6271 0.2466 0.0000 1.7017
1.1634 1.6291 0.2417 0.0000 1.7112
1.1631 1.6478 0.2325 0.0001 1.7020
1.1699 1.6375 0.2338 0.0001 1.6781
1.1649 1.6333 0.2412 0.0000 1.6948
1.1630 1.6323 0.2406 0.0000 1.6917
1.1612 1.6309 0.2450 0.0000 1.7045
1.1610 1.6299 0.2446 0.0000 1.7025
1.1597 1.6314 0.2468 0.0000 1.7099
1.1615 1.6203 0.2524 0.0000 1.6911
1.1577 1.6242 0.2517 0.0000 1.6914
1.1543 1.6198 0.2598 0.0000 1.6938
1.1633 1.6272 0.2453 0.0000 1.6994
1.1590 1.6312 0.2401 0.0000 1.6707
1.1597 1.6274 0.2452 0.0000 1.6978
1.1619 1.6272 0.2441 0.0000 1.6984
1.1617 1.6295 0.2412 0.0000 1.6948
1.1651 1.6295 0.2400 0.0000 1.6940
1.1637 1.6303 0.2420 0.0000 1.6892
1.1647 1.6301 0.2409 0.0000 1.6849
1.1617 1.6306 0.2420 0.0000 1.6863
1.1641 1.6305 0.2424 0.0000 1.6899
1.1601 1.6301 0.2458 0.0000 1.6899
1.1571 1.6313 0.2460 0.0000 1.6855
1.1621 1.6258 0.2455 0.0000 1.6851
1.1641 1.6336 0.2339 0.0001 1.6839
1.1659 1.6380 0.2297 0.0001 1.6708
1.1620 1.6343 0.2362 0.0001 1.6940
1.1615 1.6350 0.2361 0.0001 1.6903
1.1644 1.6368 0.2305 0.0001 1.6685
1.1619 1.6391 0.2306 0.0001 1.6759
1.1621 1.6355 0.2315 0.0001 1.6899
1.1627 1.6359 0.2320 0.0001 1.6714
1.1613 1.6346 0.2341 0.0001 1.6843
1.1577 1.6326 0.2396 0.0000 1.6930
1.1575 1.6372 0.2393 0.0000 1.7050
1.1584 1.6311 0.2401 0.0000 1.6847
1.1535 1.6329 0.2440 0.0000 1.6975
1.1553 1.6268 0.2472 0.0000 1.6879
1.1517 1.6243 0.2534 0.0000 1.6725
1.1537 1.6287 0.2459 0.0000 1.6907
1.1512 1.6268 0.2498 0.0000 1.6930
1.1567 1.6317 0.2401 0.0000 1.6814
1.1506 1.6278 0.2490 0.0000 1.6813
1.1493 1.6322 0.2470 0.0000 1.6833
1.1434 1.6241 0.2598 0.0000 1.6773
1.1471 1.6232 0.2556 0.0000 1.6674
1.1471 1.6227 0.2556 0.0000 1.6810
1.1434 1.6213 0.2609 0.0000 1.6895
1.1463 1.6201 0.2599 0.0000 1.6909
1.1433 1.6203 0.2625 0.0000 1.6812
1.1473 1.6174 0.2610 0.0000 1.6720
1.1424 1.6192 0.2645 0.0000 1.6824
1.1402 1.6159 0.2708 0.0000 1.6766
1.1377 1.6148 0.2741 0.0000 1.6768
1.1391 1.6147 0.2728 0.0000 1.6663
1.1393 1.6127 0.2752 0.0000 1.6724
1.1344 1.6189 0.2771 0.0000 1.6651
1.1365 1.6147 0.2755 0.0000 1.6773
1.1370 1.6105 0.2789 0.0000 1.6740
1.1378 1.6137 0.2758 0.0000 1.6605
1.1352 1.6110 0.2801 0.0000 1.6729
1.1347 1.6145 0.2786 0.0000 1.6684
1.1353 1.6136 0.2784 0.0000 1.6636
1.1341 1.6101 0.2819 0.0000 1.6719
1.1360 1.6149 0.2771 0.0000 1.6644
1.1375 1.6135 0.2765 0.0000 1.6627
1.1326 1.6115 0.2827 0.0000 1.6719
1.1380 1.6160 0.2725 0.0000 1.6629
1.1372 1.6169 0.2737 0.0000 1.6632
1.1401 1.6169 0.2696 0.0000 1.6633
1.1419 1.6178 0.2669 0.0000 1.6639
1.1429 1.6167 0.2669 0.0000 1.6662
1.1395 1.6204 0.2672 0.0000 1.6628
1.1412 1.6179 0.2669 0.0000 1.6648
1.1369 1.6189 0.2703 0.0000 1.6672
1.1518 1.6134 0.2628 0.0000 1.6572
1.1442 1.6160 0.2655 0.0000 1.6601
1.1431 1.6127 0.2701 0.0000 1.6722
1.1427 1.6123 0.2710 0.0000 1.6708
1.1482 1.6089 0.2713 0.0000 1.6605
1.1469 1.6096 0.2714 0.0000 1.6661
1.1424 1.6102 0.2750 0.0000 1.6535
1.1402 1.6059 0.2807 0.0000 1.6733
1.1446 1.6037 0.2823 0.0000 1.6531
1.1377 1.6038 0.2851 0.0000 1.6714
1.1396 1.6060 0.2813 0.0000 1.6602
1.1382 1.6069 0.2819 0.0000 1.6686
1.1502 1.6043 0.2774 0.0000 1.6563
1.1466 1.6040 0.2797 0.0000 1.6609
1.1462 1.6030 0.2815 0.0000 1.6668
1.1442 1.6067 0.2778 0.0000 1.6672
1.1437 1.6089 0.2751 0.0000 1.6645
1.1434 1.6072 0.2768 0.0000 1.6808
1.1462 1.6030 0.2825 0.0000 1.6753
1.1472 1.6050 0.2791 0.0000 1.6751
1.1475 1.6053 0.2785 0.0000 1.6744
1.1511 1.6036 0.2793 0.0000 1.6730
1.1450 1.6084 0.2759 0.0000 1.6630
1.1472 1.6073 0.2755 0.0000 1.6745
1.1480 1.6099 0.2712 0.0000 1.6637
1.1464 1.6073 0.2754 0.0000 1.6617
1.1475 1.6076 0.2763 0.0000 1.6706
1.1448 1.6080 0.2750 0.0000 1.6692
1.1461 1.6060 0.2779 0.0000 1.6636
1.1406 1.6059 0.2838 0.0000 1.6658
1.1513 1.6029 0.2811 0.0000 1.6500
1.1510 1.6047 0.2773 0.0000 1.6421
1.1560 1.5990 0.2861 0.0000 1.6492
1.1458 1.6006 0.2855 0.0000 1.6468
1.1469 1.5981 0.2891 0.0000 1.6487
1.1392 1.6022 0.2873 0.0000 1.6458
1.1415 1.5989 0.2900 0.0000 1.6445
1.1469 1.6001 0.2861 0.0000 1.6526
1.1538 1.5942 0.2935 0.0000 1.6472
1.1432 1.5962 0.2939 0.0000 1.6474
1.1417 1.5965 0.2961 0.0000 1.6433
1.1416 1.5996 0.2888 0.0000 1.6443
1.1520 1.5977 0.2881 0.0000 1.6403
1.1430 1.5969 0.2924 0.0000 1.6566
1.1463 1.5969 0.2912 0.0000 1.6645
1.1432 1.5964 0.2947 0.0000 1.6484
1.1467 1.5951 0.2948 0.0000 1.6469
1.1431 1.5964 0.2944 0.0000 1.6583
1.1502 1.5966 0.2921 0.0000 1.6622
1.1531 1.5926 0.2969 0.0000 1.6339
1.1472 1.5938 0.2955 0.0000 1.6500
1.1511 1.5921 0.2992 0.0000 1.6441
1.1498 1.5917 0.2991 0.0000 1.6603
1.1477 1.5882 0.3054 0.0000 1.6289
1.1503 1.5904 0.3026 0.0000 1.6560
1.1474 1.5905 0.3027 0.0000 1.6391
1.1451 1.5894 0.3039 0.0000 1.6518
1.1455 1.5891 0.3046 0.0000 1.6596
1.1495 1.5894 0.3026 0.0000 1.6280
1.1557 1.5854 0.3104 0.0000 1.6425
1.1522 1.5853 0.3099 0.0000 1.6294
1.1433 1.5859 0.3116 0.0000 1.6530
1.1534 1.5848 0.3107 0.0000 1.6305
1.1399 1.5840 0.3139 0.0000 1.6272
1.1486 1.5822 0.3152 0.0000 1.6205
1.1402 1.5846 0.3129 0.0000 1.6670
1.1413 1.5850 0.3124 0.0000 1.6739
1.1411 1.5864 0.3094 0.0000 1.6676
1.1503 1.5863 0.3080 0.0000 1.6362
1.1492 1.5844 0.3120 0.0000 1.6668
1.1390 1.5849 0.3120 0.0000 1.6829
1.1609 1.5846 0.3127 0.0000 1.6459
1.1498 1.5824 0.3150 0.0000 1.6602
1.1397 1.5769 0.3250 0.0000 1.6595
1.1992 1.5939 0.3142 0.0000 1.6585
1.1437 1.5786 0.3217 0.0000 1.6282
1.1438 1.5794 0.3204 0.0000 1.6389
1.1465 1.5794 0.3203 0.0000 1.6778
1.1493 1.5785 0.3222 0.0000 1.6279
1.1308 1.5741 0.3304 0.0000 1.6274
1.1327 1.5768 0.3261 0.0000 1.6324
1.1376 1.5779 0.3234 0.0000 1.6294
1.1369 1.5780 0.3232 0.0000 1.6486
1.1436 1.5768 0.3249 0.0000 1.6324
1.1413 1.5793 0.3207 0.0000 1.6744
1.1520 1.5769 0.3256 0.0000 1.6223
1.1320 1.5730 0.3319 0.0000 1.6366
1.1453 1.5744 0.3292 0.0000 1.6375
1.1340 1.5739 0.3301 0.0000 1.6285
1.1318 1.5762 0.3270 0.0000 1.6580
1.1326 1.5760 0.3271 0.0000 1.6264
1.1341 1.5765 0.3261 0.0000 1.6192
1.1327 1.5763 0.3266 0.0000 1.6263
1.1318 1.5756 0.3277 0.0000 1.6357
1.1453 1.5766 0.3253 0.0000 1.6380
1.1428 1.5753 0.3275 0.0000 1.6207
1.1456 1.5776 0.3236 0.0000 1.6344
1.1401 1.5758 0.3266 0.0000 1.6337
1.1451 1.5755 0.3273 0.0000 1.6449
1.1386 1.5756 0.3270 0.0000 1.6202
1.1339 1.5782 0.3238 0.0000 1.6554
1.1352 1.5765 0.3260 0.0000 1.6562
1.1474 1.5759 0.3275 0.0000 1.6327
1.2686 1.6274 0.3240 0.0000 1.6793
1.1369 1.5744 0.3292 0.0000 1.6558
1.1354 1.5752 0.3279 0.0000 1.6479
1.1340 1.5744 0.3295 0.0000 1.6516
1.1407 1.5790 0.3211 0.0000 1.6507
1.1377 1.5769 0.3249 0.0000 1.6375
1.1614 1.5801 0.3216 0.0000 1.6595
1.1565 1.5787 0.3229 0.0000 1.6443
1.1356 1.5769 0.3254 0.0000 1.6532
1.1360 1.5766 0.3258 0.0000 1.6261
1.1577 1.5789 0.3229 0.0000 1.6506
1.1338 1.5774 0.3257 0.0000 1.6250
1.1529 1.5783 0.3230 0.0000 1.6341
1.1509 1.5752 0.3289 0.0000 1.6482
1.1315 1.5758 0.3276 0.0000 1.6288
1.1410 1.5768 0.3250 0.0000 1.6410
1.1316 1.5772 0.3254 0.0000 1.6390
1.1336 1.5768 0.3257 0.0000 1.6410
1.1331 1.5769 0.3256 0.0000 1.6238
1.1423 1.5773 0.3241 0.0000 1.6229
1.1393 1.5764 0.3257 0.0000 1.6511
1.1371 1.5765 0.3255 0.0000 1.6233
1.1354 1.5756 0.3275 0.0000 1.6435
1.1301 1.5782 0.3244 0.0000 1.6230
1.1260 1.5788 0.3249 0.0000 1.6333
1.1483 1.5752 0.3283 0.0000 1.6277
1.1317 1.5754 0.3283 0.0000 1.6324
1.1331 1.5747 0.3291 0.0000 1.6343
1.1324 1.5735 0.3315 0.0000 1.6268
1.1337 1.5728 0.3321 0.0000 1.6248
1.1391 1.5729 0.3317 0.0000 1.6518
1.1399 1.5735 0.3306 0.0000 1.6239
1.1366 1.5725 0.3323 0.0000 1.6363
1.1432 1.5719 0.3338 0.0000 1.6282
1.1497 1.5735 0.3318 0.0000 1.6150
1.1672 1.5762 0.3333 0.0000 1.6345
1.1295 1.5724 0.3331 0.0000 1.6161
1.1386 1.5703 0.3362 0.0000 1.6392
1.1427 1.5729 0.3319 0.0000 1.6189
1.1326 1.5710 0.3350 0.0000 1.6566
1.1345 1.5721 0.3332 0.0000 1.6366
1.1419 1.5735 0.3307 0.0000 1.6124
1.1326 1.5700 0.3369 0.0000 1.6393
1.1449 1.5727 0.3326 0.0000 1.6191
1.1307 1.5713 0.3346 0.0000 1.6385
1.1318 1.5700 0.3367 0.0000 1.6288
1.1679 1.5736 0.3399 0.0000 1.6245
1.1275 1.5663 0.3429 0.0000 1.6415
1.1506 1.5696 0.3406 0.0000 1.6336
1.1366 1.5663 0.3432 0.0000 1.6356
1.1325 1.5618 0.3503 0.0000 1.6082
1.1529 1.5689 0.3418 0.0000 1.6179
1.1444 1.5667 0.3437 0.0000 1.6143
1.1381 1.5676 0.3410 0.0000 1.6350
1.1322 1.5658 0.3435 0.0000 1.6304
1.1333 1.5655 0.3440 0.0000 1.6368
1.1371 1.5654 0.3445 0.0000 1.6420
1.1304 1.5649 0.3450 0.0000 1.6308
1.1629 1.5702 0.3444 0.0000 1.6195
1.1567 1.5698 0.3417 0.0000 1.6168
1.1336 1.5634 0.3477 0.0000 1.6413
1.1428 1.5661 0.3442 0.0000 1.6447
1.1573 1.5681 0.3451 0.0000 1.6148
1.1315 1.5637 0.3470 0.0000 1.6504
1.1452 1.5652 0.3465 0.0000 1.6214
1.1330 1.5626 0.3489 0.0000 1.6309
1.1362 1.5623 0.3499 0.0000 1.6370
1.1414 1.5644 0.3473 0.0000 1.6118
1.1378 1.5647 0.3459 0.0000 1.6292
1.1351 1.5645 0.3460 0.0000 1.6353
1.1359 1.5626 0.3494 0.0000 1.6107
1.1370 1.5651 0.3453 0.0000 1.6415
1.1448 1.5668 0.3437 0.0000 1.6269
1.1329 1.5653 0.3444 0.0000 1.6331
1.1422 1.5655 0.3452 0.0000 1.6436
1.1451 1.5654 0.3460 0.0000 1.6449
1.1335 1.5637 0.3471 0.0000 1.6432
1.1233 1.5658 0.3441 0.0000 1.6151
1.1284 1.5650 0.3448 0.0000 1.6416
1.2288 1.5995 0.3386 0.0000 1.6577
1.1401 1.5666 0.3430 0.0000 1.6424
1.1352 1.5655 0.3442 0.0000 1.6274
1.1369 1.5669 0.3418 0.0000 1.6262
1.1525 1.5688 0.3417 0.0000 1.6412
1.1408 1.5654 0.3452 0.0000 1.6415
1.1273 1.5651 0.3447 0.0000 1.6340
1.1372 1.5660 0.3436 0.0000 1.6277
1.1310 1.5649 0.3450 0.0000 1.6306
1.1268 1.5669 0.3419 0.0000 1.6292
1.1243 1.5648 0.3454 0.0000 1.6428
1.1321 1.5651 0.3446 0.0000 1.6141
1.1473 1.5661 0.3456 0.0000 1.6532
1.1306 1.5654 0.3442 0.0000 1.6466
1.1193 1.5640 0.3472 0.0000 1.6180
1.1223 1.5629 0.3485 0.0000 1.6393
1.1205 1.5622 0.3496 0.0000 1.6442
1.1934 1.5821 0.3431 0.0000 1.6389
1.1310 1.5636 0.3470 0.0000 1.6451
1.1562 1.5677 0.3459 0.0000 1.6461
1.1382 1.5624 0.3505 0.0000 1.6062
1.1252 1.5610 0.3513 0.0000 1.6214
1.1330 1.5618 0.3503 0.0000 1.6138
1.1303 1.5604 0.3524 0.0000 1.6181
1.1687 1.5694 0.3515 0.0000 1.6311
1.1297 1.5611 0.3512 0.0000 1.6215
1.1260 1.5601 0.3526 0.0000 1.6082
1.1338 1.5607 0.3524 0.0000 1.6106
1.1213 1.5589 0.3547 0.0000 1.6222
1.1286 1.5620 0.3497 0.0000 1.6222
1.1280 1.5616 0.3503 0.0000 1.6239
1.1284 1.5616 0.3503 0.0000 1.6169
1.1276 1.5626 0.3487 0.0000 1.6143
1.1256 1.5625 0.3488 0.0000 1.6145
1.1368 1.5639 0.3472 0.0000 1.6156
1.1274 1.5610 0.3512 0.0000 1.6261
1.1265 1.5617 0.3501 0.0000 1.6226
1.1262 1.5608 0.3515 0.0000 1.6120
1.1273 1.5620 0.3498 0.0000 1.6179
1.1181 1.5609 0.3519 0.0000 1.6141
1.1209 1.5616 0.3505 0.0000 1.6194
1.1279 1.5614 0.3506 0.0000 1.6257
1.1397 1.5605 0.3543 0.0000 1.6121
1.1194 1.5597 0.3536 0.0000 1.6237
1.1120 1.5613 0.3526 0.0000 1.6127
1.1223 1.5613 0.3509 0.0000 1.6176
1.1195 1.5583 0.3556 0.0000 1.6251
1.1100 1.5602 0.3543 0.0000 1.6048
1.1179 1.5582 0.3560 0.0000 1.6107
1.1211 1.5592 0.3544 0.0000 1.6197
1.1152 1.5585 0.3558 0.0000 1.6171
1.1171 1.5567 0.3584 0.0000 1.6140
1.1240 1.5585 0.3556 0.0000 1.6191
1.1221 1.5580 0.3565 0.0000 1.6113
1.1454 1.5607 0.3562 0.0000 1.6135
1.1225 1.5567 0.3584 0.0000 1.6152
1.1342 1.5592 0.3558 0.0000 1.6142
1.1246 1.5577 0.3567 0.0000 1.6218
1.1202 1.5575 0.3569 0.0000 1.6181
1.1253 1.5584 0.3559 0.0000 1.6085
1.1242 1.5572 0.3574 0.0000 1.6181
1.1217 1.5580 0.3563 0.0000 1.6200
1.1236 1.5574 0.3571 0.0000 1.6239
1.1206 1.5577 0.3568 0.0000 1.6057
1.1260 1.5609 0.3514 0.0000 1.6213
1.1345 1.5610 0.3521 0.0000 1.6227
1.1188 1.5601 0.3530 0.0000 1.6159
1.1089 1.5624 0.3515 0.0000 1.6160
1.1209 1.5616 0.3505 0.0000 1.6182
1.1191 1.5608 0.3519 0.0000 1.6199
1.1460 1.5635 0.3500 0.0000 1.6243
1.1373 1.5636 0.3480 0.0000 1.6092
1.1412 1.5635 0.3488 0.0000 1.6041
1.1261 1.5620 0.3496 0.0000 1.6125
1.1326 1.5634 0.3475 0.0000 1.6169
1.1417 1.5639 0.3478 0.0000 1.6293
1.1340 1.5653 0.3444 0.0000 1.6194
1.1367 1.5652 0.3448 0.0000 1.6169
1.1292 1.5637 0.3470 0.0000 1.6251
1.1388 1.5649 0.3454 0.0000 1.6210
1.1520 1.5665 0.3458 0.0000 1.6090
1.1415 1.5652 0.3452 0.0000 1.6313
1.1316 1.5650 0.3450 0.0000 1.6153
1.1399 1.5655 0.3445 0.0000 1.6215
1.1391 1.5656 0.3442 0.0000 1.6213
1.1467 1.5675 0.3423 0.0000 1.6328
1.1458 1.5680 0.3411 0.0000 1.6154
1.1481 1.5670 0.3435 0.0000 1.6176
1.1332 1.5653 0.3444 0.0000 1.6202
1.1356 1.5652 0.3445 0.0000 1.6166
1.1450 1.5667 0.3436 0.0000 1.6135
1.1348 1.5647 0.3453 0.0000 1.6143
1.1377 1.5654 0.3444 0.0000 1.6162
1.1396 1.5661 0.3435 0.0000 1.6172
1.1404 1.5663 0.3433 0.0000 1.6169
1.1359 1.5656 0.3439 0.0000 1.6015
1.1354 1.5664 0.3425 0.0000 1.6177
1.1379 1.5662 0.3430 0.0000 1.6192
1.1218 1.5680 0.3422 0.0000 1.6178
1.1469 1.5675 0.3422 0.0000 1.6229
1.1375 1.5661 0.3432 0.0000 1.6203
1.1369 1.5657 0.3440 0.0000 1.6175
1.1245 1.5669 0.3428 0.0000 1.6156
1.1284 1.5662 0.3432 0.0000 1.6102
1.1346 1.5660 0.3433 0.0000 1.6174
1.1311 1.5648 0.3451 0.0000 1.6144
1.1201 1.5677 0.3422 0.0000 1.6166
1.1348 1.5644 0.3459 0.0000 1.6188
1.1250 1.5653 0.3448 0.0000 1.6285
1.1290 1.5654 0.3442 0.0000 1.6222
1.1270 1.5648 0.3452 0.0000 1.6231
1.1212 1.5648 0.3459 0.0000 1.6156
1.1250 1.5625 0.3489 0.0000 1.6172
1.1269 1.5628 0.3484 0.0000 1.6213
1.1298 1.5629 0.3484 0.0000 1.6216
1.1295 1.5620 0.3496 0.0000 1.6157
1.1273 1.5635 0.3473 0.0000 1.6222
1.1291 1.5638 0.3469 0.0000 1.6147
1.1257 1.5632 0.3479 0.0000 1.6230
1.1221 1.5641 0.3470 0.0000 1.6113
1.1245 1.5641 0.3469 0.0000 1.6117
1.1279 1.5634 0.3475 0.0000 1.6173
1.1289 1.5633 0.3477 0.0000 1.6189
1.1251 1.5630 0.3485 0.0000 1.6229
1.1494 1.5647 0.3487 0.0000 1.6177
