0.7984 1.1726 0.3845 0.0003 1.3935
0.8024 1.1725 0.3806 0.0003 1.3897
0.8006 1.1702 0.3850 0.0003 1.3865
0.7995 1.1703 0.3861 0.0002 1.3904
0.7957 1.1660 0.3976 0.0002 1.3915
0.7952 1.1662 0.3985 0.0001 1.3959
0.7940 1.1661 0.4003 0.0001 1.4018
0.7939 1.1662 0.4002 0.0001 1.4053
0.7887 1.1607 0.4121 0.0001 1.4092
0.7934 1.1661 0.4095 0.0001 1.4020
0.7924 1.1606 0.4168 0.0001 1.3874
0.7920 1.1594 0.4196 0.0001 1.3848
0.7915 1.1577 0.4227 0.0001 1.3742
0.7922 1.1560 0.4264 0.0000 1.3654
0.7914 1.1560 0.4252 0.0000 1.3646
0.7887 1.1547 0.4262 0.0000 1.3670
0.7895 1.1576 0.4286 0.0000 1.3670
0.7877 1.1557 0.4300 0.0000 1.3645
0.7898 1.1590 0.4353 0.0000 1.3688
0.7897 1.1597 0.4296 0.0000 1.3632
0.7879 1.1556 0.4307 0.0000 1.3627
0.7913 1.1554 0.4316 0.0000 1.3597
0.7949 1.1598 0.4294 0.0000 1.3551
0.7960 1.1643 0.4348 0.0000 1.3592
0.8026 1.1679 0.4221 0.0001 1.3648
0.8056 1.1718 0.4258 0.0000 1.3619
0.8131 1.1909 0.3985 0.0001 1.3709
0.8195 1.1972 0.4002 0.0001 1.3718
0.8187 1.1978 0.4028 0.0001 1.3739
0.8188 1.1995 0.4012 0.0001 1.3760
0.8162 1.1958 0.4010 0.0001 1.3755
0.8166 1.1966 0.4030 0.0001 1.3752
0.8085 1.1846 0.4245 0.0000 1.3651
0.8080 1.1770 0.4230 0.0000 1.3562
0.8089 1.1761 0.4267 0.0000 1.3537
0.8072 1.1703 0.4224 0.0001 1.3483
0.8074 1.1702 0.4222 0.0001 1.3471
0.7993 1.1590 0.4326 0.0000 1.3368
0.7994 1.1513 0.4349 0.0000 1.3352
0.7986 1.1501 0.4375 0.0000 1.3332
0.7976 1.1495 0.4386 0.0000 1.3318
0.8016 1.1531 0.4365 0.0000 1.3332
0.8028 1.1545 0.4324 0.0000 1.3325
0.8019 1.1536 0.4350 0.0000 1.3313
0.8002 1.1518 0.4330 0.0000 1.3291
0.7998 1.1499 0.4350 0.0000 1.3269
0.7988 1.1493 0.4354 0.0000 1.3263
0.7971 1.1462 0.4370 0.0000 1.3243
0.7960 1.1476 0.4348 0.0000 1.3257
0.7984 1.1527 0.4206 0.0001 1.3288
0.7989 1.1547 0.4204 0.0001 1.3297
0.7960 1.1511 0.4250 0.0000 1.3273
0.7961 1.1540 0.4168 0.0001 1.3293
0.7983 1.1562 0.4124 0.0001 1.3299
0.7974 1.1559 0.4130 0.0001 1.3302
0.7955 1.1527 0.4177 0.0001 1.3287
0.7971 1.1547 0.4126 0.0001 1.3294
0.7977 1.1412 0.4286 0.0000 1.3196
0.7973 1.1408 0.4294 0.0000 1.3182
0.7969 1.1410 0.4290 0.0000 1.3180
0.7959 1.1408 0.4292 0.0000 1.3178
0.7877 1.1421 0.4295 0.0000 1.3198
0.7888 1.1413 0.4308 0.0000 1.3189
0.7854 1.1442 0.4271 0.0000 1.3210
0.7850 1.1442 0.4272 0.0000 1.3212
0.7852 1.1460 0.4290 0.0000 1.3221
0.7847 1.1462 0.4288 0.0000 1.3219
0.7837 1.1453 0.4304 0.0000 1.3221
0.7822 1.1443 0.4319 0.0000 1.3223
0.7819 1.1444 0.4318 0.0000 1.3235
0.7814 1.1445 0.4318 0.0000 1.3244
0.7799 1.1437 0.4337 0.0000 1.3251
0.7794 1.1437 0.4342 0.0000 1.3259
0.7812 1.1459 0.4319 0.0000 1.3274
0.7809 1.1468 0.4289 0.0000 1.3294
0.7805 1.1454 0.4303 0.0000 1.3276
0.7851 1.1547 0.4119 0.0001 1.3327
0.7846 1.1561 0.4083 0.0001 1.3350
0.7844 1.1557 0.4095 0.0001 1.3352
0.7843 1.1562 0.4095 0.0001 1.3369
0.7838 1.1561 0.4099 0.0001 1.3369
0.7823 1.1545 0.4117 0.0001 1.3355
0.7844 1.1555 0.4092 0.0001 1.3350
0.7831 1.1547 0.4106 0.0001 1.3357
0.7730 1.1466 0.4255 0.0000 1.3267
0.7730 1.1472 0.4251 0.0000 1.3270
0.7727 1.1474 0.4246 0.0000 1.3275
0.7729 1.1481 0.4240 0.0000 1.3291
0.7733 1.1479 0.4249 0.0000 1.3287
0.7750 1.1429 0.4311 0.0000 1.3264
0.7740 1.1412 0.4348 0.0000 1.3240
0.7733 1.1411 0.4348 0.0000 1.3251
0.7731 1.1384 0.4390 0.0000 1.3216
0.7718 1.1391 0.4378 0.0000 1.3226
0.7715 1.1387 0.4386 0.0000 1.3225
0.7717 1.1376 0.4411 0.0000 1.3210
0.7714 1.1376 0.4413 0.0000 1.3215
0.7709 1.1380 0.4404 0.0000 1.3230
0.7710 1.1381 0.4399 0.0000 1.3224
0.7719 1.1397 0.4370 0.0000 1.3254
0.7716 1.1398 0.4359 0.0000 1.3244
0.7728 1.1396 0.4368 0.0000 1.3237
0.7739 1.1422 0.4317 0.0000 1.3266
0.7743 1.1448 0.4272 0.0000 1.3301
0.7777 1.1444 0.4269 0.0000 1.3291
0.7776 1.1444 0.4271 0.0000 1.3296
0.7775 1.1430 0.4298 0.0000 1.3278
0.7771 1.1430 0.4295 0.0000 1.3275
0.7769 1.1430 0.4294 0.0000 1.3289
0.7778 1.1454 0.4242 0.0000 1.3302
0.7769 1.1442 0.4262 0.0000 1.3299
0.7766 1.1442 0.4262 0.0000 1.3294
0.7767 1.1405 0.4327 0.0000 1.3264
0.7767 1.1408 0.4321 0.0000 1.3266
0.7763 1.1401 0.4333 0.0000 1.3269
0.7793 1.1417 0.4300 0.0000 1.3295
0.7772 1.1408 0.4329 0.0000 1.3250
0.7760 1.1414 0.4313 0.0000 1.3253
0.7749 1.1418 0.4304 0.0000 1.3262
0.7744 1.1418 0.4302 0.0000 1.3262
0.7742 1.1435 0.4266 0.0000 1.3284
0.7756 1.1474 0.4196 0.0001 1.3329
0.7768 1.1493 0.4148 0.0001 1.3375
0.7767 1.1498 0.4142 0.0001 1.3375
0.7759 1.1500 0.4136 0.0001 1.3374
0.7757 1.1509 0.4121 0.0001 1.3385
0.7814 1.1509 0.4123 0.0001 1.3405
0.7821 1.1514 0.4110 0.0001 1.3427
0.7819 1.1510 0.4117 0.0001 1.3429
0.7814 1.1515 0.4110 0.0001 1.3429
0.7811 1.1515 0.4110 0.0001 1.3424
0.7843 1.1497 0.4141 0.0001 1.3434
0.7855 1.1509 0.4121 0.0001 1.3444
0.7854 1.1511 0.4119 0.0001 1.3442
0.7860 1.1509 0.4127 0.0001 1.3442
0.7849 1.1485 0.4163 0.0001 1.3415
0.7835 1.1481 0.4167 0.0001 1.3409
0.7837 1.1452 0.4217 0.0001 1.3358
0.7835 1.1452 0.4217 0.0001 1.3364
0.7851 1.1472 0.4180 0.0001 1.3337
0.7856 1.1489 0.4151 0.0001 1.3353
0.7856 1.1498 0.4134 0.0001 1.3362
0.7849 1.1495 0.4140 0.0001 1.3363
0.7855 1.1515 0.4105 0.0001 1.3384
0.7861 1.1522 0.4094 0.0001 1.3391
0.7861 1.1528 0.4084 0.0001 1.3401
0.7861 1.1533 0.4074 0.0001 1.3411
0.7826 1.1543 0.4063 0.0001 1.3406
0.7827 1.1535 0.4079 0.0001 1.3389
0.7820 1.1505 0.4132 0.0001 1.3374
0.7816 1.1505 0.4131 0.0001 1.3384
0.7845 1.1523 0.4092 0.0001 1.3427
0.7838 1.1504 0.4125 0.0001 1.3429
0.7841 1.1500 0.4131 0.0001 1.3397
0.7834 1.1499 0.4133 0.0001 1.3401
0.7837 1.1507 0.4118 0.0001 1.3404
0.7887 1.1514 0.4116 0.0001 1.3246
0.7884 1.1494 0.4148 0.0001 1.3231
0.7873 1.1491 0.4151 0.0001 1.3233
0.7883 1.1497 0.4141 0.0001 1.3233
0.7874 1.1490 0.4157 0.0001 1.3217
0.7873 1.1490 0.4156 0.0001 1.3221
0.7863 1.1488 0.4158 0.0001 1.3225
0.7861 1.1490 0.4152 0.0001 1.3214
0.7845 1.1455 0.4216 0.0001 1.3183
0.7843 1.1456 0.4214 0.0001 1.3187
0.7839 1.1467 0.4192 0.0001 1.3190
0.7855 1.1487 0.4158 0.0001 1.3209
0.7853 1.1484 0.4163 0.0001 1.3214
0.7852 1.1480 0.4168 0.0001 1.3195
0.7849 1.1477 0.4173 0.0001 1.3198
0.7918 1.1465 0.4203 0.0001 1.3185
0.7911 1.1454 0.4223 0.0001 1.3174
0.7903 1.1455 0.4220 0.0001 1.3178
0.7906 1.1464 0.4203 0.0001 1.3192
0.7916 1.1473 0.4189 0.0001 1.3192
0.7910 1.1436 0.4264 0.0000 1.3175
0.7909 1.1433 0.4266 0.0000 1.3178
0.7908 1.1432 0.4268 0.0000 1.3182
0.7891 1.1411 0.4300 0.0000 1.3171
0.7980 1.1488 0.4178 0.0001 1.3217
0.7968 1.1478 0.4193 0.0001 1.3213
0.7973 1.1481 0.4190 0.0001 1.3210
0.7973 1.1481 0.4188 0.0001 1.3213
0.7991 1.1510 0.4138 0.0001 1.3229
0.7980 1.1484 0.4181 0.0001 1.3205
0.7981 1.1485 0.4180 0.0001 1.3211
0.7986 1.1488 0.4174 0.0001 1.3220
0.7975 1.1483 0.4181 0.0001 1.3220
0.7988 1.1541 0.4070 0.0001 1.3274
0.7962 1.1531 0.4084 0.0001 1.3272
0.7963 1.1532 0.4081 0.0001 1.3277
0.7992 1.1528 0.4094 0.0001 1.3284
0.7986 1.1525 0.4098 0.0001 1.3289
0.7983 1.1528 0.4093 0.0001 1.3295
0.7972 1.1534 0.4079 0.0001 1.3307
0.7999 1.1548 0.4061 0.0001 1.3326
0.7990 1.1544 0.4066 0.0001 1.3332
0.7989 1.1545 0.4064 0.0001 1.3340
0.7993 1.1553 0.4050 0.0001 1.3355
0.8004 1.1578 0.4009 0.0001 1.3379
0.7995 1.1561 0.4039 0.0001 1.3367
0.8002 1.1570 0.4023 0.0001 1.3372
0.8002 1.1566 0.4033 0.0001 1.3362
0.7984 1.1556 0.4049 0.0001 1.3357
0.7986 1.1555 0.4051 0.0001 1.3353
0.7984 1.1555 0.4051 0.0001 1.3360
0.7985 1.1568 0.4028 0.0001 1.3363
0.7985 1.1569 0.4026 0.0001 1.3374
0.7996 1.1585 0.3999 0.0001 1.3397
0.8006 1.1596 0.3983 0.0001 1.3400
0.8005 1.1597 0.3981 0.0001 1.3407
0.8002 1.1591 0.3990 0.0001 1.3403
0.8002 1.1592 0.3988 0.0001 1.3407
0.8008 1.1601 0.3975 0.0002 1.3426
0.8017 1.1600 0.3979 0.0001 1.3375
0.8020 1.1611 0.3959 0.0002 1.3386
0.8021 1.1616 0.3950 0.0002 1.3392
0.8021 1.1612 0.3956 0.0002 1.3392
0.8031 1.1615 0.3952 0.0002 1.3384
0.8039 1.1632 0.3924 0.0002 1.3409
0.8080 1.1657 0.3895 0.0002 1.3423
0.8051 1.1632 0.3929 0.0002 1.3411
0.8048 1.1636 0.3916 0.0002 1.3410
0.8047 1.1640 0.3905 0.0002 1.3414
0.8040 1.1632 0.3917 0.0002 1.3412
0.8044 1.1648 0.3887 0.0002 1.3429
0.8041 1.1640 0.3901 0.0002 1.3422
0.8037 1.1637 0.3906 0.0002 1.3425
0.8026 1.1627 0.3923 0.0002 1.3421
0.8028 1.1632 0.3915 0.0002 1.3432
0.8030 1.1628 0.3924 0.0002 1.3422
0.7994 1.1600 0.3965 0.0002 1.3386
0.7994 1.1601 0.3964 0.0002 1.3386
0.7993 1.1600 0.3966 0.0002 1.3392
0.7981 1.1583 0.3994 0.0001 1.3373
0.7977 1.1583 0.3994 0.0001 1.3380
0.7975 1.1579 0.4001 0.0001 1.3377
0.7968 1.1573 0.4011 0.0001 1.3374
0.7958 1.1558 0.4035 0.0001 1.3365
0.7959 1.1523 0.4098 0.0001 1.3348
0.7968 1.1536 0.4076 0.0001 1.3354
0.7979 1.1555 0.4042 0.0001 1.3366
0.7979 1.1555 0.4042 0.0001 1.3374
0.7986 1.1576 0.4004 0.0001 1.3399
0.7961 1.1563 0.4025 0.0001 1.3385
0.7960 1.1564 0.4023 0.0001 1.3385
0.7963 1.1559 0.4031 0.0001 1.3386
0.7959 1.1555 0.4038 0.0001 1.3389
0.7922 1.1561 0.4028 0.0001 1.3374
0.7921 1.1563 0.4024 0.0001 1.3382
0.7926 1.1540 0.4067 0.0001 1.3359
0.7924 1.1552 0.4043 0.0001 1.3375
0.7932 1.1566 0.4024 0.0001 1.3386
0.7930 1.1565 0.4025 0.0001 1.3393
0.7939 1.1571 0.4010 0.0001 1.3406
0.7940 1.1577 0.4000 0.0001 1.3405
0.7952 1.1596 0.3963 0.0002 1.3424
0.7949 1.1596 0.3963 0.0002 1.3424
0.7949 1.1612 0.3931 0.0002 1.3381
0.7945 1.1590 0.3977 0.0001 1.3368
0.7944 1.1588 0.3982 0.0001 1.3371
0.7967 1.1608 0.3943 0.0002 1.3383
0.8061 1.1658 0.3850 0.0003 1.3400
0.8023 1.1626 0.3910 0.0002 1.3357
0.8022 1.1625 0.3911 0.0002 1.3352
0.8020 1.1607 0.3948 0.0002 1.3330
0.8019 1.1605 0.3951 0.0002 1.3333
0.8017 1.1605 0.3951 0.0002 1.3333
0.8020 1.1607 0.3945 0.0002 1.3341
0.8026 1.1625 0.3914 0.0002 1.3345
0.8050 1.1658 0.3849 0.0003 1.3376
0.8061 1.1671 0.3823 0.0003 1.3368
0.8059 1.1670 0.3825 0.0003 1.3372
0.8053 1.1672 0.3820 0.0003 1.3378
0.8051 1.1666 0.3832 0.0003 1.3367
0.8050 1.1666 0.3833 0.0003 1.3360
0.8054 1.1660 0.3846 0.0003 1.3350
0.8051 1.1658 0.3849 0.0003 1.3348
0.8056 1.1659 0.3847 0.0003 1.3347
0.8056 1.1656 0.3853 0.0002 1.3346
0.8049 1.1649 0.3865 0.0002 1.3342
0.8051 1.1648 0.3868 0.0002 1.3336
0.8040 1.1640 0.3881 0.0002 1.3334
0.8045 1.1648 0.3867 0.0002 1.3333
0.8048 1.1658 0.3847 0.0003 1.3341
0.8045 1.1660 0.3842 0.0003 1.3350
0.8015 1.1625 0.3915 0.0002 1.3276
0.8017 1.1628 0.3908 0.0002 1.3279
0.8011 1.1634 0.3896 0.0002 1.3286
0.8048 1.1665 0.3833 0.0003 1.3282
0.8053 1.1677 0.3810 0.0003 1.3288
0.8053 1.1677 0.3810 0.0003 1.3292
0.8058 1.1687 0.3790 0.0003 1.3303
0.8053 1.1668 0.3827 0.0003 1.3291
0.8051 1.1667 0.3828 0.0003 1.3290
0.8059 1.1674 0.3815 0.0003 1.3295
0.8059 1.1678 0.3807 0.0003 1.3304
0.8070 1.1686 0.3792 0.0003 1.3305
0.8074 1.1683 0.3799 0.0003 1.3297
0.8073 1.1691 0.3783 0.0003 1.3299
0.8068 1.1686 0.3794 0.0003 1.3284
0.8079 1.1699 0.3769 0.0003 1.3298
0.8091 1.1701 0.3768 0.0003 1.3302
0.8098 1.1658 0.3854 0.0002 1.3281
0.8105 1.1665 0.3840 0.0003 1.3294
0.8113 1.1678 0.3817 0.0003 1.3306
0.8112 1.1675 0.3822 0.0003 1.3312
0.8105 1.1674 0.3823 0.0003 1.3309
0.8107 1.1677 0.3817 0.0003 1.3311
0.8125 1.1682 0.3815 0.0003 1.3312
0.8131 1.1691 0.3799 0.0003 1.3328
0.8179 1.1703 0.3807 0.0003 1.3323
0.8173 1.1700 0.3812 0.0003 1.3326
0.8181 1.1715 0.3787 0.0003 1.3341
0.8181 1.1718 0.3782 0.0003 1.3341
0.8187 1.1719 0.3782 0.0003 1.3338
0.8191 1.1734 0.3758 0.0004 1.3348
0.8189 1.1734 0.3756 0.0004 1.3348
0.8182 1.1721 0.3779 0.0003 1.3331
0.8134 1.1715 0.3770 0.0003 1.3319
0.8134 1.1715 0.3769 0.0003 1.3321
0.8234 1.1753 0.3752 0.0004 1.3325
0.8233 1.1753 0.3751 0.0004 1.3328
0.8226 1.1748 0.3758 0.0004 1.3331
0.8228 1.1751 0.3754 0.0004 1.3330
0.8234 1.1753 0.3755 0.0004 1.3333
0.8234 1.1754 0.3755 0.0004 1.3332
0.8227 1.1748 0.3765 0.0004 1.3326
0.8227 1.1748 0.3764 0.0004 1.3327
0.8221 1.1745 0.3766 0.0004 1.3328
0.8217 1.1742 0.3770 0.0003 1.3331
0.8218 1.1746 0.3761 0.0004 1.3338
0.8216 1.1745 0.3763 0.0004 1.3339
0.8208 1.1714 0.3809 0.0003 1.3332
0.8202 1.1703 0.3826 0.0003 1.3316
0.8211 1.1698 0.3841 0.0003 1.3306
0.8186 1.1670 0.3883 0.0002 1.3280
0.8189 1.1675 0.3874 0.0002 1.3285
0.8189 1.1676 0.3869 0.0002 1.3286
0.8189 1.1678 0.3864 0.0002 1.3289
0.8190 1.1685 0.3854 0.0002 1.3298
0.8182 1.1659 0.3896 0.0002 1.3274
0.8193 1.1664 0.3891 0.0002 1.3271
0.8185 1.1664 0.3885 0.0002 1.3277
0.8190 1.1673 0.3865 0.0002 1.3290
0.8173 1.1661 0.3891 0.0002 1.3281
0.8172 1.1661 0.3891 0.0002 1.3284
0.8170 1.1659 0.3893 0.0002 1.3286
0.8172 1.1651 0.3906 0.0002 1.3280
0.8173 1.1653 0.3903 0.0002 1.3275
0.8160 1.1647 0.3909 0.0002 1.3273
0.8165 1.1645 0.3912 0.0002 1.3270
0.8179 1.1661 0.3882 0.0002 1.3285
0.8178 1.1656 0.3887 0.0002 1.3296
0.8175 1.1652 0.3896 0.0002 1.3289
0.8170 1.1659 0.3875 0.0002 1.3311
0.8180 1.1664 0.3870 0.0002 1.3310
0.8177 1.1662 0.3872 0.0002 1.3310
0.8178 1.1666 0.3866 0.0002 1.3316
0.8187 1.1678 0.3847 0.0003 1.3317
0.8187 1.1677 0.3848 0.0003 1.3318
0.8146 1.1617 0.3951 0.0002 1.3242
0.8146 1.1619 0.3949 0.0002 1.3241
0.8186 1.1637 0.3943 0.0002 1.3251
0.8193 1.1638 0.3938 0.0002 1.3262
0.8205 1.1658 0.3910 0.0002 1.3261
0.8206 1.1658 0.3901 0.0002 1.3267
0.8210 1.1661 0.3897 0.0002 1.3268
0.8210 1.1661 0.3896 0.0002 1.3271
0.8188 1.1665 0.3875 0.0002 1.3274
0.8182 1.1676 0.3856 0.0002 1.3284
0.8159 1.1658 0.3892 0.0002 1.3265
0.8160 1.1658 0.3894 0.0002 1.3260
0.8152 1.1653 0.3901 0.0002 1.3252
0.8151 1.1654 0.3900 0.0002 1.3256
0.8153 1.1657 0.3895 0.0002 1.3260
0.8142 1.1653 0.3901 0.0002 1.3252
0.8130 1.1645 0.3915 0.0002 1.3244
0.8126 1.1640 0.3921 0.0002 1.3243
0.8124 1.1641 0.3919 0.0002 1.3245
0.8126 1.1642 0.3919 0.0002 1.3248
0.8123 1.1640 0.3922 0.0002 1.3248
0.8116 1.1619 0.3957 0.0002 1.3232
0.8128 1.1618 0.3957 0.0002 1.3227
0.8123 1.1614 0.3960 0.0002 1.3228
0.8119 1.1606 0.3975 0.0002 1.3222
0.8117 1.1605 0.3973 0.0002 1.3219
0.8124 1.1619 0.3948 0.0002 1.3231
0.8125 1.1624 0.3941 0.0002 1.3234
0.8116 1.1608 0.3967 0.0002 1.3217
0.8116 1.1613 0.3956 0.0002 1.3221
0.8116 1.1612 0.3958 0.0002 1.3224
0.8119 1.1611 0.3963 0.0002 1.3215
0.8120 1.1613 0.3959 0.0002 1.3217
0.8130 1.1634 0.3924 0.0002 1.3225
0.8133 1.1632 0.3928 0.0002 1.3222
0.8131 1.1629 0.3932 0.0002 1.3220
0.8121 1.1611 0.3956 0.0002 1.3208
0.8143 1.1598 0.3985 0.0001 1.3199
0.8140 1.1600 0.3979 0.0001 1.3198
0.8138 1.1611 0.3958 0.0002 1.3201
0.8127 1.1601 0.3972 0.0002 1.3198
0.8132 1.1597 0.3983 0.0001 1.3192
0.8135 1.1595 0.3987 0.0001 1.3190
0.8132 1.1592 0.3997 0.0001 1.3192
0.8133 1.1594 0.3992 0.0001 1.3197
0.8137 1.1593 0.3992 0.0001 1.3180
0.8142 1.1588 0.4005 0.0001 1.3173
0.8148 1.1592 0.4001 0.0001 1.3172
0.8133 1.1578 0.4025 0.0001 1.3168
0.8134 1.1575 0.4032 0.0001 1.3168
0.8133 1.1575 0.4031 0.0001 1.3169
0.8140 1.1580 0.4023 0.0001 1.3169
0.8138 1.1579 0.4025 0.0001 1.3169
0.8126 1.1571 0.4041 0.0001 1.3164
0.8126 1.1570 0.4044 0.0001 1.3159
0.8133 1.1575 0.4036 0.0001 1.3162
0.8148 1.1581 0.4026 0.0001 1.3159
0.8146 1.1570 0.4045 0.0001 1.3155
0.8101 1.1548 0.4076 0.0001 1.3143
0.8123 1.1568 0.4045 0.0001 1.3157
0.8122 1.1568 0.4044 0.0001 1.3159
0.8119 1.1566 0.4045 0.0001 1.3158
0.8120 1.1567 0.4044 0.0001 1.3160
0.8117 1.1563 0.4050 0.0001 1.3164
0.8119 1.1553 0.4068 0.0001 1.3153
0.8129 1.1574 0.4026 0.0001 1.3168
0.8127 1.1573 0.4028 0.0001 1.3169
0.8126 1.1575 0.4024 0.0001 1.3171
0.8106 1.1568 0.4036 0.0001 1.3161
0.8115 1.1583 0.4010 0.0001 1.3168
0.8115 1.1584 0.4008 0.0001 1.3170
0.8112 1.1574 0.4027 0.0001 1.3160
0.8092 1.1551 0.4067 0.0001 1.3144
0.8114 1.1532 0.4119 0.0001 1.3133
0.8114 1.1540 0.4104 0.0001 1.3133
0.8110 1.1540 0.4104 0.0001 1.3133
0.8099 1.1530 0.4120 0.0001 1.3126
0.8090 1.1518 0.4142 0.0001 1.3114
0.8101 1.1530 0.4123 0.0001 1.3119
0.8094 1.1518 0.4137 0.0001 1.3114
0.8093 1.1518 0.4136 0.0001 1.3114
0.8089 1.1515 0.4141 0.0001 1.3114
0.8094 1.1517 0.4137 0.0001 1.3116
0.8092 1.1515 0.4139 0.0001 1.3117
0.8088 1.1519 0.4128 0.0001 1.3134
0.8055 1.1491 0.4173 0.0001 1.3121
0.8037 1.1460 0.4230 0.0000 1.3100
0.8070 1.1462 0.4229 0.0000 1.3108
0.8068 1.1462 0.4229 0.0000 1.3107
